1	16340522	16345285	HSPB7	HSPB7	1	1	4764	1
1	26348270	26362954	EXTL1	EXTL1	1	4765	19449	2
1	45249256	45253426	BEST4	BEST4	1	19450	23620	3
1	47489239	47516423	CYP4X1	CYP4X1	1	23621	50805	4
1	47533159	47583992	CYP4Z1	CYP4Z1	1	50806	101639	5
1	53308182	53360247	ZYG11A	ZYG11A	1	101640	153705	6
1	62660473	62678001	L1TD1	L1TD1;L1TD1	1	153706	171234	7
1	82266081	82458107	LPHN2	LPHN2	1	171235	363261	8
1	115215719	115238239	AMPD1	AMPD1;AMPD1	1	363262	385782	9
1	117686208	117753582	VTCN1	VTCN1;VTCN1;VTCN1;VTCN1;VTCN1	1	385783	453157	10
1	120254418	120286849	PHGDH	PHGDH	1	453158	485589	11
1	145727665	145764206	PDZK1	PDZK1;PDZK1;PDZK1	1	485590	522131	12
1	152486977	152488481	CRCT1	CRCT1	1	522132	523636	13
1	153516094	153518282	S100A4	S100A4;S100A4	1	523637	525825	14
1	154669941	154842754	KCNN3	KCNN3;KCNN3;KCNN3	1	525826	698639	15
1	160709076	160724601	SLAMF7	SLAMF7	1	698640	714165	16
1	160846329	160854960	ITLN1	ITLN1	1	714166	722797	17
1	203185206	203198860	CHIT1	CHIT1;CHIT1;CHIT1;CHIT1;CHIT1	1	722798	736452	18
1	203734283	203745480	LAX1	LAX1;LAX1	1	736453	747650	19
1	205882176	205912588	SLC26A9	SLC26A9;SLC26A9	1	747651	778063	20
1	209848669	209849735	G0S2	G0S2	1	778064	779130	21
1	220863627	220872499	C1orf115	C1orf115	1	779131	788003	22
1	223394160	223537544	SUSD4	SUSD4;SUSD4	1	788004	931388	23
1	240255184	240638489	FMN2	FMN2	1	931389	1314694	24
10	5566923	5568225	CALML3	CALML3	1	1314695	1315997	25
10	54074040	54077417	DKK1	DKK1	1	1315998	1319375	26
10	73818791	73848790	SPOCK2	SPOCK2;SPOCK2;SPOCK2	1	1319376	1349375	27
10	79793517	79816571	RPS24	RPS24;RPS24;RPS24;RPS24;RPS24;RPS24	1	1349376	1372430	28
10	117816441	118033126	GFRA1	GFRA1;GFRA1;GFRA1	1	1372431	1589116	29
10	118380464	118404654	PNLIPRP2	PNLIPRP2	1	1589117	1613307	30
10	134598319	134599537	NKX6-2	NKX6-2	1	1613308	1614526	31
10	135160843	135166187	PRAP1	PRAP1;PRAP1	1	1614527	1619871	32
11	19203576	19232118	CSRP3	CSRP3	1	1619872	1648414	33
11	45261852	45307884	SYT13	SYT13;SYT13	1	1648415	1694447	34
11	46402333	46405387	MDK	MDK;MDK;MDK;MDK;MDK;MDK;MDK	1	1694448	1697502	35
11	74165885	74178600	KCNE3	KCNE3	1	1697503	1710218	36
11	86656716	86666440	FZD4	FZD4	1	1710219	1719943	37
11	89530822	89541743	TRIM49	TRIM49	1	1719944	1730865	38
11	102641232	102651359	MMP10	MMP10	1	1730866	1740993	39
11	111222980	111250157	POU2AF1	POU2AF1	1	1740994	1768171	40
11	111411232	111432470	LAYN	LAYN;LAYN;LAYN	1	1768172	1789410	41
11	113845796	113861034	HTR3A	HTR3A;HTR3A;HTR3A;HTR3A	1	1789411	1804649	42
12	20522178	20837041	PDE3A	PDE3A;PDE3A	1	1804650	2119513	43
12	29653745	29937692	TMTC1	TMTC1;TMTC1	1	2119514	2403461	44
12	50355278	50359465	AQP5	AQP5	1	2403462	2407649	45
12	50366619	50370922	AQP6	AQP6	1	2407650	2411953	46
12	54685890	54694821	NFE2	NFE2;NFE2;NFE2	1	2411954	2420885	47
12	71833812	71978621	LGR5	LGR5	1	2420886	2565695	48
12	113376248	113411054	OAS3	OAS3	1	2565696	2600502	49
12	132312940	132336316	MMP17	MMP17	1	2600503	2623879	50
13	25946208	26595420	ATP8A2	ATP8A2	1	2623880	3273092	51
13	107142078	107187388	EFNB2	EFNB2	1	3273093	3318403	52
14	21467413	21470034	SLC39A2	SLC39A2;SLC39A2	1	3318404	3321025	53
14	21484921	21493935	NDRG2	NDRG2;NDRG2;NDRG2;NDRG2;NDRG2;NDRG2;NDRG2;NDRG2	1	3321026	3330040	54
14	25281305	25519095	STXBP6	STXBP6	1	3330041	3567831	55
14	33408458	34273382	NPAS3	NPAS3;NPAS3;NPAS3;NPAS3	1	3567832	4432756	56
15	33603176	34158303	RYR3	RYR3;RYR3	1	4432757	4987884	57
15	41795839	41806085	LTK	LTK;LTK;LTK	1	4987885	4998131	58
15	76234327	76304785	NRG4	NRG4	1	4998132	5068590	59
15	77336359	77363570	TSPAN3	TSPAN3;TSPAN3;TSPAN3	1	5068591	5095802	60
15	77905368	77924709	LINGO1	LINGO1	1	5095803	5115144	61
15	80696691	80890277	ARNT2	ARNT2	1	5115145	5308731	62
15	89182038	89198879	ISG20	ISG20	1	5308732	5325573	63
16	765172	767480	METRN	METRN	1	5325574	5327882	64
16	12058963	12061925	TNFRSF17	TNFRSF17	1	5327883	5330845	65
16	28510682	28518155	IL27	IL27	1	5330846	5338319	66
16	29912146	29917377	ASPHD1	ASPHD1	1	5338320	5343551	67
16	31150246	31161415	PRSS36	PRSS36;PRSS36;PRSS36	1	5343552	5354721	68
16	46918307	46965201	GPT2	GPT2;GPT2	1	5354722	5401616	69
16	67465035	67471454	HSD11B2	HSD11B2	1	5401617	5408036	70
17	37783176	37792878	PPP1R1B	PPP1R1B;PPP1R1B;PPP1R1B	1	5408037	5417739	71
17	39017429	39023462	KRT12	KRT12	1	5417740	5423773	72
17	40932648	40949084	WNK4	WNK4	1	5423774	5440210	73
17	68071365	68131746	KCNJ16	KCNJ16;KCNJ16;KCNJ16	1	5440211	5500592	74
17	74620844	74639894	ST6GALNAC1	ST6GALNAC1	1	5500593	5519643	75
18	11981426	12030885	IMPA2	IMPA2	1	5519644	5569103	76
18	24034873	24237365	KCTD1	KCTD1;KCTD1;KCTD1;KCTD1;KCTD1	1	5569104	5771596	77
18	47088426	47119278	LIPG	LIPG	1	5771597	5802449	78
18	52495707	52562747	RAB27B	RAB27B	1	5802450	5869490	79
18	72201691	72252261	CNDP1	CNDP1	1	5869491	5920061	80
19	1026297	1039064	CNN2	CNN2;CNN2	1	5920062	5932829	81
19	2997635	3047633	TLE2	TLE2;TLE2;TLE2	1	5932830	5982828	82
19	3777966	3801810	MATK	MATK;MATK;MATK	1	5982829	6006673	83
19	5690271	5691678	RPL36	RPL36;RPL36	1	6006674	6008081	84
19	6426047	6433790	SLC25A41	SLC25A41	1	6008082	6015825	85
19	8386383	8387280	RPS28	RPS28	1	6015826	6016723	86
19	10400654	10407454	ICAM5	ICAM5	1	6016724	6023524	87
19	49055428	49102684	SULT2B1	SULT2B1;SULT2B1	1	6023525	6070781	88
19	54926604	54947899	TTYH1	TTYH1;TTYH1;TTYH1	1	6070782	6092077	89
2	24272583	24286550	FKBP1B	FKBP1B;FKBP1B	1	6092078	6106045	90
2	30945637	31030311	CAPN13	CAPN13	1	6106046	6190720	91
2	108905094	108926371	SULT1C2	SULT1C2;SULT1C2	1	6190721	6211998	92
2	136871918	136875725	CXCR4	CXCR4;CXCR4	1	6211999	6215806	93
2	159651828	159672496	DAPL1	DAPL1	1	6215807	6236475	94
2	172378756	172414643	CYBRD1	CYBRD1;CYBRD1;CYBRD1	1	6236476	6272363	95
2	189598464	189654831	DIRC1	DIRC1	1	6272364	6328731	96
2	217536827	217560272	IGFBP5	IGFBP5	1	6328732	6352177	97
2	237478379	237490994	CXCR7	CXCR7	1	6352178	6364793	98
20	584636	590910	TCF15	TCF15	1	6364794	6371068	99
20	3208062	3219887	SLC4A11	SLC4A11;SLC4A11;SLC4A11	1	6371069	6382894	100
20	17474549	17539605	BFSP1	BFSP1;BFSP1	1	6382895	6447951	101
20	22561641	22566101	FOXA2	FOXA2;FOXA2	1	6447952	6452412	102
20	23545369	23549386	CST9L	CST9L	1	6452413	6456430	103
20	47988504	48099181	KCNB1	KCNB1	1	6456431	6567108	104
20	56136136	56141513	PCK1	PCK1	1	6567109	6572486	105
20	59827481	60515673	CDH4	CDH4;CDH4;CDH4	1	6572487	7260679	106
20	62119364	62130668	EEF1A2	EEF1A2	1	7260680	7271984	107
21	15588465	15600693	RBM11	RBM11	1	7271985	7284213	108
22	18632757	18660162	USP18	USP18	1	7284214	7311619	109
22	20105023	20114704	RANBP1	RANBP1	1	7311620	7321301	110
22	21996541	21998588	SDF2L1	SDF2L1	1	7321302	7323349	111
22	29190547	29196560	XBP1	XBP1;XBP1	1	7323350	7329363	112
22	32439018	32509011	SLC5A1	SLC5A1;SLC5A1	1	7329364	7399357	113
3	8792094	8811300	OXTR	OXTR	1	7399358	7418564	114
3	68780914	68981761	FAM19A4	FAM19A4;FAM19A4	1	7418565	7619412	115
3	115342150	115440334	GAP43	GAP43;GAP43	1	7619413	7717597	116
3	115521209	116164385	LSAMP	LSAMP	1	7717598	8360774	117
3	116428634	116435887	LSAMP	LSAMP-AS3	1	8360775	8368028	118
3	133118789	133194056	BFSP2	BFSP2	1	8368029	8443296	119
3	160394947	160396235	ARL14	ARL14	1	8443297	8444585	120
3	160801670	160823160	B3GALNT1	B3GALNT1;B3GALNT1;B3GALNT1;B3GALNT1;B3GALNT1	1	8444586	8466076	121
3	165490691	165555253	BCHE	BCHE	1	8466077	8530639	122
3	173116243	174001116	NLGN1	NLGN1	1	8530640	9415513	123
3	184279586	184300196	EPHB3	EPHB3	1	9415514	9436124	124
3	184428154	184429836	MAGEF1	MAGEF1	1	9436125	9437807	125
3	193853930	193856401	HES1	HES1	1	9437808	9440279	126
4	15779930	15850706	CD38	CD38	1	9440280	9511056	127
4	15937192	15940363	FGFBP1	FGFBP1	1	9511057	9514228	128
4	75310852	75320726	AREG	AREG	1	9514229	9524103	129
4	75480628	75490485	AREG	AREG	1	9524104	9533961	130
4	142557748	142655140	IL15	IL15;IL15;IL15	1	9533962	9631354	131
4	177105724	177116822	SPATA4	SPATA4	1	9631355	9642453	132
5	32710742	32791830	NPR3	NPR3;NPR3;NPR3	1	9642454	9723542	133
5	36606456	36688436	SLC1A3	SLC1A3;SLC1A3;SLC1A3	1	9723543	9805523	134
5	43287571	43313614	HMGCS1	HMGCS1;HMGCS1	1	9805524	9831567	135
5	54273694	54281414	ESM1	ESM1;ESM1	1	9831568	9839288	136
5	75379304	75621416	SV2C	SV2C	1	9839289	10081401	137
5	128301209	128369335	SLC27A6	SLC27A6;SLC27A6	1	10081402	10149528	138
5	170210722	170241050	GABRP	GABRP	1	10149529	10179857	139
5	180017104	180018487	SCGB3A1	SCGB3A1	1	10179858	10181241	140
5	180467224	180488523	BTNL9	BTNL9	1	10181242	10202541	141
6	26055967	26056699	HIST1H1C	HIST1H1C	1	10202542	10203274	142
6	31132113	31138451	POU5F1	POU5F1;POU5F1;POU5F1	1	10203275	10209613	143
6	41157551	41168925	TREML2	TREML2	1	10209614	10220988	144
6	76017799	76203496	FILIP1	FILIP1	1	10220989	10406686	145
6	114376749	114384041	HS3ST5	HS3ST5	1	10406687	10413979	146
6	151561133	151679694	AKAP12	AKAP12;AKAP12	1	10413980	10532541	147
6	160221300	160241735	PNLDC1	PNLDC1	1	10532542	10552977	148
6_cox_hap2	2646866	2653222	POU5F1	POU5F1;POU5F1;POU5F1	1	10552978	10559334	149
6_dbb_hap3	2429237	2435593	POU5F1	POU5F1;POU5F1;POU5F1	1	10559335	10565691	150
6_mann_hap4	2480457	2486814	POU5F1	POU5F1;POU5F1;POU5F1	1	10565692	10572049	151
6_mcf_hap5	2514036	2520393	POU5F1	POU5F1;POU5F1;POU5F1	1	10572050	10578407	152
6_qbl_hap6	2427965	2434320	POU5F1	POU5F1;POU5F1;POU5F1	1	10578408	10584763	153
6_ssto_hap7	2467050	2473404	POU5F1	POU5F1;POU5F1;POU5F1	1	10584764	10591118	154
7	16832263	16844738	AGR2	AGR2	1	10591119	10603594	155
7	24323806	24331484	NPY	NPY	1	10603595	10611273	156
7	28338939	28865511	CREB5	CREB5;CREB5;CREB5;CREB5	1	10611274	11137846	157
7	142568959	142583490	TRPV6	TRPV6	1	11137847	11152378	158
7	150549564	150558379	ABP1	ABP1;ABP1	1	11152379	11161194	159
7	150642043	150675402	KCNH2	KCNH2;KCNH2;KCNH2;KCNH2	1	11161195	11194554	160
8	97154557	97173020	GDF6	GDF6	1	11194555	11213018	161
9	976967	991732	DMRT3	DMRT3	1	11213019	11227784	162
9	5784571	5833081	ERMP1	ERMP1	1	11227785	11276295	163
9	14081841	14398982	NFIB	NFIB;NFIB;NFIB	1	11276296	11593437	164
9	80912058	80945009	PSAT1	PSAT1;PSAT1	1	11593438	11626389	165
X	38420730	38548172	TSPAN7	TSPAN7	1	11626390	11753832	166
X	73952690	74145287	KIAA2022	KIAA2022	1	11753833	11946430	167
X	75002822	75005079	MAGEE2	MAGEE2	1	11946431	11948688	168
X	92929011	92967273	FAM133A	FAM133A;FAM133A;FAM133A;FAM133A	1	11948689	11986951	169
X	152157367	152162671	PNMA5	PNMA5;PNMA5;PNMA5;PNMA5	1	11986952	11992256	170
Y	2709622	2734997	RPS4Y1	RPS4Y1	1	11992257	12017632	171
