""	"phen"	"cg06830064"	"cg08165221"	"cg08432727"	"cg08526991"	"cg11716272"	"cg12312988"	"cg14776201"	"cg15989068"	"cg16330247"	"cg18863333"	"cg18897632"	"cg19958021"	"cg20008332"	"cg20401252"	"cg20927661"	"cg26659079"
"jhu-usc.edu_ESCA.HumanMethylation450.9.lvl-3.TCGA-JY-A93C-01A-11D-A388-05.gdc_hg38.txt"	1	0.727159956939534	0.620291473469208	0.82026160059793	0.881410103788042	0.646525769947697	0.417208702584359	0.857543913465263	0.670368221443884	0.725823929744788	0.508483696688419	0.878667157845058	0.694951156314035	0.63613538363111	0.753247814061071	0.840382596812574	0.761370449196028
"jhu-usc.edu_ESCA.HumanMethylation450.10.lvl-3.TCGA-VR-A8ET-01A-11D-A409-05.gdc_hg38.txt"	1	0.825317877315943	0.305420440631679	0.325903402811973	0.529305770662961	0.265735146497796	0.0478036937972549	0.350046323198882	0.407970952380617	0.329268653506015	0.10255970152226	0.534126013610391	0.677198100963013	0.211326101455867	0.276305776991108	0.453027295292354	0.357396634826383
"jhu-usc.edu_ESCA.HumanMethylation450.7.lvl-3.TCGA-L5-A8NQ-01A-11D-A36K-05.gdc_hg38.txt"	1	0.81371174620733	0.330356826048504	0.381198096966421	0.531216425635369	0.372168758814832	0.0552781911261314	0.13972461180684	0.426533085836312	0.326400059435581	0.120947566410775	0.1886456941452	0.630454254774469	0.205972417765183	0.355654781707849	0.490378384798569	0.351725684467722
"jhu-usc.edu_ESCA.HumanMethylation450.4.lvl-3.TCGA-S8-A6BV-01A-21D-A31V-05.gdc_hg38.txt"	1	0.665924038074504	0.443628754883871	0.53846018262278	0.756125870886387	0.482401882222826	0.0906825665250065	0.653462185428879	0.484262810045505	0.582509925276572	0.292046512151972	0.731628753273236	0.787254083644156	0.449923134366646	0.536804688626796	0.670285488007515	0.499978673121278
"jhu-usc.edu_ESCA.HumanMethylation450.1.lvl-3.TCGA-L5-A43C-11A-11D-A249-05.gdc_hg38.txt"	0	0.926143212826036	0.170449309728287	0.210041966503599	0.346026899698042	0.163428499708827	0.0621838178972443	0.0982265221014325	0.285291481261658	0.422575194681734	0.0614648946563231	0.218930259327534	0.830044532843676	0.0939251142391854	0.198346468766974	0.23530442327134	0.256371136282872
"jhu-usc.edu_ESCA.HumanMethylation450.8.lvl-3.TCGA-2H-A9GJ-01A-11D-A37D-05.gdc_hg38.txt"	1	0.2615262995162	0.614538951776265	0.708181903476716	0.911871927520059	0.679490810649418	0.0755562767865791	0.306948947344709	0.629414934660217	0.393664239019784	0.570646037711152	0.751183924662651	0.291293491244105	0.657887854230786	0.490801635722304	0.863952891524463	0.725597336190022
"jhu-usc.edu_ESCA.HumanMethylation450.2.lvl-3.TCGA-L5-A4OF-11A-12D-A265-05.gdc_hg38.txt"	0	0.917721388364111	0.0698316444530924	0.0843606689204213	0.182083017305852	0.0706306501282477	0.0391704529458981	0.0459383143459931	0.152811408969121	0.362739517985562	0.0321416567861834	0.0422802453067249	0.802938063032512	0.0222418098621514	0.0995764587997197	0.0224835850935158	0.157853019399153
"jhu-usc.edu_ESCA.HumanMethylation450.8.lvl-3.TCGA-JY-A93E-01A-11D-A37D-05.gdc_hg38.txt"	1	0.788564553708983	0.466013008667603	0.50205899152268	0.757636327314647	0.515558404550117	0.507323493146476	0.735196165496445	0.483902291821576	0.592379538138548	0.293870864151723	0.751662365825724	0.883284406231102	0.377435847675242	0.544484415075076	0.71005750959693	0.510540869507363
"jhu-usc.edu_ESCA.HumanMethylation450.8.lvl-3.TCGA-Z6-A8JE-01A-11D-A37D-05.gdc_hg38.txt"	1	0.547871064314408	0.49728794622974	0.615205503524798	0.796264716020043	0.547493778663697	0.0596692491802821	0.63494916017109	0.489451405086056	0.570707368063702	0.349131873081332	0.788461933509605	0.738446234579275	0.479032828876857	0.510412545773614	0.728647434968867	0.549126562383575
"jhu-usc.edu_ESCA.HumanMethylation450.2.lvl-3.TCGA-L5-A4OI-01A-11D-A265-05.gdc_hg38.txt"	1	0.677886614216375	0.54771625535894	0.567739083181902	0.873348721846169	0.618934462057121	0.595426757590613	0.82985657879811	0.559487302857867	0.73727113817163	0.383575032589704	0.805286208333953	0.87468339417028	0.485813855539795	0.550461461374901	0.787592991866088	0.612774392300939
"jhu-usc.edu_ESCA.HumanMethylation450.1.lvl-3.TCGA-L5-A43M-01A-11D-A249-05.gdc_hg38.txt"	1	0.950713778980416	0.299774438121261	0.207168283910231	0.605152771232056	0.423067878197271	0.0717091358195772	0.112528229164129	0.479204137459374	0.598813299904629	0.309550259435545	0.392590998511787	0.832690987443506	0.43892457413973	0.451367041956473	0.689300457465752	0.476158245032865
"jhu-usc.edu_ESCA.HumanMethylation450.5.lvl-3.TCGA-R6-A6Y2-01B-11D-A33F-05.gdc_hg38.txt"	1	0.533649060712434	0.469833362667708	0.470750790732301	0.728255738491749	0.544800407969855	0.426854271671645	0.595528802318616	0.53420309934939	0.270350270425545	0.315824650168863	0.719511327962706	0.415794365726516	0.374986486236801	0.299886272369582	0.716854864052952	0.558194363879013
"jhu-usc.edu_ESCA.HumanMethylation450.8.lvl-3.TCGA-JY-A93F-01A-21D-A37D-05.gdc_hg38.txt"	1	0.525817024878102	0.435518179777641	0.530346056241571	0.807620057038431	0.588409110002866	0.0811299331175231	0.784441167945981	0.511909186895132	0.524207207581625	0.315082028358296	0.790946738520454	0.457135445692656	0.463709265144802	0.243093625254044	0.766735266557064	0.553828359864057
"jhu-usc.edu_ESCA.HumanMethylation450.9.lvl-3.TCGA-JY-A93D-01A-11D-A388-05.gdc_hg38.txt"	1	0.731136577897523	0.3916237431479	0.500870474749429	0.587663429517173	0.40442651275353	0.0609131120775728	0.452531097373729	0.44786880989606	0.45194335440353	0.160502931982622	0.642638573018591	0.779610432693691	0.368429142164605	0.326221541046909	0.53461176444596	0.473368902272249
"jhu-usc.edu_ESCA.HumanMethylation450.1.lvl-3.TCGA-L5-A43C-01A-11D-A249-05.gdc_hg38.txt"	1	0.681243819389345	0.402886592823494	0.415438537156911	0.645521058998115	0.420117237207306	0.213808437502442	0.553573179723093	0.451988697574784	0.355869802377154	0.279301340995127	0.684736101160906	0.581280821211274	0.3590979651772	0.306564588642133	0.64042054808776	0.471211411591469
"jhu-usc.edu_ESCA.HumanMethylation450.8.lvl-3.TCGA-2H-A9GO-01A-11D-A37D-05.gdc_hg38.txt"	1	0.651469156897451	0.34326783876713	0.472987005174056	0.64258390550492	0.313990635036749	0.0558647845374144	0.058966570112797	0.434418463515059	0.113836400685128	0.347685314724722	0.222485603510539	0.436578546854604	0.280727073586906	0.0793116261403328	0.611310934344518	0.410681327775049
"jhu-usc.edu_ESCA.HumanMethylation450.9.lvl-3.TCGA-IG-A97H-01A-11D-A388-05.gdc_hg38.txt"	1	0.875400420558963	0.0521164278256998	0.0524653738275291	0.160265459007	0.173962051076648	0.0520547004242744	0.0820291421372546	0.149264473706353	0.531287605049263	0.0216170605509276	0.0443660594661016	0.864812211324352	0.0237214897900776	0.462614336831996	0.0286836525041605	0.117919278721217
"jhu-usc.edu_ESCA.HumanMethylation450.8.lvl-3.TCGA-L5-A8NS-01A-12D-A37D-05.gdc_hg38.txt"	1	0.620324571911516	0.465206492051173	0.512878613280407	0.656385300963611	0.519461179751942	0.394854502587906	0.666138127244348	0.508122629094847	0.552421911295691	0.279506489040134	0.698837233517044	0.807087055134427	0.278978935573413	0.560525013967385	0.559647059738243	0.543728673497088
"jhu-usc.edu_ESCA.HumanMethylation450.8.lvl-3.TCGA-VR-AA4G-01A-11D-A37D-05.gdc_hg38.txt"	1	0.805681900983708	0.395892440739346	0.442177514988589	0.708569499300065	0.0750510127452555	0.345780651147321	0.163466883658872	0.170475409037183	0.434061827638746	0.265965633253678	0.465055612324307	0.589681288311606	0.393126135096135	0.434761323014689	0.0312366768495983	0.36205805122524
"jhu-usc.edu_ESCA.HumanMethylation450.5.lvl-3.TCGA-R6-A6L6-01B-11D-A33F-05.gdc_hg38.txt"	1	0.78761101946875	0.389129143565593	0.341025630215765	0.598741235576362	0.452838418576722	0.142862850418479	0.597295343143514	0.461691578704912	0.401310537344955	0.205976009400965	0.647069055629449	0.603561550967309	0.223198988975117	0.351828368446098	0.55332460513741	0.426855314621738
"jhu-usc.edu_ESCA.HumanMethylation450.7.lvl-3.TCGA-L5-A893-01A-11D-A36K-05.gdc_hg38.txt"	1	0.77520152496832	0.483143813827548	0.562833631149619	0.814498636023035	0.583223234728784	0.150518237456627	0.779170780241511	0.530558673196474	0.659746592743248	0.329944416640564	0.736278009942042	0.845801164442791	0.424713549415098	0.568121026570338	0.731008835873253	0.541083168690117
"jhu-usc.edu_ESCA.HumanMethylation450.3.lvl-3.TCGA-IG-A5S3-01A-11D-A28C-05.gdc_hg38.txt"	1	0.874809400226354	0.520218671775858	0.419197754116008	0.649678716819442	0.46802790576913	0.414465789378382	0.616323761535669	0.481907962188404	0.148242103424271	0.466818765543097	0.660437153262239	0.837114840983158	0.570880905589253	0.613176009927277	0.636303313882829	0.487370385415971
"jhu-usc.edu_ESCA.HumanMethylation450.2.lvl-3.TCGA-L5-A4OP-01A-11D-A265-05.gdc_hg38.txt"	1	0.738958730199014	0.503299350431632	0.505345691063494	0.823800117857931	0.559895851181314	0.0745696063579902	0.66316797337563	0.526402304200017	0.642088418789281	0.426741798623982	0.786280726044922	0.773221849083171	0.525173143455025	0.563412490977711	0.806022185830562	0.625206565804794
"jhu-usc.edu_ESCA.HumanMethylation450.2.lvl-3.TCGA-L5-A4OI-11A-11D-A265-05.gdc_hg38.txt"	0	0.935568006153796	0.13003810103007	0.105695028642963	0.240776817289757	0.105961416241312	0.0422793301724048	0.0552585073818633	0.210680868505324	0.402684721434137	0.0313420748186346	0.0901631812184323	0.857432690829566	0.0694981770874065	0.12371361705534	0.0488995994747938	0.181912819980052
"jhu-usc.edu_ESCA.HumanMethylation450.8.lvl-3.TCGA-L5-A8NG-01A-11D-A37D-05.gdc_hg38.txt"	1	0.779295904439282	0.376481159057463	0.444833397966089	0.717490157100493	0.43878504551391	0.298867545182477	0.631844850298234	0.427145033451414	0.522466665409535	0.238352866222505	0.676360513309871	0.720912433143482	0.370577313839066	0.449494601471489	0.605102455381083	0.466449617262895
"jhu-usc.edu_ESCA.HumanMethylation450.5.lvl-3.TCGA-LN-A7HX-01A-11D-A33F-05.gdc_hg38.txt"	1	0.456814284703195	0.495306590800001	0.0694326094990929	0.530693671498359	0.294820985260558	0.0592026322301111	0.0662621760989831	0.427230134416247	0.217926285600234	0.446508620377329	0.047346184417866	0.288449877359333	0.425142396466712	0.331824710870969	0.456964215346685	0.126119988318605
"jhu-usc.edu_ESCA.HumanMethylation450.8.lvl-3.TCGA-R6-A8W8-01B-11D-A37D-05.gdc_hg38.txt"	1	0.384304000077058	0.567583248108333	0.678252485097322	0.860476811028147	0.666179990351821	0.725602606146171	0.578410524896917	0.566166103801384	0.726942012329998	0.345966114483958	0.790740393819314	0.881313154331408	0.494877799975997	0.411432896282908	0.777390644839996	0.658353039236417
"jhu-usc.edu_ESCA.HumanMethylation450.7.lvl-3.TCGA-VR-A8ER-01A-11D-A36K-05.gdc_hg38.txt"	1	0.877707823318722	0.546441136171033	0.489205868026401	0.807927270187812	0.108750488117624	0.468798682368538	0.0789915601603927	0.222710861013289	0.474350532763576	0.431409589027416	0.0550455090153044	0.720310348005588	0.445473298077426	0.558001061448794	0.058428168698645	0.184318467959726
"jhu-usc.edu_ESCA.HumanMethylation450.7.lvl-3.TCGA-VR-A8EZ-01A-11D-A36K-05.gdc_hg38.txt"	1	0.582159919261654	0.352506821718532	0.117679036347425	0.245708134820898	0.442739374996333	0.0529682616218947	0.301579938318762	0.487719909962674	0.502948743752822	0.347078853609461	0.151985933613179	0.663518309488808	0.440919710834931	0.434943089373856	0.535473006808388	0.438289646988211
"jhu-usc.edu_ESCA.HumanMethylation450.2.lvl-3.TCGA-LN-A4A8-01A-32D-A265-05.gdc_hg38.txt"	1	0.747488830088312	0.35814530314863	0.1171857797385	0.223332461572774	0.0919445311656924	0.0348382267797168	0.0472237749749835	0.181576921688061	0.541188900389935	0.455249487297112	0.0409022530523078	0.538129688211362	0.487897158522409	0.30632902622369	0.0393712734804716	0.135201460984885
"jhu-usc.edu_ESCA.HumanMethylation450.7.lvl-3.TCGA-VR-A8EY-01A-11D-A36K-05.gdc_hg38.txt"	1	0.339083186920435	0.486932836166752	0.71950110073254	0.876459165034126	0.614220203813929	0.0684735973654279	0.278616653132967	0.649800379950511	0.43769134712228	0.577920029777535	0.678493320763534	0.416433752803005	0.564344765757232	0.411884803379749	0.849344678569845	0.602242470277404
"jhu-usc.edu_ESCA.HumanMethylation450.1.lvl-3.TCGA-LN-A49R-01A-11D-A249-05.gdc_hg38.txt"	1	0.284432451860813	0.222273020183162	0.260621827338324	0.458391276989485	0.472629924414016	0.0813491233623867	0.151193320028599	0.296061089556608	0.104610180086601	0.306378299148506	0.280335953407239	0.197562819456468	0.400630951869614	0.361891110569705	0.647243523544996	0.369165022700448
"jhu-usc.edu_ESCA.HumanMethylation450.6.lvl-3.TCGA-LN-A7HZ-01A-31D-A357-05.gdc_hg38.txt"	1	0.594266042176914	0.485613463564599	0.458958025948786	0.785780835275271	0.461705213499019	0.0573357585440037	0.544483601890383	0.453448837706483	0.481079150133268	0.164987448970348	0.618878660780381	0.556205965975949	0.213202472389901	0.506236045695092	0.504089270466779	0.455227772321869
"jhu-usc.edu_ESCA.HumanMethylation450.2.lvl-3.TCGA-IG-A4QS-01A-11D-A265-05.gdc_hg38.txt"	1	0.310019509122228	0.578437192949331	0.632176175634994	0.84739470390355	0.65181908077176	0.427967987968463	0.618940924700261	0.577503433197422	0.610834149831381	0.50620329391313	0.788072407180089	0.459236976172442	0.556228757344209	0.372437698865846	0.80351904632996	0.653644889883669
"jhu-usc.edu_ESCA.HumanMethylation450.2.lvl-3.TCGA-L5-A4OH-11A-11D-A265-05.gdc_hg38.txt"	0	0.910854619475885	0.119545815983197	0.0909456047642717	0.21159779942001	0.0997187017101632	0.0468676588594636	0.0549763093061956	0.222254878064521	0.334479412129169	0.023120695629116	0.0390183692330133	0.866955428938249	0.0241856972397883	0.0855060078944488	0.0321970693478332	0.183554439399175
"jhu-usc.edu_ESCA.HumanMethylation450.2.lvl-3.TCGA-LN-A4A1-01A-21D-A265-05.gdc_hg38.txt"	1	0.514501052289789	0.315940489816255	0.35853326166393	0.714879573867674	0.275069880377084	0.0406418236960817	0.0503388383591082	0.452663763940422	0.296711650859657	0.38781805823654	0.0495397961786068	0.321066862473786	0.503420762605216	0.363519578626357	0.485244788741249	0.386800657071288
"jhu-usc.edu_ESCA.HumanMethylation450.6.lvl-3.TCGA-L5-A88Y-01A-11D-A357-05.gdc_hg38.txt"	1	0.492408548129689	0.423476427665464	0.44792471058587	0.67189645905102	0.448974720378243	0.0604539265791814	0.569559197373695	0.513402020420621	0.5354645628015	0.23791489356798	0.673674237023655	0.685642610061211	0.263360674353995	0.443114295097739	0.578155768109162	0.487103347546763
"jhu-usc.edu_ESCA.HumanMethylation450.8.lvl-3.TCGA-2H-A9GM-01A-11D-A37D-05.gdc_hg38.txt"	1	0.5126995107322	0.506939166837037	0.537722144724987	0.855551999358832	0.582104977077233	0.28410044425436	0.234138418166186	0.491204835958132	0.357060222152298	0.361333358613019	0.65960285150963	0.457206245563033	0.482947436576223	0.484675438057853	0.779199983006258	0.574825771703176
"jhu-usc.edu_ESCA.HumanMethylation450.3.lvl-3.TCGA-IG-A5B8-01A-11D-A28C-05.gdc_hg38.txt"	1	0.902393638337428	0.230252261419963	0.0812638564803223	0.491893364198353	0.0719790162009725	0.0454110359498893	0.0461497580569774	0.0974469189020018	0.112941798632199	0.258276670209593	0.0360824926287037	0.625250506783365	0.234569900148532	0.280558668478596	0.0271396436925258	0.127709795195724
"jhu-usc.edu_ESCA.HumanMethylation450.10.lvl-3.TCGA-V5-A7RC-01B-11D-A409-05.gdc_hg38.txt"	1	0.823925722129293	0.0691806695269661	0.0428778571708664	0.144873553240285	0.309890435383022	0.0349111649623042	0.263361672093778	0.337222264455215	0.232393754184629	0.0173187505464958	0.425039447051469	0.860570514970305	0.0160106423878129	0.21247381564027	0.34850339231181	0.26504683426559
"jhu-usc.edu_ESCA.HumanMethylation450.2.lvl-3.TCGA-LN-A49X-01A-31D-A265-05.gdc_hg38.txt"	1	0.785432820455768	0.330104167093878	0.350345680151981	0.542671864981133	0.359165649091502	0.0479512610058717	0.112127069899604	0.434223784220411	0.150359615697145	0.156467599132949	0.41900055151207	0.662399117247591	0.235845111656651	0.308628665682097	0.524267007808273	0.387452786677731
"jhu-usc.edu_ESCA.HumanMethylation450.9.lvl-3.TCGA-V5-AASX-11A-11D-A388-05.gdc_hg38.txt"	0	0.289053048782778	0.637988757675902	0.722086987881383	0.90787658860683	0.77669064855903	0.490424785032561	0.882282950267325	0.631746230344369	0.841262863714424	0.56827814211818	0.904360447874187	0.886784921871674	0.616712825531355	0.73743466877051	0.917277082219807	0.753011722139155
"jhu-usc.edu_ESCA.HumanMethylation450.5.lvl-3.TCGA-IG-A7DP-01A-31D-A33F-05.gdc_hg38.txt"	1	0.841479610745518	0.264229626831415	0.312948397286819	0.513434457726498	0.255743607219307	0.118879451400007	0.259403058277068	0.385195090258377	0.281952167281243	0.136240154106057	0.472429460727803	0.715469202963473	0.216333185373659	0.251365029373121	0.364545511710278	0.325840414459583
"jhu-usc.edu_ESCA.HumanMethylation450.8.lvl-3.TCGA-R6-A8WC-01A-11D-A37D-05.gdc_hg38.txt"	1	0.155136381790007	0.722476560128146	0.803176096707972	0.952668447804149	0.759475562828635	0.0938473937998776	0.859294007148208	0.685427221294015	0.853247373892376	0.72710912352759	0.938579280707121	0.593443547135773	0.786217622939436	0.803231529004694	0.936645065495695	0.809164206412863
"jhu-usc.edu_ESCA.HumanMethylation450.3.lvl-3.TCGA-LN-A5U6-01A-11D-A28C-05.gdc_hg38.txt"	1	0.806840446954754	0.537039246073905	0.037629305995715	0.196446321155866	0.283158775568403	0.055082757580672	0.38609891226097	0.386831233288373	0.722175480704196	0.374075280329098	0.549569819886521	0.859496252469639	0.489921176359216	0.566609817141107	0.401066513671856	0.323433558509456
"jhu-usc.edu_ESCA.HumanMethylation450.5.lvl-3.TCGA-JY-A6FH-01A-11D-A33F-05.gdc_hg38.txt"	1	0.274941594413676	0.638238485311644	0.711352935051026	0.796431876092419	0.61112246339387	0.0488678845068924	0.397760088678381	0.677882364716333	0.382692278767001	0.616267468905127	0.688098149413728	0.417546711440497	0.631043450921187	0.25489400726167	0.870414034724501	0.704732523136381
"jhu-usc.edu_ESCA.HumanMethylation450.2.lvl-3.TCGA-L5-A4OJ-11A-12D-A265-05.gdc_hg38.txt"	0	0.911931224970616	0.102221269560802	0.101672361043342	0.220875263801645	0.0998281122493591	0.057541668264408	0.0378184473342915	0.182717398380503	0.335535647628163	0.0324412689352938	0.04901294918566	0.897402263637112	0.0361045903301956	0.106727759448339	0.0450156218696233	0.171532112101749
"jhu-usc.edu_ESCA.HumanMethylation450.8.lvl-3.TCGA-L5-A8NT-01A-11D-A37D-05.gdc_hg38.txt"	1	0.523839653306641	0.447657374724326	0.553778908454934	0.760279854489025	0.536785847884036	0.312938606808553	0.589211276577186	0.500212486424132	0.429511983997775	0.299602248090825	0.733467381781228	0.424796851890031	0.411651864560649	0.433203439861023	0.706157122787333	0.536257449134499
"jhu-usc.edu_ESCA.HumanMethylation450.2.lvl-3.TCGA-L5-A4OG-01A-11D-A265-05.gdc_hg38.txt"	1	0.660392201014551	0.443453980514953	0.433172027486814	0.704597062780302	0.471051924608662	0.353877883079071	0.610318629624962	0.492677154434526	0.538122045245032	0.247762030204454	0.665150879396811	0.684258237385597	0.390679231479465	0.426863992575824	0.612617667676036	0.512041591529726
"jhu-usc.edu_ESCA.HumanMethylation450.7.lvl-3.TCGA-XP-A8T8-01A-11D-A36K-05.gdc_hg38.txt"	1	0.398882206969438	0.552414100730206	0.600331827376599	0.845962453970127	0.660435611479213	0.0663555246394847	0.482646516651026	0.647696273447286	0.654108579254634	0.461631006844873	0.765689397381055	0.426297452841625	0.517770306641218	0.524110024605192	0.793456274073475	0.61465284403136
"jhu-usc.edu_ESCA.HumanMethylation450.6.lvl-3.TCGA-L5-A88T-01A-11D-A357-05.gdc_hg38.txt"	1	0.884940162454703	0.217673665753385	0.209069338196724	0.420778200607267	0.17064575010771	0.0964652581235611	0.168707075650381	0.300835355587713	0.405596814220743	0.132869050457265	0.319864470187311	0.837804082448745	0.14961214338126	0.28247473167811	0.25436889708476	0.280155681456158
"jhu-usc.edu_ESCA.HumanMethylation450.4.lvl-3.TCGA-IG-A625-01A-11D-A31V-05.gdc_hg38.txt"	1	0.373170602232326	0.284700538024445	0.186942588786518	0.862393399402413	0.294892154640839	0.0275176380508999	0.0624550603043052	0.181605704567952	0.376139212453346	0.074744080842854	0.0505744532883197	0.26655287740302	0.210947726564714	0.128155258056598	0.489583230716062	0.43477670395449
"jhu-usc.edu_ESCA.HumanMethylation450.5.lvl-3.TCGA-JY-A6FG-01A-11D-A33F-05.gdc_hg38.txt"	1	0.385115613945003	0.566887351586502	0.601737725727858	0.821735096039631	0.664944311828263	0.0550475497664232	0.684075157944153	0.607966509016069	0.38224729866987	0.432132596409879	0.813476611419706	0.41446909643454	0.552192170143177	0.18655460829307	0.809522264607171	0.638250594277101
"jhu-usc.edu_ESCA.HumanMethylation450.5.lvl-3.TCGA-R6-A6XG-01B-11D-A33F-05.gdc_hg38.txt"	1	0.389314771075603	0.427289177550067	0.622602989753144	0.898822149199917	0.710123188324537	0.232331164768816	0.370257186685303	0.669051909612595	0.366103164921759	0.615105039690706	0.874752866142965	0.273562100944148	0.559640367210036	0.247610145404439	0.869704825603444	0.567224322993036
"jhu-usc.edu_ESCA.HumanMethylation450.2.lvl-3.TCGA-L5-A4OJ-01A-11D-A265-05.gdc_hg38.txt"	1	0.428320250023729	0.512889013497895	0.604071859427434	0.856818386730594	0.594024535959853	0.63148128967365	0.789092930458655	0.537556322175121	0.697680517645722	0.463090103072519	0.80879016580221	0.512175925316492	0.506504513032362	0.585232762916536	0.766029985317239	0.606054593679007
"jhu-usc.edu_ESCA.HumanMethylation450.8.lvl-3.TCGA-L5-A8NH-01A-11D-A37D-05.gdc_hg38.txt"	1	0.439468220565489	0.497055016037201	0.603297842630907	0.839935726150051	0.566107237429548	0.183714009027455	0.451763451065628	0.531355662359722	0.343436136409737	0.474239442751645	0.809084183472911	0.237873320751394	0.555489875458472	0.39517380595827	0.759978373753884	0.616113346637029
"jhu-usc.edu_ESCA.HumanMethylation450.2.lvl-3.TCGA-L5-A4OG-11A-12D-A265-05.gdc_hg38.txt"	0	0.906161655779204	0.123766245852156	0.10908559983611	0.255211209081621	0.102139632145368	0.0477825916217937	0.0465553669151808	0.233984185275797	0.350309580879357	0.038395327753967	0.0382934172974011	0.826512155611963	0.0386231365882615	0.124529275929837	0.0852351833947901	0.188688771957861
"jhu-usc.edu_ESCA.HumanMethylation450.2.lvl-3.TCGA-L5-A4ON-11A-21D-A265-05.gdc_hg38.txt"	0	0.91285059898093	0.0827658773175767	0.0674906165344955	0.176240625714951	0.0757275068315091	0.0398727249368925	0.0506185075491631	0.0992103276365037	0.157183782387676	0.0180830833960983	0.0296265617846687	0.800402030676702	0.019263139676318	0.0481706326870249	0.0176935190567493	0.114617079810662
"jhu-usc.edu_ESCA.HumanMethylation450.7.lvl-3.TCGA-L5-A8NU-01A-11D-A36K-05.gdc_hg38.txt"	1	0.807686785073676	0.285868468714625	0.381323332414089	0.582953076961515	0.377389697726498	0.0634638723063201	0.447829288953365	0.428979797002277	0.258983694610938	0.16431369125387	0.57659736849371	0.524183830141168	0.269229754536342	0.327189412187986	0.500983809727397	0.40508612396292
"jhu-usc.edu_ESCA.HumanMethylation450.1.lvl-3.TCGA-LN-A49V-01A-11D-A249-05.gdc_hg38.txt"	1	0.544058826560521	0.788727616049268	0.816682341216239	0.941905036743841	0.790906552776154	0.852818954922387	0.913012561949287	0.726256819599615	0.81592499479514	0.740064438294931	0.933237267296518	0.833157181455396	0.783486712353109	0.737729488480381	0.949405118042726	0.798048116594615
"jhu-usc.edu_ESCA.HumanMethylation450.8.lvl-3.TCGA-L5-A8NM-01A-11D-A37D-05.gdc_hg38.txt"	1	0.822097695892699	0.421355641421848	0.527473141836616	0.754663030823783	0.459863928323391	0.482483469567099	0.709723965874168	0.445240147867316	0.565087258439845	0.271825171090586	0.747432622559823	0.850292653874938	0.384289094615464	0.482266920433743	0.673768786187022	0.495792205032932
"jhu-usc.edu_ESCA.HumanMethylation450.4.lvl-3.TCGA-Q9-A6FW-01A-31D-A31V-05.gdc_hg38.txt"	1	0.687549552393179	0.443358761398968	0.591716684874003	0.756921430128247	0.495298835661983	0.411290380031256	0.515371345468769	0.457140617090419	0.538764725576612	0.299324845040857	0.747287878556295	0.679873753813607	0.43548912161879	0.503670835094563	0.662578969175604	0.517053457788087
"jhu-usc.edu_ESCA.HumanMethylation450.2.lvl-3.TCGA-LN-A49U-01A-31D-A265-05.gdc_hg38.txt"	1	0.389440360140863	0.0800376876925495	0.0997813663005961	0.831184388485799	0.0854360834399717	0.0453996180972165	0.0631689974046076	0.0919278376371487	0.108434426799905	0.466864234982205	0.0366037178200027	0.281045965112869	0.420454103310748	0.503869597117967	0.0343032752592411	0.314410643050103
"jhu-usc.edu_ESCA.HumanMethylation450.6.lvl-3.TCGA-V5-A7RE-01A-11D-A357-05.gdc_hg38.txt"	1	0.353528906273101	0.604576187036725	0.656700775524268	0.87357408930192	0.72867246727681	0.300461838542797	0.84466625109649	0.638841391076821	0.713038684414999	0.452549110921836	0.836439879476875	0.497088583356048	0.532999026631183	0.630436378839181	0.862328800828335	0.707269322825996
"jhu-usc.edu_ESCA.HumanMethylation450.8.lvl-3.TCGA-2H-A9GR-01A-12D-A37D-05.gdc_hg38.txt"	1	0.810829027076081	0.464160123703962	0.497848962944708	0.758928944273165	0.517738546681811	0.507523538471108	0.712029426960648	0.458874321337829	0.596823052496744	0.282172999906152	0.719212900571429	0.880129379142535	0.469915263539022	0.528662147376796	0.709553689084761	0.538869452653768
"jhu-usc.edu_ESCA.HumanMethylation450.7.lvl-3.TCGA-VR-A8EO-01A-11D-A36K-05.gdc_hg38.txt"	1	0.893925817640466	0.360798154055096	0.548104905626498	0.691810466864748	0.304630452485836	0.435967492708985	0.438477325845856	0.413719444228487	0.0396968531185405	0.181538447287435	0.504647835572866	0.733794631537219	0.311215223330518	0.444892422682728	0.422481111448482	0.359021802009365
"jhu-usc.edu_ESCA.HumanMethylation450.2.lvl-3.TCGA-L5-A4OR-01A-11D-A265-05.gdc_hg38.txt"	1	0.294695843301556	0.546212006636513	0.515530735676602	0.854670566035306	0.593827676448995	0.50882633735892	0.544957765258993	0.549904596062684	0.503123898973515	0.502889372328058	0.819083020095695	0.36999265413978	0.586275700182227	0.454703141286666	0.835784920889939	0.669634919875989
"jhu-usc.edu_ESCA.HumanMethylation450.10.lvl-3.TCGA-VR-AA7I-01A-11D-A409-05.gdc_hg38.txt"	1	0.706911958061662	0.403288646351831	0.416498576397712	0.651735033847933	0.45412425964102	0.157857884635841	0.445105638128812	0.461826791258638	0.5189902247834	0.202617956024816	0.652765766385682	0.425191449349437	0.251809895444434	0.377332496415309	0.58229459719419	0.49250235029288
"jhu-usc.edu_ESCA.HumanMethylation450.5.lvl-3.TCGA-JY-A6F8-01A-11D-A33F-05.gdc_hg38.txt"	1	0.32129576094947	0.560748339972892	0.685595227545953	0.877824145432686	0.649802098166239	0.69595342754691	0.867670985936606	0.623928449735385	0.751363836786711	0.525907550422129	0.868154341364476	0.790661049863408	0.421313551577181	0.618942592515564	0.815784053288124	0.658250460512664
"jhu-usc.edu_ESCA.HumanMethylation450.10.lvl-3.TCGA-V5-AASW-01A-11D-A409-05.gdc_hg38.txt"	1	0.406849832108312	0.55651669251707	0.615529840308231	0.848418543048521	0.605641309270822	0.538455018712737	0.726573207988704	0.587421338765916	0.526128593194935	0.33069045832948	0.803656937687969	0.720136815164017	0.410455444238209	0.479473111218699	0.753490837116431	0.642787419084592
"jhu-usc.edu_ESCA.HumanMethylation450.8.lvl-3.TCGA-L5-A8NF-01A-11D-A37D-05.gdc_hg38.txt"	1	0.429354390600057	0.605803730664612	0.748098022420881	0.881678527845235	0.572181370038907	0.556509110775812	0.71175543633657	0.629523334127575	0.643536500657423	0.517602170172584	0.855257882802177	0.464777505000832	0.576783044089153	0.595466975518143	0.865523222271206	0.732806563673679
"jhu-usc.edu_ESCA.HumanMethylation450.8.lvl-3.TCGA-L5-A8NL-01A-12D-A37D-05.gdc_hg38.txt"	1	0.738117966164094	0.418633219409113	0.469576549344799	0.573801327767782	0.455384132056965	0.28204227193679	0.578793378694164	0.439017087904549	0.498660445241041	0.193006326043065	0.639992784516215	0.85172279444133	0.286608688172509	0.460940940499707	0.554116556673158	0.453741589474891
"jhu-usc.edu_ESCA.HumanMethylation450.8.lvl-3.TCGA-L5-A8NK-01A-21D-A37D-05.gdc_hg38.txt"	1	0.687182435878043	0.368762054057756	0.384341170893597	0.670460896001304	0.313522576832912	0.0900267297527732	0.337955814019402	0.397166698413789	0.4974309167462	0.210304895592335	0.55239031239501	0.585279069077992	0.303361140313052	0.430170858516729	0.441649354809793	0.368071227159177
"jhu-usc.edu_ESCA.HumanMethylation450.5.lvl-3.TCGA-IC-A6RE-01A-11D-A33F-05.gdc_hg38.txt"	1	0.522891353908251	0.463740829713459	0.545552757829007	0.788044739514526	0.551143288121943	0.194954089842447	0.50514304506465	0.544034434852101	0.504651931274274	0.335032029682452	0.782304462207844	0.38610356145006	0.434213800583991	0.289273398084229	0.746144753851624	0.574106239447621
"jhu-usc.edu_ESCA.HumanMethylation450.3.lvl-3.TCGA-M9-A5M8-01A-11D-A28C-05.gdc_hg38.txt"	1	0.841703982892457	0.524896715848843	0.546432364391454	0.785504014909487	0.543415067168544	0.565458103435841	0.733615484851758	0.54029340600266	0.657046329176315	0.366517405841449	0.748047767160081	0.789398877584356	0.491722123891402	0.544821633596125	0.743009886816472	0.589847623529662
"jhu-usc.edu_ESCA.HumanMethylation450.4.lvl-3.TCGA-R6-A6L4-01A-11D-A31V-05.gdc_hg38.txt"	1	0.863868099937586	0.433260029752489	0.549593000954971	0.724258233663558	0.474508137813675	0.342803976155168	0.707477459895127	0.444342882231337	0.610855048199447	0.271949363871345	0.748369802499331	0.635720840009234	0.415814235617865	0.510678281849732	0.693931282695729	0.500424356927348
"jhu-usc.edu_ESCA.HumanMethylation450.2.lvl-3.TCGA-L5-A4OM-11A-11D-A265-05.gdc_hg38.txt"	0	0.901948416655849	0.1145361347983	0.10066457955174	0.296170568894669	0.104333452766426	0.043363350660203	0.0533357871681524	0.224863773053962	0.386913582095136	0.0650478966087739	0.0422824453856153	0.871995132555912	0.0774379703014913	0.139491687084425	0.0794384554553845	0.215328694393077
"jhu-usc.edu_ESCA.HumanMethylation450.5.lvl-3.TCGA-IC-A6RE-11A-12D-A33F-05.gdc_hg38.txt"	0	0.911114599333405	0.194289800975155	0.165406923067655	0.33489717694383	0.113094944978047	0.0466542563205829	0.0731573976988122	0.233328616107243	0.447774691217029	0.147636606879466	0.0757237309306139	0.805499870688383	0.194986981118539	0.240627375014545	0.0582333028455864	0.212423911549777
"jhu-usc.edu_ESCA.HumanMethylation450.2.lvl-3.TCGA-L5-A4OE-11A-11D-A265-05.gdc_hg38.txt"	0	0.895579415228505	0.16317173153796	0.183038209341413	0.376574475254345	0.125048863357999	0.056373355004256	0.0822191267350887	0.281207949293427	0.390352482192787	0.0781679137408045	0.0880463408413853	0.683516104368739	0.0659081804139774	0.205356095211175	0.18986852854001	0.25747608650858
"jhu-usc.edu_ESCA.HumanMethylation450.2.lvl-3.TCGA-L7-A56G-01A-21D-A265-05.gdc_hg38.txt"	1	0.901545485786155	0.0613485982971176	0.0813867821484555	0.168413099771604	0.0724868486234061	0.0332622741123033	0.0411051093967821	0.16234877720152	0.151715639564946	0.0215404085163293	0.0316159416314194	0.807699465958587	0.0314942476317423	0.104389089599933	0.0233309510070053	0.101448624916509
"jhu-usc.edu_ESCA.HumanMethylation450.2.lvl-3.TCGA-LN-A49W-01A-11D-A265-05.gdc_hg38.txt"	1	0.686728002665763	0.381455993961876	0.388794723024719	0.671573195910468	0.378981903371613	0.0640445219816486	0.204946643588318	0.412074402648972	0.426049980237581	0.209234632460822	0.458170653086476	0.736639070699175	0.283837182811203	0.364851286073681	0.54838046498401	0.326022827740631
"jhu-usc.edu_ESCA.HumanMethylation450.8.lvl-3.TCGA-L5-A8NV-01A-11D-A37D-05.gdc_hg38.txt"	1	0.776059405986438	0.317583889740645	0.409948165331623	0.643582072088711	0.355325667725218	0.310082909527839	0.54755060939886	0.376750701705557	0.475414576892774	0.104804496804317	0.632262130950062	0.865022007322327	0.297423681116715	0.40369565160447	0.553671141266107	0.435716493701424
"jhu-usc.edu_ESCA.HumanMethylation450.5.lvl-3.TCGA-JY-A6FB-01A-11D-A33F-05.gdc_hg38.txt"	1	0.687652310681826	0.568384426361916	0.627365970469871	0.7970848596725	0.640867799327391	0.0607941106378171	0.69572552252047	0.61900898674184	0.700817665093584	0.437575594845525	0.825882883420483	0.866950992790561	0.508220628633233	0.632859060431692	0.770510494848701	0.638385397538035
"jhu-usc.edu_ESCA.HumanMethylation450.8.lvl-3.TCGA-JY-A938-01A-11D-A37D-05.gdc_hg38.txt"	1	0.855042829570058	0.376102108624361	0.394439364626624	0.665046649630908	0.369190240079601	0.266993994843099	0.431102212278209	0.388577463674815	0.450349384001658	0.210616773867334	0.636043055929146	0.790805616919203	0.334923941265579	0.42576389053185	0.574145908800388	0.394869826768257
"jhu-usc.edu_ESCA.HumanMethylation450.8.lvl-3.TCGA-L5-A8NE-01A-11D-A37D-05.gdc_hg38.txt"	1	0.33184991265472	0.45979805043592	0.541286308291453	0.78922905114271	0.54039659841278	0.0711611404706976	0.512387874823938	0.576600150485476	0.360320363479953	0.340611578911922	0.816500146303412	0.338095597495804	0.46178228725635	0.175287713241345	0.778934328423161	0.65924796203815
"jhu-usc.edu_ESCA.HumanMethylation450.2.lvl-3.TCGA-LN-A4A6-01A-11D-A265-05.gdc_hg38.txt"	1	0.591456910143764	0.271438245120842	0.338714582388966	0.639263546050685	0.283843297984692	0.0460374230406551	0.0913543486594275	0.474845868177024	0.123251579301566	0.368568828313151	0.257957004836293	0.358511552592129	0.401643955443518	0.20852130508719	0.720259884464608	0.452037183598395
"jhu-usc.edu_ESCA.HumanMethylation450.6.lvl-3.TCGA-L5-A88V-01A-11D-A357-05.gdc_hg38.txt"	1	0.688703526024404	0.657167874561497	0.707840357965749	0.891832332485243	0.729630798795182	0.770043328960994	0.904556542815694	0.688370150450182	0.825389722808522	0.572249806833006	0.850928060541287	0.894841117294188	0.579111508658588	0.617659679924821	0.849541167612165	0.728303411623888
"jhu-usc.edu_ESCA.HumanMethylation450.4.lvl-3.TCGA-R6-A6KZ-01A-11D-A31V-05.gdc_hg38.txt"	1	0.592655700121864	0.369764259554321	0.346252881483557	0.649499098261255	0.219746532082451	0.0333816898074005	0.150907297215157	0.308105289900423	0.172974735243395	0.37592806440897	0.384177869653217	0.390845666253021	0.298804404758802	0.173258171877001	0.356901509051785	0.328002868675252
"jhu-usc.edu_ESCA.HumanMethylation450.2.lvl-3.TCGA-L5-A4OO-01A-11D-A265-05.gdc_hg38.txt"	1	0.827776636596685	0.345300351638666	0.342851581816019	0.564076066230311	0.342331611053996	0.0880991754840055	0.302249653852804	0.422248834997031	0.4037683246487	0.168309339843861	0.563351491924118	0.722867846315804	0.281673257095861	0.347807762954138	0.518005478116734	0.400733803536425
"jhu-usc.edu_ESCA.HumanMethylation450.8.lvl-3.TCGA-2H-A9GL-01A-12D-A37D-05.gdc_hg38.txt"	1	0.330404957758112	0.52927717119993	0.684807244051276	0.896153784299528	0.672211276059477	0.450209385444128	0.808975140529429	0.579443774811463	0.732665127488605	0.362567809320031	0.84945596159683	0.573404928125755	0.552237959916943	0.621289671246379	0.80978653781772	0.677155189423716
"jhu-usc.edu_ESCA.HumanMethylation450.1.lvl-3.TCGA-L5-A43J-01A-12D-A249-05.gdc_hg38.txt"	1	0.702306359545615	0.61709663541077	0.649487342310721	0.847306245063851	0.656578441013239	0.59729768288053	0.132395853025169	0.623454674483736	0.329409715590541	0.599453252231642	0.638569738144053	0.291688000425874	0.613835299023795	0.450066707744602	0.822516398430082	0.679670129144457
"jhu-usc.edu_ESCA.HumanMethylation450.5.lvl-3.TCGA-KH-A6WC-01A-11D-A33F-05.gdc_hg38.txt"	1	0.881292269826969	0.239501117567067	0.255630194495768	0.51205635008798	0.257794786848525	0.0967773673779047	0.304865444507584	0.350313375050471	0.453017925599341	0.131778474029943	0.483379493418151	0.771073713651673	0.184051635198618	0.284916569931208	0.320691142061945	0.30108302315304
"jhu-usc.edu_ESCA.HumanMethylation450.2.lvl-3.TCGA-IG-A50L-01A-11D-A265-05.gdc_hg38.txt"	1	0.691015239677485	0.36691960810766	0.14744552367179	0.527417614340239	0.291994456072213	0.0369509727399592	0.0693985862039828	0.465635592884928	0.326213237233283	0.135012363834328	0.314573670645483	0.526036719532896	0.236366027420529	0.235642150653604	0.483509447246558	0.313169528672107
"jhu-usc.edu_ESCA.HumanMethylation450.8.lvl-3.TCGA-2H-A9GI-01A-11D-A37D-05.gdc_hg38.txt"	1	0.64562745801959	0.506538595647208	0.548228805124744	0.833134110952409	0.569201669411923	0.323033123892755	0.813233548204938	0.486220659057739	0.594212346723962	0.358018864117843	0.798772501242945	0.528531179198908	0.541827791828926	0.459538973102994	0.722318568946221	0.555239913197571
"jhu-usc.edu_ESCA.HumanMethylation450.5.lvl-3.TCGA-L7-A6VZ-01A-12D-A33F-05.gdc_hg38.txt"	1	0.382965874576589	0.588930602177562	0.648423138599094	0.876498900355149	0.674065080038712	0.334836121871742	0.751459471573283	0.619996880896909	0.585216150274595	0.481117296546211	0.857262657376753	0.441032955259911	0.533457176844338	0.537337683519451	0.837771778498271	0.671668397828963
"jhu-usc.edu_ESCA.HumanMethylation450.1.lvl-3.TCGA-LN-A49L-01A-11D-A249-05.gdc_hg38.txt"	1	0.905494100224431	0.599331995623288	0.559906737529933	0.854244236773255	0.648141388684692	0.123969584604132	0.828017258047861	0.6114864347361	0.703792892695318	0.529926450623152	0.829301698301245	0.85373717267812	0.607739328647124	0.540030622537231	0.819281619166665	0.635821115769056
"jhu-usc.edu_ESCA.HumanMethylation450.8.lvl-3.TCGA-VR-AA4D-01A-11D-A37D-05.gdc_hg38.txt"	1	0.479299194683408	0.657262252909782	0.760765894697702	0.91448187577861	0.717914394756109	0.796087894992061	0.758707320378079	0.625504103941614	0.769084294876829	0.571946744886558	0.872817507084345	0.791888907581388	0.64408159480353	0.680005906193751	0.892993905279985	0.679789421900665
"jhu-usc.edu_ESCA.HumanMethylation450.1.lvl-3.TCGA-IG-A3Y9-01A-12D-A249-05.gdc_hg38.txt"	1	0.847198253758083	0.359135578187454	0.0984231661779975	0.248432748132972	0.112421683035366	0.03556310319381	0.0750133169320886	0.200281526097333	0.262668042943228	0.218682134428351	0.0403218352280433	0.611806267502327	0.284410343008714	0.338193558413815	0.0718929596896058	0.153841401181644
"jhu-usc.edu_ESCA.HumanMethylation450.10.lvl-3.TCGA-Z6-AAPN-01A-11D-A409-05.gdc_hg38.txt"	1	0.825222045997591	0.357625089127103	0.289583875908507	0.611950701852482	0.213538011651902	0.0519447695789302	0.240628633913881	0.33443243219089	0.458274195722152	0.165295827644634	0.31420729338705	0.78712304915209	0.265482946628637	0.341646978923979	0.291275791949395	0.280061212850282
"jhu-usc.edu_ESCA.HumanMethylation450.5.lvl-3.TCGA-IG-A6QS-01A-12D-A33F-05.gdc_hg38.txt"	1	0.446264476610397	0.322191736644115	0.580369189732794	0.791214202533961	0.598693439620007	0.0421549473829285	0.784381790499356	0.537387853594752	0.633944412499132	0.408040154779406	0.762214896548591	0.560106928649654	0.497572840873093	0.397363143514584	0.770838912702113	0.590904653807319
"jhu-usc.edu_ESCA.HumanMethylation450.3.lvl-3.TCGA-LN-A4A9-01A-11D-A28C-05.gdc_hg38.txt"	1	0.359718775843021	0.0868585954085039	0.377089104535348	0.499671419508373	0.0709827592595866	0.0412760267737018	0.0414637584304679	0.177428246564039	0.423015836147068	0.356086491463361	0.0322103534746171	0.337327065720709	0.0784660667470579	0.558026419722241	0.029343245118713	0.120415163256415
"jhu-usc.edu_ESCA.HumanMethylation450.9.lvl-3.TCGA-V5-AASX-01A-11D-A388-05.gdc_hg38.txt"	1	0.636212769572852	0.553543229198509	0.681308556434459	0.748006474640946	0.570805142590634	0.452422823572136	0.836246482689488	0.544969986300324	0.666168233276243	0.347901148996444	0.779478862665029	0.817679320179435	0.429127497976064	0.651469992240779	0.744440810575124	0.549914602559051
"jhu-usc.edu_ESCA.HumanMethylation450.3.lvl-3.TCGA-L5-A4OT-01A-11D-A28C-05.gdc_hg38.txt"	1	0.597369476792379	0.423036073068541	0.479235332855044	0.758144344384907	0.514817057489894	0.117850685379412	0.631405189127559	0.429501277648064	0.328879714514432	0.241330162770009	0.686932594936583	0.572595572965175	0.347939332288344	0.292294456709974	0.658128452260207	0.493741911116034
"jhu-usc.edu_ESCA.HumanMethylation450.5.lvl-3.TCGA-R6-A6XQ-01B-11D-A33F-05.gdc_hg38.txt"	1	0.550426396065388	0.673565859017259	0.557083489729609	0.861727008450789	0.720770740349266	0.429362550678359	0.814284970934259	0.700923804929602	0.612586934279469	0.667302828594513	0.918907539578008	0.173688381719409	0.71122891793814	0.71155809199697	0.911613291419027	0.766121821392356
"jhu-usc.edu_ESCA.HumanMethylation450.8.lvl-3.TCGA-L5-A8NR-01A-11D-A37D-05.gdc_hg38.txt"	1	0.420495454484109	0.530549272990591	0.609381319230229	0.805436718634134	0.606293681978235	0.0755117024124127	0.510083550857574	0.536605648949707	0.363663129913824	0.35894844866878	0.798309290774114	0.361481871780131	0.487015643938124	0.407033046516346	0.725431616170981	0.598904582145474
"jhu-usc.edu_ESCA.HumanMethylation450.9.lvl-3.TCGA-LN-A9FP-01A-31D-A388-05.gdc_hg38.txt"	1	0.86137722740775	0.220424670126489	0.0999577862155133	0.249374597409817	0.0936143729004185	0.0435018063090024	0.0583368845670942	0.242973477466138	0.161050887141486	0.0584733006739034	0.0480616669119347	0.692223133624146	0.112317872855493	0.213378423815994	0.0338075680797084	0.169947195309429
"jhu-usc.edu_ESCA.HumanMethylation450.1.lvl-3.TCGA-L5-A43H-01A-11D-A249-05.gdc_hg38.txt"	1	0.602043407178863	0.468058527552556	0.409538048755232	0.733905329120918	0.415828431725115	0.205725422775993	0.534837157412882	0.513402781168424	0.35158850934216	0.404566787267911	0.701146578587142	0.478710252818343	0.47459901885959	0.41713041722567	0.725638114194193	0.527010733966881
"jhu-usc.edu_ESCA.HumanMethylation450.5.lvl-3.TCGA-IC-A6RF-01A-13D-A33F-05.gdc_hg38.txt"	1	0.524636377434298	0.495909027529014	0.568787630490933	0.809267533899031	0.556359888736826	0.123168127037399	0.715351023646355	0.539759128237064	0.566637923506718	0.458947751287695	0.761757981287558	0.507897602868039	0.49229798966554	0.482752074088403	0.766123982385004	0.562456077346399
"jhu-usc.edu_ESCA.HumanMethylation450.8.lvl-3.TCGA-2H-A9GG-01A-11D-A37D-05.gdc_hg38.txt"	1	0.307690606193497	0.564039498884743	0.696012922308824	0.884882295965692	0.667945988736116	0.074356346577326	0.545613259782679	0.476344297032599	0.388876902008506	0.472627821408958	0.847132375076509	0.293738240860234	0.454736402609571	0.440719124162664	0.83824535586657	0.634536712078147
"jhu-usc.edu_ESCA.HumanMethylation450.1.lvl-3.TCGA-LN-A49P-01A-11D-A249-05.gdc_hg38.txt"	1	0.900086278405557	0.461362782015485	0.495706775558051	0.681679698628737	0.481165258512147	0.340196300460333	0.67011164159088	0.523550328358887	0.503950153789199	0.305637297636065	0.655640106728368	0.811497188769908	0.376654679885785	0.453981141075603	0.656837061667302	0.51604728287918
"jhu-usc.edu_ESCA.HumanMethylation450.1.lvl-3.TCGA-IG-A3I8-11A-11D-A249-05.gdc_hg38.txt"	0	0.920194550437555	0.0546828282042065	0.0558819787641886	0.218312394552031	0.0843027321749293	0.0445853084966553	0.0661105774931054	0.160293584568813	0.183205568122698	0.0174883130223061	0.0409290282396661	0.786130891217098	0.0231861328697751	0.0643807760273273	0.023309951703474	0.117511141425688
"jhu-usc.edu_ESCA.HumanMethylation450.2.lvl-3.TCGA-L5-A4OQ-11A-12D-A265-05.gdc_hg38.txt"	0	0.925664617895555	0.0405936338292222	0.0328278456354713	0.153604735547546	0.076669482086438	0.0313575828034565	0.0510546677651748	0.11583353914072	0.161173342752669	0.0187032234604314	0.0308974490711085	0.78368653040408	0.0163994026764845	0.0433028907262961	0.0186391433892125	0.118758308801638
"jhu-usc.edu_ESCA.HumanMethylation450.10.lvl-3.TCGA-VR-A8EP-01A-31D-A409-05.gdc_hg38.txt"	1	0.74265600489441	0.295310386340951	0.0900755983168433	0.27782391074315	0.0912177292995753	0.0287402059836939	0.0473930775253233	0.237315691281989	0.22563423955602	0.199589049161999	0.0528714137588184	0.560619370075937	0.223073494041264	0.103045941246543	0.0772419499341662	0.165380307264462
"jhu-usc.edu_ESCA.HumanMethylation450.9.lvl-3.TCGA-ZR-A9CJ-01B-11D-A388-05.gdc_hg38.txt"	1	0.764203248593454	0.455918870777669	0.621550066522296	0.667959168931797	0.480037790636385	0.0450968988361386	0.551222199362653	0.514516845934283	0.355218009993692	0.262166859057652	0.671016940420026	0.526620633901943	0.386219955353813	0.377621956861791	0.605855846888532	0.497691286646262
"jhu-usc.edu_ESCA.HumanMethylation450.3.lvl-3.TCGA-LN-A4MQ-01A-11D-A28C-05.gdc_hg38.txt"	1	0.729632890951662	0.125667117645795	0.255227391324714	0.607322764823901	0.0954869747890904	0.043210446156419	0.0435316385148985	0.161914738792185	0.283937064110875	0.186354246968281	0.0320999472909567	0.50802760536998	0.221995125348191	0.0900062229915657	0.0261032417513468	0.155007189332163
"jhu-usc.edu_ESCA.HumanMethylation450.1.lvl-3.TCGA-LN-A49O-01A-11D-A249-05.gdc_hg38.txt"	1	0.419947619828083	0.55147196994655	0.639295652301348	0.826755245406882	0.221328199681261	0.139473352935028	0.0589352350648879	0.288542156175731	0.57239106858923	0.271902439859231	0.0406844495900458	0.59183628251726	0.371016716432869	0.372157909083385	0.521902386215547	0.175526713061698
"jhu-usc.edu_ESCA.HumanMethylation450.8.lvl-3.TCGA-L5-A8NI-01A-11D-A37D-05.gdc_hg38.txt"	1	0.570501678641466	0.427544665629799	0.457641579363832	0.701522606292265	0.49284180425719	0.0472217696012268	0.602341354736966	0.452663572925774	0.586098263659198	0.185190955134957	0.753036659545583	0.751265798490028	0.327725798888224	0.495379600917234	0.670776420656759	0.479809867792662
"jhu-usc.edu_ESCA.HumanMethylation450.4.lvl-3.TCGA-S8-A6BW-01A-11D-A31V-05.gdc_hg38.txt"	1	0.899469620129501	0.272661474362195	0.493474898378578	0.814595946431208	0.0969067354174008	0.0942311849582905	0.240879950139533	0.339572160744536	0.663022249231363	0.116169721722029	0.632893206966542	0.853256014739211	0.225431698857544	0.336501552466768	0.0801313463044185	0.492485955562008
"jhu-usc.edu_ESCA.HumanMethylation450.1.lvl-3.TCGA-LN-A49N-01A-11D-A249-05.gdc_hg38.txt"	1	0.786549632482286	0.470151392235228	0.517659670043374	0.702038743100803	0.297830602172007	0.135468494587481	0.490870736030497	0.454139755670224	0.544736295432126	0.300823527785313	0.623922080418245	0.501424467379928	0.415860823695753	0.3405395969782	0.586223757345657	0.41067389356305
"jhu-usc.edu_ESCA.HumanMethylation450.2.lvl-3.TCGA-L5-A4OP-11A-11D-A265-05.gdc_hg38.txt"	0	0.918773315233609	0.0959271660046737	0.0783426953711253	0.22805830331574	0.0733121241470513	0.0432651362988779	0.0510812847550988	0.169367145775171	0.366800176143245	0.0375729992671366	0.0364584662851967	0.855432746368142	0.0251625681277536	0.101292151315896	0.0326221322303897	0.175186649400064
"jhu-usc.edu_ESCA.HumanMethylation450.9.lvl-3.TCGA-LN-A9FO-01A-11D-A388-05.gdc_hg38.txt"	1	0.909528420574222	0.405880537671117	0.582230928111825	0.812207332891812	0.0655610761264655	0.0404823060923121	0.509333798752463	0.200152190961901	0.298352229768681	0.424225947581028	0.65498840391134	0.511348969392295	0.473589642701477	0.386436442871113	0.0464703679801839	0.338491574939649
"jhu-usc.edu_ESCA.HumanMethylation450.2.lvl-3.TCGA-LN-A4A2-01A-31D-A265-05.gdc_hg38.txt"	1	0.437771949046634	0.47413061041095	0.404325046438816	0.741247308507572	0.567128125933369	0.0702289486807868	0.439242193055575	0.49311694805062	0.396609966394126	0.341090772661264	0.636617512957787	0.572477916709223	0.455833392189611	0.355861947246466	0.607123233729593	0.419758574474378
"jhu-usc.edu_ESCA.HumanMethylation450.8.lvl-3.TCGA-R6-A8WG-01A-11D-A37D-05.gdc_hg38.txt"	1	0.314822288411482	0.396045082360174	0.518004664852341	0.707842478218824	0.344995099939928	0.0506293545411236	0.135735255978885	0.486118113850583	0.0978622611181187	0.390420939878201	0.491820142197579	0.216329587899191	0.401496913135249	0.1375035364837	0.762574970753367	0.484958990440934
"jhu-usc.edu_ESCA.HumanMethylation450.6.lvl-3.TCGA-LN-A7HV-01A-21D-A357-05.gdc_hg38.txt"	1	0.468889855668833	0.452998405699267	0.268490169528249	0.519777916006818	0.102460526575216	0.0453726410393972	0.0502701516390396	0.203171658367189	0.304973196387345	0.35565844333093	0.0320441128946517	0.315877556249291	0.404777340881665	0.15967598967265	0.0375961168617935	0.133622907701999
"jhu-usc.edu_ESCA.HumanMethylation450.1.lvl-3.TCGA-L5-A43I-01A-11D-A249-05.gdc_hg38.txt"	1	0.457253904779396	0.619070242681128	0.685790952166404	0.867476922267818	0.677663878161726	0.260500011266465	0.759955397634488	0.636220934809595	0.603214193965663	0.515422166670204	0.848125681074249	0.369943634082754	0.594638907861022	0.505909447189356	0.840160514082345	0.677440241223412
"jhu-usc.edu_ESCA.HumanMethylation450.3.lvl-3.TCGA-L5-A4OS-01A-11D-A28C-05.gdc_hg38.txt"	1	0.622468495593815	0.299454253299204	0.151697672329832	0.363390694977728	0.08134214757274	0.0628341398838735	0.048469191976699	0.162404741631692	0.155558859308697	0.134999944920685	0.0452492181813284	0.461907138929448	0.11755953467052	0.104603031991119	0.0277158644386561	0.161742341244289
"jhu-usc.edu_ESCA.HumanMethylation450.2.lvl-3.TCGA-LN-A4A3-01A-11D-A265-05.gdc_hg38.txt"	1	0.831176339237084	0.303100201531436	0.221233416250674	0.461820662254752	0.204713057156396	0.0521342497224705	0.220577095843731	0.422732619526735	0.39498611052959	0.17789133487886	0.44258138234897	0.573037336639421	0.287179836934209	0.352187137291098	0.419766986819012	0.2787631612691
"jhu-usc.edu_ESCA.HumanMethylation450.6.lvl-3.TCGA-L5-A88W-01A-11D-A357-05.gdc_hg38.txt"	1	0.611874062161946	0.490942259870824	0.537560119201742	0.78443075458647	0.59665890909772	0.0332835429675159	0.771874231630745	0.524893671814915	0.224994132039201	0.331517859383291	0.745843487579511	0.333137388669508	0.389710758642526	0.350246233233503	0.7369916708409	0.572710270565059
"jhu-usc.edu_ESCA.HumanMethylation450.10.lvl-3.TCGA-VR-AA7D-01A-11D-A409-05.gdc_hg38.txt"	1	0.73781472782075	0.467361979720046	0.531227885497293	0.765568618365171	0.347924399911889	0.464265079186354	0.300067976227394	0.506362458890266	0.633902607103575	0.295753550822298	0.723364262274923	0.341814869601077	0.404414286244885	0.495954108633271	0.656568238583706	0.551987919005784
"jhu-usc.edu_ESCA.HumanMethylation450.4.lvl-3.TCGA-R6-A6DN-01B-11D-A31V-05.gdc_hg38.txt"	1	0.588063080436224	0.610860954778786	0.787464969827754	0.909661256412759	0.683977174824455	0.507998299548085	0.880842611006759	0.59685318127475	0.767140326821909	0.648351493503052	0.905802521343526	0.77121233856384	0.708411396281547	0.678601382624912	0.878922342447149	0.707474779879781
"jhu-usc.edu_ESCA.HumanMethylation450.2.lvl-3.TCGA-LN-A4A4-01A-11D-A265-05.gdc_hg38.txt"	1	0.401106071292089	0.399534532556361	0.374174467486516	0.796474964028268	0.32580366468383	0.145500629575431	0.101267373513224	0.539756644224698	0.364916878541149	0.39745277777971	0.526713668948793	0.324249557881011	0.438622959704748	0.235442647714264	0.723916834386995	0.603772036902887
"jhu-usc.edu_ESCA.HumanMethylation450.5.lvl-3.TCGA-RE-A7BO-01A-11D-A33F-05.gdc_hg38.txt"	1	0.564671423973069	0.417345330764203	0.483109379944596	0.704969568819107	0.519402003045888	0.265429680164977	0.698947453523711	0.489318615923519	0.528291118914931	0.305916020250738	0.750890189157325	0.663049305757568	0.420925202908686	0.423458199168754	0.693105869876285	0.522118026257791
"jhu-usc.edu_ESCA.HumanMethylation450.2.lvl-3.TCGA-IG-A4P3-01A-11D-A265-05.gdc_hg38.txt"	1	0.761452344455322	0.36433879511268	0.439667849311083	0.733035451988093	0.28924746322854	0.118248294201391	0.180686478436677	0.392328321404454	0.469074787403129	0.262807612975392	0.493749773368697	0.478309465628344	0.339630306619924	0.398924093815372	0.550935341389756	0.383208735406038
"jhu-usc.edu_ESCA.HumanMethylation450.2.lvl-3.TCGA-LN-A4A5-01A-21D-A265-05.gdc_hg38.txt"	1	0.87835924950576	0.31474093482681	0.319106345197562	0.522436283887993	0.380239156410784	0.0349198176185745	0.387370662820947	0.393380759788112	0.389382870859751	0.14394419464066	0.587766923528175	0.618364096665007	0.213616382286795	0.292101037006973	0.531986087720815	0.357454219136771
"jhu-usc.edu_ESCA.HumanMethylation450.9.lvl-3.TCGA-LN-A9FQ-01A-31D-A388-05.gdc_hg38.txt"	1	0.652427735434476	0.358199813135372	0.783160151386271	0.779044586286086	0.302147707380969	0.0986845701120345	0.216079361711573	0.604737365883361	0.068634798717408	0.431186680115311	0.493371142226019	0.780114804380855	0.464527471630694	0.718652032542801	0.825706080315068	0.441808071899672
"jhu-usc.edu_ESCA.HumanMethylation450.8.lvl-3.TCGA-L5-A8NW-01A-11D-A37D-05.gdc_hg38.txt"	1	0.588523015020545	0.39189719506252	0.490450712012303	0.756277452315574	0.500762896104294	0.245646507074966	0.724379789906538	0.440301867069163	0.468312782659282	0.296326214481957	0.737388487764316	0.401275478497953	0.394184099160814	0.511554707214914	0.688656889599581	0.506693218656874
"jhu-usc.edu_ESCA.HumanMethylation450.10.lvl-3.TCGA-X8-AAAR-01A-11D-A409-05.gdc_hg38.txt"	1	0.766736022950796	0.51589740823754	0.549103909943877	0.840285069841449	0.646240749276255	0.613623712186289	0.731540360491311	0.557298303361531	0.721848862715875	0.317936046410223	0.787208394085414	0.892584647985934	0.419580674297308	0.628995456738988	0.750162389667621	0.636059061637609
"jhu-usc.edu_ESCA.HumanMethylation450.3.lvl-3.TCGA-L5-A4OU-01A-11D-A28C-05.gdc_hg38.txt"	1	0.815401246108113	0.339786411225791	0.370015957293461	0.620185760619975	0.385209056881037	0.267026849334323	0.485811637355621	0.390982186738069	0.432598601230843	0.177967571354407	0.602751479234	0.788756367902422	0.239927437405394	0.300333593859759	0.46598425398902	0.431355897313396
"jhu-usc.edu_ESCA.HumanMethylation450.6.lvl-3.TCGA-V5-A7RB-01A-11D-A357-05.gdc_hg38.txt"	1	0.79624622847309	0.505054198543793	0.526205287171505	0.77132077272755	0.590449277695409	0.325221639918327	0.752417089085565	0.537092705118231	0.63875676394053	0.333017503174995	0.743453540422052	0.626892843487307	0.417314416860239	0.500243217656801	0.701503393540313	0.543306913936077
"jhu-usc.edu_ESCA.HumanMethylation450.3.lvl-3.TCGA-L5-A4OX-01A-21D-A28C-05.gdc_hg38.txt"	1	0.744102752612086	0.475083218894964	0.551755872966344	0.804459871749163	0.574871574388414	0.520123959359203	0.742164205287361	0.53480249326719	0.65575058193258	0.390768400438021	0.731606027743427	0.86272362528317	0.441272771307399	0.507741087738976	0.716521846461227	0.577599684667089
"jhu-usc.edu_ESCA.HumanMethylation450.8.lvl-3.TCGA-2H-A9GF-01A-11D-A37D-05.gdc_hg38.txt"	1	0.45152344957268	0.535035918659664	0.640508095904961	0.820410470468367	0.609373548111025	0.235458820623085	0.605758026824879	0.49200751867172	0.518246165041847	0.340729529868253	0.766699458894698	0.322140034626938	0.502790963150433	0.338738728602823	0.787331848416654	0.611434007626446
"jhu-usc.edu_ESCA.HumanMethylation450.8.lvl-3.TCGA-L5-A8NN-01A-11D-A37D-05.gdc_hg38.txt"	1	0.477017214137505	0.344058376782704	0.395945958388117	0.631902675182219	0.246993035701492	0.111793389680546	0.0770735668776054	0.225214690729873	0.365081600614588	0.177363247566124	0.0373441696576009	0.30405042619162	0.269103754694651	0.431810341529812	0.1416103313009	0.367196911951553
"jhu-usc.edu_ESCA.HumanMethylation450.2.lvl-3.TCGA-L5-A4OM-01A-11D-A265-05.gdc_hg38.txt"	1	0.708296082025348	0.279713204074629	0.115424208440571	0.368802898788756	0.0783862721487228	0.162995707956305	0.0540458821088903	0.151249833092585	0.153057455122299	0.380626980862666	0.0281657682632584	0.284552481487324	0.468074150901956	0.477268451746481	0.0196610142709863	0.118680552681769
"jhu-usc.edu_ESCA.HumanMethylation450.2.lvl-3.TCGA-L5-A4OE-01A-11D-A265-05.gdc_hg38.txt"	1	0.822650488121105	0.455503399042876	0.476912051568989	0.742569557351442	0.496011230033334	0.551798330141098	0.736003598739064	0.496488676624414	0.634231569923525	0.297996472504389	0.739908762393705	0.872908549701663	0.408182146159019	0.50658405876365	0.705399870002896	0.5251087741091
"jhu-usc.edu_ESCA.HumanMethylation450.7.lvl-3.TCGA-LN-A8I0-01A-11D-A36K-05.gdc_hg38.txt"	1	0.858802456097402	0.436892570785171	0.342858805998853	0.787150249649349	0.0956010727463687	0.0371528590798173	0.0996751523756365	0.262349447139759	0.667992987283321	0.407258681965832	0.213689362907484	0.427352625162407	0.531527238144802	0.565923529286051	0.557608118695766	0.189691221270296
"jhu-usc.edu_ESCA.HumanMethylation450.1.lvl-3.TCGA-L5-A43E-01A-11D-A249-05.gdc_hg38.txt"	1	0.542445641408839	0.561439132989637	0.596143429237508	0.847161168322963	0.629347322560046	0.393789219272136	0.702158644290846	0.605633423966432	0.74135944486173	0.514038021583041	0.824806610936221	0.685485193193311	0.568350265225581	0.509654380341606	0.843001194654514	0.649248563501962
"jhu-usc.edu_ESCA.HumanMethylation450.2.lvl-3.TCGA-L5-A4ON-01A-11D-A265-05.gdc_hg38.txt"	1	0.275805330751598	0.542598821507935	0.576818387272051	0.82485433023026	0.605933178039647	0.577578566996722	0.819858548704525	0.564643180367884	0.515961864244965	0.455518746302098	0.813164944217504	0.802703898889387	0.518086233860131	0.445211020793621	0.798220183861081	0.62265901358681
"jhu-usc.edu_ESCA.HumanMethylation450.1.lvl-3.TCGA-IG-A3YB-01A-11D-A249-05.gdc_hg38.txt"	1	0.882362589148242	0.517090447893488	0.569762554566187	0.747643121659717	0.554982998365409	0.113639063679538	0.211052601522535	0.55701799262421	0.614227787278985	0.333052380357691	0.494500324425301	0.878407631567081	0.456752897757698	0.56281954668982	0.759183685385236	0.560236491655105
"jhu-usc.edu_ESCA.HumanMethylation450.1.lvl-3.TCGA-LN-A49S-01A-11D-A249-05.gdc_hg38.txt"	1	0.546088034293162	0.480482357321925	0.307464029152361	0.630899808766438	0.136792429112645	0.062020170476211	0.186125218416227	0.305407955436812	0.233907169183944	0.278701806989121	0.294938973742025	0.495436213633604	0.34461709467211	0.31484595081131	0.13833997946404	0.39063654942421
"jhu-usc.edu_ESCA.HumanMethylation450.3.lvl-3.TCGA-L5-A4OW-01A-11D-A28C-05.gdc_hg38.txt"	1	0.614239041653496	0.423324511313824	0.444507928268863	0.746883983673992	0.491405501684421	0.300935587994897	0.59099275634863	0.468782578292718	0.58082986851758	0.283936974294106	0.688906366313858	0.611720028035771	0.407472531164272	0.41404146502268	0.679991256288306	0.540167113130621
"jhu-usc.edu_ESCA.HumanMethylation450.8.lvl-3.TCGA-JY-A939-01A-12D-A37D-05.gdc_hg38.txt"	1	0.855513372229818	0.254930959112235	0.273613268324198	0.483244735617015	0.223632331107885	0.180600373853227	0.31232167791308	0.373281044629699	0.36191814027933	0.116591564355667	0.447345502989414	0.794465452996992	0.191003919005195	0.275701326563084	0.340278266586173	0.325837984126866
"jhu-usc.edu_ESCA.HumanMethylation450.9.lvl-3.TCGA-V5-AASV-01A-11D-A388-05.gdc_hg38.txt"	1	0.538521589971834	0.71812718249425	0.78847603758364	0.881924404129798	0.532901599919825	0.156761567247318	0.733454621262783	0.53070920074303	0.764863067926203	0.630564878979577	0.767790676676374	0.455169771344906	0.688192261005739	0.773760002054167	0.657546312736109	0.52761378302395
"jhu-usc.edu_ESCA.HumanMethylation450.6.lvl-3.TCGA-LN-A7HW-01A-22D-A357-05.gdc_hg38.txt"	1	0.928798246710629	0.211435766209895	0.291588125532724	0.350028995887041	0.13396088644549	0.0447598633928357	0.0558768603584725	0.205053849132397	0.486355089145518	0.312172793107875	0.0298981940072551	0.853298887766311	0.521013145932932	0.229562080241717	0.0376085458795571	0.145923672096007
"jhu-usc.edu_ESCA.HumanMethylation450.5.lvl-3.TCGA-IC-A6RF-11A-21D-A33F-05.gdc_hg38.txt"	0	0.659241288645344	0.440020288913491	0.474812044579078	0.75071010794275	0.509412403916965	0.167825463492245	0.423317060616866	0.517858428038979	0.307814376404449	0.327980012108285	0.696560228811028	0.496607001885672	0.367917118865811	0.254494559161533	0.702700714215545	0.542419871838198
"jhu-usc.edu_ESCA.HumanMethylation450.2.lvl-3.TCGA-LN-A49Y-01A-11D-A265-05.gdc_hg38.txt"	1	0.111284424435698	0.688482933404029	0.416382758147942	0.947738007666196	0.151228169867926	0.0907450885063472	0.0719468112208415	0.202694622480051	0.0445594329561159	0.827665236879283	0.383812414927708	0.0932437503288246	0.673265882536952	0.120129207396584	0.172087097516535	0.358617340285672
"jhu-usc.edu_ESCA.HumanMethylation450.8.lvl-3.TCGA-2H-A9GK-01A-11D-A37D-05.gdc_hg38.txt"	1	0.802852707349739	0.40457688256536	0.471994535356647	0.653311526875369	0.475804650171639	0.149604672347735	0.52360549422481	0.481557200713139	0.500879043994684	0.24912868924811	0.683636646534183	0.719322716876122	0.366228886853318	0.436209186225592	0.666212772711243	0.436980999129513
"jhu-usc.edu_ESCA.HumanMethylation450.1.lvl-3.TCGA-IG-A3YC-01A-11D-A249-05.gdc_hg38.txt"	1	0.899402839523497	0.326390958261204	0.259003214325202	0.536347240112115	0.149394168017701	0.0627691649948953	0.0593304453241701	0.322652368432415	0.443499911538567	0.21328183592414	0.0933207794328035	0.787399209855284	0.355747309680196	0.40324840715119	0.22163609278873	0.24821898916273
"jhu-usc.edu_ESCA.HumanMethylation450.4.lvl-3.TCGA-LN-A5U7-01A-11D-A31V-05.gdc_hg38.txt"	1	0.550355806706939	0.6268930208495	0.368928260881984	0.914603110222352	0.481253385122767	0.351324700321745	0.412576918250607	0.537168027853209	0.628688168416672	0.615594737081865	0.634451976803758	0.433064903978308	0.657888570781978	0.669678373549768	0.62804933366604	0.632411894854973
"jhu-usc.edu_ESCA.HumanMethylation450.4.lvl-3.TCGA-Q9-A6FU-01A-11D-A31V-05.gdc_hg38.txt"	1	0.721421517179335	0.456092579050621	0.075463429627204	0.200477640405482	0.0940622273133803	0.037043522923618	0.063858467120889	0.145728870931911	0.141199283665948	0.330332703175929	0.0419592786709579	0.653823318482259	0.35538809054301	0.363941657453447	0.0275194992262886	0.121871025313996
"jhu-usc.edu_ESCA.HumanMethylation450.2.lvl-3.TCGA-L5-A4OH-01A-11D-A265-05.gdc_hg38.txt"	1	0.507746213758016	0.461751253110858	0.528200708299196	0.787898232988605	0.575206245269914	0.0437406006676132	0.388261651039839	0.561662278343723	0.112634960903992	0.296416805382407	0.638083194083874	0.369069128909584	0.382985022726452	0.351635684628209	0.720726968871716	0.572196675908407
"jhu-usc.edu_ESCA.HumanMethylation450.10.lvl-3.TCGA-VR-AA7B-01A-31D-A409-05.gdc_hg38.txt"	1	0.908552366063084	0.0563963132069127	0.0467923587851546	0.219568978475319	0.0659685231544271	0.0365227216363862	0.0319953563338873	0.119752133341311	0.51650870081119	0.0307059870737229	0.0296178442299899	0.856868282636218	0.0210484901145348	0.472492893629855	0.021793934250137	0.0896197818852807
"jhu-usc.edu_ESCA.HumanMethylation450.3.lvl-3.TCGA-LN-A5U5-01A-21D-A28C-05.gdc_hg38.txt"	1	0.392801011862864	0.540373390214614	0.415332303254096	0.769039731918787	0.395398416655922	0.358552349217201	0.421445562823033	0.562102670313489	0.567892392190023	0.427775135553811	0.645310101458808	0.624234189175559	0.554274715868073	0.271771825971607	0.776162661422883	0.606898929018447
"jhu-usc.edu_ESCA.HumanMethylation450.5.lvl-3.TCGA-JY-A6FA-01A-11D-A33F-05.gdc_hg38.txt"	1	0.316285152243308	0.225088856143536	0.452223547996972	0.856778895864232	0.0904521941166509	0.0591766749173434	0.0625798280110592	0.225607137685033	0.118971449188639	0.634092564154455	0.0529167272493037	0.378411901910479	0.608439218591614	0.141826104430289	0.0583490157704769	0.124294486424741
"jhu-usc.edu_ESCA.HumanMethylation450.8.lvl-3.TCGA-R6-A8W5-01B-11D-A37D-05.gdc_hg38.txt"	1	0.453497707803064	0.342386153472742	0.440548890512053	0.682734965887832	0.473314280750268	0.0596204263779111	0.526480298409745	0.47009544943307	0.283335594749554	0.222991190285484	0.64652240536793	0.437780499981716	0.374545555951472	0.308324269281017	0.685267803570891	0.492395382523424
"jhu-usc.edu_ESCA.HumanMethylation450.9.lvl-3.TCGA-LN-A9FR-01A-11D-A388-05.gdc_hg38.txt"	1	0.621171511591939	0.437118570162334	0.57237392327896	0.645761197098742	0.489368645452402	0.297629354915991	0.403109958908496	0.489948105341512	0.525193433293903	0.159120986087989	0.604422824646043	0.818841084608574	0.274198118199333	0.439468955088244	0.59789023447563	0.47907183913507
"jhu-usc.edu_ESCA.HumanMethylation450.7.lvl-3.TCGA-VR-A8EQ-01A-11D-A36K-05.gdc_hg38.txt"	1	0.747983747335032	0.379381179209904	0.370237350793965	0.627446242750555	0.447255202169134	0.227866022987016	0.424741847375627	0.471836283226948	0.387936787017565	0.156164776123601	0.622322961277671	0.734090983042074	0.24213667911259	0.328464270601681	0.536219403392868	0.444761712944201
"jhu-usc.edu_ESCA.HumanMethylation450.7.lvl-3.TCGA-LN-A8I1-01A-11D-A36K-05.gdc_hg38.txt"	1	0.457728672544223	0.412013383006222	0.365882316647727	0.747724679077595	0.457419984297411	0.0419641449156381	0.222036987825983	0.451521102439061	0.263061672488851	0.506579970237309	0.465651090524051	0.296865098060865	0.57711123616036	0.121353736341806	0.857465858865754	0.492373412095613
"jhu-usc.edu_ESCA.HumanMethylation450.5.lvl-3.TCGA-JY-A6FE-01A-11D-A33F-05.gdc_hg38.txt"	1	0.429605154276794	0.0495000747114317	0.0506008289905542	0.426169207056964	0.110397517444211	0.0362997046052839	0.0594107802603947	0.110913158256598	0.427138951586486	0.0218007603174383	0.0428536630495064	0.258862429812642	0.0223842499700026	0.0713563982922776	0.0386174465614628	0.102147260521748
"jhu-usc.edu_ESCA.HumanMethylation450.7.lvl-3.TCGA-Z6-A8JD-01A-11D-A36K-05.gdc_hg38.txt"	1	0.810917276197361	0.405563873182615	0.46580655987173	0.594047698135734	0.262007761241589	0.132654205048203	0.240096579503049	0.409035129734228	0.376609066087255	0.250746657125852	0.414648457856738	0.659381836253152	0.239694258511372	0.340140760694856	0.431443302301756	0.358722896276793
"jhu-usc.edu_ESCA.HumanMethylation450.2.lvl-3.TCGA-LN-A49M-01A-21D-A265-05.gdc_hg38.txt"	1	0.415592482896127	0.472132603120634	0.58128827452426	0.804397625040274	0.551313902185259	0.0423883038716145	0.0706279848672696	0.53615997975595	0.219644265454524	0.401638257792216	0.215746595862166	0.311777181698999	0.495767826162177	0.460306856330102	0.768913819878333	0.553136802969416
"jhu-usc.edu_ESCA.HumanMethylation450.7.lvl-3.TCGA-VR-A8EW-01A-11D-A36K-05.gdc_hg38.txt"	1	0.882589668201742	0.114917581125389	0.102745868082598	0.186855773763419	0.0920504741259161	0.0352506847792134	0.0723898379738764	0.235093238890501	0.16903020639728	0.0349487167630757	0.0928391491639854	0.718575004774635	0.039073539243736	0.408830499886547	0.0903571061430991	0.155182539826302
"jhu-usc.edu_ESCA.HumanMethylation450.7.lvl-3.TCGA-L5-A88Z-01A-11D-A36K-05.gdc_hg38.txt"	1	0.587636896645471	0.620652889128935	0.754312734823286	0.877376443111513	0.729120842002509	0.0602990802832536	0.459473871142607	0.665625835350313	0.29388677850313	0.497846527727074	0.80738589312461	0.414883156645936	0.579962173346589	0.5328833500014	0.853252511452791	0.666342735727056
"jhu-usc.edu_ESCA.HumanMethylation450.8.lvl-3.TCGA-2H-A9GN-01A-11D-A37D-05.gdc_hg38.txt"	1	0.317358723770728	0.542767539562173	0.559363975076826	0.895457869527087	0.64763611562828	0.598030562198726	0.8361432903633	0.49435346840831	0.715517658738314	0.468947035841798	0.86098111588833	0.472894940322046	0.547806216785494	0.52968049274008	0.802889972560865	0.678840454793505
"jhu-usc.edu_ESCA.HumanMethylation450.4.lvl-3.TCGA-R6-A6DQ-01B-11D-A31V-05.gdc_hg38.txt"	1	0.564541420926887	0.413672425974566	0.543104724198796	0.746770492701986	0.465567818670768	0.339521994969279	0.529724517606321	0.490411685487404	0.495147584390111	0.269519118774019	0.733801121890774	0.715680441817695	0.394938367714661	0.443199553500991	0.693363590459314	0.514552935186196
"jhu-usc.edu_ESCA.HumanMethylation450.7.lvl-3.TCGA-L5-A891-01A-11D-A36K-05.gdc_hg38.txt"	1	0.223093911853685	0.220075856203402	0.362569666641106	0.559280479791743	0.271616095973626	0.0526463739257234	0.115033382519513	0.285774164090331	0.0472597265054023	0.501173221387239	0.0304752221114378	0.228536170429335	0.451871816861774	0.0700028765682008	0.209767944517584	0.299386719113015
"jhu-usc.edu_ESCA.HumanMethylation450.8.lvl-3.TCGA-2H-A9GQ-01A-11D-A37D-05.gdc_hg38.txt"	1	0.23019675737186	0.496639382222326	0.706341829737714	0.886631993305348	0.463486240797436	0.0590212260357979	0.105953473565751	0.61351067481718	0.0824595330917312	0.69241762996219	0.471909200513382	0.177190381622772	0.73873094707084	0.430199737922333	0.864895257683219	0.650444330368497
"jhu-usc.edu_ESCA.HumanMethylation450.1.lvl-3.TCGA-IG-A3QL-01A-11D-A249-05.gdc_hg38.txt"	1	0.838088514632791	0.672932672610732	0.319201983687648	0.524803216489495	0.0680356525213634	0.439478808650253	0.0632637982097129	0.141128181817747	0.777141692117339	0.635560280130619	0.040801305880016	0.860543901366711	0.678075602453263	0.731227668718148	0.0226428708759265	0.104196069150947
"jhu-usc.edu_ESCA.HumanMethylation450.8.lvl-3.TCGA-VR-A8Q7-01A-11D-A37D-05.gdc_hg38.txt"	1	0.612883695128804	0.306073614247773	0.117702653191172	0.452996647302895	0.0761523366081041	0.0453489068935736	0.0716101981711843	0.200206398708998	0.101549384408281	0.112680218237175	0.0418155656902833	0.416348222970829	0.175065359145088	0.199758940591647	0.0535883590156365	0.148618580852036
"jhu-usc.edu_ESCA.HumanMethylation450.1.lvl-3.TCGA-IG-A3I8-01A-11D-A249-05.gdc_hg38.txt"	1	0.815658613011294	0.632488215954394	0.66721887875084	0.839726293359133	0.496917102449591	0.609138709533131	0.544422765204621	0.491878038446116	0.54873508272964	0.571084605463379	0.74314949644016	0.694509558520018	0.624003351617123	0.701242510447591	0.673317551720844	0.490700359680673
"jhu-usc.edu_ESCA.HumanMethylation450.5.lvl-3.TCGA-JY-A6FD-01A-11D-A33F-05.gdc_hg38.txt"	1	0.788109173102157	0.157572542940451	0.153436823266414	0.266805409222197	0.105727253764522	0.0457525380727248	0.050002702821626	0.245843412271425	0.177727592344071	0.0425494715933655	0.0543750733854525	0.647387216355359	0.0448014419916013	0.177024862066508	0.0717379205657814	0.166488083418907
"jhu-usc.edu_ESCA.HumanMethylation450.2.lvl-3.TCGA-L5-A4OQ-01A-11D-A265-05.gdc_hg38.txt"	1	0.53479290479258	0.401013052750517	0.467220841116716	0.637296129741718	0.121811589726986	0.0430033955500692	0.170446455644534	0.47665384446843	0.118068805392675	0.296992215100263	0.465053130995117	0.407205110759619	0.379116948097947	0.265886110087331	0.715712186158482	0.336775951464896
"jhu-usc.edu_ESCA.HumanMethylation450.7.lvl-3.TCGA-VR-A8EU-01A-11D-A36K-05.gdc_hg38.txt"	1	0.881417225811426	0.104258965775204	0.399028394386212	0.437380248478231	0.0824565464769415	0.0423579695670126	0.0859747674331737	0.171057079775912	0.495056689469299	0.0782022624005988	0.0451771319404911	0.878766024017747	0.0490507850275141	0.496102884251771	0.0299708161371177	0.175673771328201
"jhu-usc.edu_ESCA.HumanMethylation450.7.lvl-3.TCGA-VR-A8EX-01A-11D-A36K-05.gdc_hg38.txt"	1	0.715285995052293	0.494814990939684	0.475593731679222	0.686390473306928	0.456483001973983	0.102418525753459	0.272168837385283	0.51400586963137	0.362090609458775	0.339441943583454	0.550707998181561	0.58586189888754	0.444307361438648	0.467224531855845	0.639552179105137	0.479394322487741
"jhu-usc.edu_ESCA.HumanMethylation450.8.lvl-3.TCGA-2H-A9GH-01A-11D-A37D-05.gdc_hg38.txt"	1	0.422334408351594	0.463983140056271	0.552571724090301	0.742925547025615	0.41946654083413	0.341076126128178	0.625857425841794	0.459675317294364	0.466739260942109	0.2832143937324	0.731029709101169	0.387409365726929	0.418191904870319	0.460548388309712	0.697079330821201	0.574152231660706
"jhu-usc.edu_ESCA.HumanMethylation450.8.lvl-3.TCGA-Z6-A9VB-01A-21D-A37D-05.gdc_hg38.txt"	1	0.453221977695208	0.522115325477492	0.658853577100988	0.837627008353033	0.622737552251226	0.348544301127238	0.620290101051119	0.52307133969821	0.63209243482926	0.421836494334933	0.767112009142569	0.752286439495296	0.421220230650306	0.573459357956269	0.791498578406816	0.595084952146961
"jhu-usc.edu_ESCA.HumanMethylation450.1.lvl-3.TCGA-LN-A49K-01A-11D-A249-05.gdc_hg38.txt"	1	0.592291744881516	0.529730245673386	0.479985481695507	0.800313662721601	0.561620641111413	0.205178531815138	0.675600320210158	0.561107775286647	0.510199942177184	0.433348223643749	0.748856897788476	0.625953313531573	0.503646996828736	0.435885107112359	0.766065850187099	0.579572100334313
"jhu-usc.edu_ESCA.HumanMethylation450.7.lvl-3.TCGA-L5-A8NJ-01A-11D-A36K-05.gdc_hg38.txt"	1	0.556946351666834	0.814710381855262	0.80541073220744	0.939747400019709	0.820711198986204	0.738075475412092	0.79121986231207	0.772586461924209	0.87580421692854	0.743033459189491	0.92498405098169	0.744281956008012	0.751424363464385	0.778606823735667	0.912449792021906	0.847316002912008
"jhu-usc.edu_ESCA.HumanMethylation450.2.lvl-3.TCGA-IG-A4QT-01A-21D-A265-05.gdc_hg38.txt"	1	0.877587305548374	0.202008853493118	0.238182312871784	0.427615233858128	0.169537122807689	0.0559154403457515	0.097497433220606	0.344679670153814	0.19460437727995	0.116016698944784	0.232212477921718	0.708783512533864	0.137571478972816	0.184355290492468	0.264303569136624	0.252210430603216
"jhu-usc.edu_ESCA.HumanMethylation450.7.lvl-3.TCGA-XP-A8T6-01A-11D-A36K-05.gdc_hg38.txt"	1	0.713679212592307	0.441729449511635	0.338629711341611	0.6835104541633	0.167645288339366	0.390894935593353	0.158227811479369	0.324614259475283	0.546058916905362	0.329053430673516	0.328486609306076	0.490109578258623	0.429016659487555	0.524202453403837	0.134312958812488	0.283634923737779
"jhu-usc.edu_ESCA.HumanMethylation450.2.lvl-3.TCGA-IG-A51D-01A-11D-A265-05.gdc_hg38.txt"	1	0.646386306774287	0.362078531821893	0.382069874366683	0.690679951164886	0.470256810341075	0.041129964773686	0.124677904208253	0.475371822115892	0.285317900967487	0.228626770836435	0.271143731818881	0.439730888691262	0.272993333264569	0.328704952013359	0.626097463576342	0.44142604883751
"jhu-usc.edu_ESCA.HumanMethylation450.7.lvl-3.TCGA-LN-A8HZ-01A-11D-A36K-05.gdc_hg38.txt"	1	0.737357699085907	0.51161340749055	0.545171213614816	0.817203356711032	0.461557066692513	0.189269015154608	0.548148300266107	0.486534776372975	0.377567935181857	0.371429802228211	0.718157966248774	0.613493854074606	0.426987376537664	0.49590935137907	0.643299935162998	0.59463071576567
"jhu-usc.edu_ESCA.HumanMethylation450.3.lvl-3.TCGA-LN-A4MR-01A-11D-A28C-05.gdc_hg38.txt"	1	0.664348671276679	0.427264006301	0.475976370874745	0.699626786871226	0.447713355065866	0.0519159423170731	0.359662516162939	0.437463761306939	0.459021643309147	0.23112265326437	0.61251528085033	0.387063718291647	0.364389726790644	0.404568607381134	0.667328211975972	0.525045199643834
"jhu-usc.edu_ESCA.HumanMethylation450.5.lvl-3.TCGA-R6-A6Y0-01B-11D-A33F-05.gdc_hg38.txt"	1	0.783448129238917	0.357791426061736	0.423492189061175	0.613681801273727	0.438825048590139	0.0663854189196768	0.21851830880842	0.475118651784812	0.305641548886879	0.182764725934559	0.538331768569374	0.548449258332205	0.302109224131078	0.312148787858699	0.610385502688484	0.437050765116134
"jhu-usc.edu_ESCA.HumanMethylation450.9.lvl-3.TCGA-IG-A97I-01A-11D-A388-05.gdc_hg38.txt"	1	0.894491306364617	0.556030134521795	0.540034187264158	0.756721852770115	0.602889134409118	0.157847250638871	0.731810565831026	0.566690549780335	0.612672052319875	0.283717853641866	0.789190002822476	0.892676389724462	0.490096744067815	0.486348435459911	0.687158950510565	0.588324412249349
"jhu-usc.edu_ESCA.HumanMethylation450.7.lvl-3.TCGA-IG-A8O2-01A-11D-A36K-05.gdc_hg38.txt"	1	0.239033263226259	0.643162696579881	0.327122216675411	0.881367586331418	0.339303167498742	0.0839852848311585	0.372014178803439	0.421897738822639	0.471810856462736	0.607442655726329	0.561256241231243	0.227447740786137	0.636159481261362	0.352093776635023	0.533857808662437	0.421671433132904
"jhu-usc.edu_ESCA.HumanMethylation450.6.lvl-3.TCGA-V5-A7RE-11A-11D-A357-05.gdc_hg38.txt"	0	0.6519618838881	0.558441341640097	0.628842192613709	0.867642537136189	0.635654891917541	0.0684366299541131	0.610788557208532	0.602579557626529	0.678690765874309	0.459053438452159	0.781141397315424	0.558190569528732	0.451872207656235	0.578549011734903	0.782245460433274	0.647411815527367
"jhu-usc.edu_ESCA.HumanMethylation450.6.lvl-3.TCGA-LN-A7HY-01A-12D-A357-05.gdc_hg38.txt"	1	0.646378741532924	0.488802785628073	0.523852696610798	0.729780586283361	0.555184826202347	0.322146822990577	0.708952932969301	0.50221221028527	0.596169163690349	0.301964845191046	0.749772579849289	0.69155878947809	0.387662296260472	0.525779870181807	0.72932589408755	0.550829427120409
"jhu-usc.edu_ESCA.HumanMethylation450.7.lvl-3.TCGA-XP-A8T7-01A-11D-A36K-05.gdc_hg38.txt"	1	0.412394394935848	0.530342008582932	0.523897885907921	0.808545182806751	0.612139388816925	0.0882260905962903	0.752040576779234	0.603637845746085	0.476922130204019	0.467929453486132	0.730257775366311	0.323490829950742	0.488810690615583	0.447659530136189	0.75404889067697	0.453569230323406
"jhu-usc.edu_ESCA.HumanMethylation450.7.lvl-3.TCGA-L5-A88S-01A-11D-A36K-05.gdc_hg38.txt"	1	0.921584579347359	0.436905210611547	0.152615568298681	0.58021035876051	0.0848479375988826	0.0480053052270551	0.0551266780172681	0.106929119279575	0.420382979074893	0.182677381607799	0.0255174691341318	0.777766549156513	0.321226443151627	0.478964689151134	0.0280563398307946	0.11354114460786
"jhu-usc.edu_ESCA.HumanMethylation450.1.lvl-3.TCGA-IG-A3YA-01A-11D-A249-05.gdc_hg38.txt"	1	0.919247739510872	0.398890510016736	0.265379542027955	0.534210046039388	0.104425326512287	0.374212681506373	0.0634397660495781	0.250917825512295	0.216871969404919	0.239457768262432	0.0385698627458253	0.75754524148672	0.358574566452245	0.425828800051266	0.0800723980024868	0.172840471099848
"jhu-usc.edu_ESCA.HumanMethylation450.2.lvl-3.TCGA-L5-A4OF-01A-11D-A265-05.gdc_hg38.txt"	1	0.631718178306372	0.355256776641738	0.234063292207623	0.417134588271276	0.345041140860656	0.159111811953288	0.352914998289599	0.410635862034561	0.262033318541029	0.19784444043453	0.519118316853962	0.435698456624643	0.334927650945865	0.348100343028659	0.634506640609262	0.343652103551605
