	Symbol	cor	pval	absCOR
391	MIR4635	-0.0109435725265401	0.262394991612885	0.0109435725265401
451	MIR378D1	0.00577625798571753	0.55415676927344	0.00577625798571753
543	MIR4740	0.0309988634974814	0.00149676498132892	0.0309988634974814
577	MIR129-2	0.0106724910380363	0.274400439190043	0.0106724910380363
607	MIR516A2	0.00386229572943448	0.692449298606109	0.00386229572943448
660	MIR548C	-0.00669239804036179	0.493112936093646	0.00669239804036179
723	MIR638	-0.0255164731561691	0.00896124444124122	0.0255164731561691
741	MIR548AM	0.00598837736534476	0.539700327743382	0.00598837736534476
743	MIR574	-0.0431162500735345	9.9837756028216e-06	0.0431162500735345
755	MIR569	0.0111948571366087	0.251594777382249	0.0111948571366087
773	MIR3117	0.0553255381091293	1.42674206213742e-08	0.0553255381091293
781	MIR217	0.00611797587978952	0.530961746562258	0.00611797587978952
1160	MIR4421	-0.00581380938360872	0.551583807465986	0.00581380938360872
1187	MIR519D	-0.00273929764409684	0.77907254054637	0.00273929764409684
1199	MIR1323	-0.000901015834113727	0.926482176534925	0.000901015834113727
1207	MIR5194	-7.25244411297109e-05	0.994074070952029	7.25244411297109e-05
1245	MIR4518	-0.0262525782001366	0.00716770586099745	0.0262525782001366
1256	MIR4659B	0.0128249991109499	0.189033756591441	0.0128249991109499
1373	MIR5000	0.0370380832084791	0.000148050905104213	0.0370380832084791
1588	MIR194-1	-0.000681866795645655	0.944329795894391	0.000681866795645655
1612	MIR4266	0.0230340016382841	0.0183148543049226	0.0230340016382841
1638	MIR515-1	-0.00622060602218898	0.52409288222275	0.00622060602218898
1676	MIR607	0.00835268614334517	0.392329221186821	0.00835268614334517
1706	MIR4672	0.000849617931789137	0.930665065629672	0.000849617931789137
1736	MIR3156-1	0.0136033667147781	0.163569967819385	0.0136033667147781
1787	MIR378C	0.00917479629388575	0.347424386788509	0.00917479629388575
1839	MIR2115	0.0460322363018132	2.39827688137346e-06	0.0460322363018132
1889	MIR520G	0.00479873934476839	0.623119163037178	0.00479873934476839
1935	MIR378A	-0.0538664468639044	3.38248650740877e-08	0.0538664468639044
1936	MIR548U	0.0296120276933519	0.00241984539016808	0.0296120276933519
1937	MIR421	0.0228985789855741	0.0190109330676716	0.0228985789855741
1971	MIR596	-0.0216667869144154	0.0264783212304196	0.0216667869144154
1983	MIRLET7F2	-0.00423636852485886	0.664403125707007	0.00423636852485886
2096	MIR2113	0.0149030112964898	0.126940216405215	0.0149030112964898
2263	MIR190A	-0.00483502989725194	0.620493512791988	0.00483502989725194
2325	MIR3943	0.0590673798082346	1.4104032060306e-09	0.0590673798082346
2593	MIR3179-3	-0.00159297710221571	0.870412542568172	0.00159297710221571
2699	MIR4253	-0.0170049002474075	0.0815833349173514	0.0170049002474075
2710	MIR4427	0.00186039320485536	0.848901488684042	0.00186039320485536
2720	MIR4309	-0.00261531581222932	0.788829395033388	0.00261531581222932
2721	MIR190B	-0.00253148456604474	0.795445485907232	0.00253148456604474
2948	MIR1302-8	0.0699820503196231	7.20145935749365e-13	0.0699820503196231
3025	MIR1238	-0.0248395163136902	0.0109537754728413	0.0248395163136902
3079	MIR4791	-0.000291978915638255	0.976145910870342	0.000291978915638255
3099	MIR3684	0.00368957909526232	0.705545347664321	0.00368957909526232
3182	MIR548AP	-0.00285436534959892	0.770048193708541	0.00285436534959892
3265	MIR4290	-0.00492338030830437	0.614121524056284	0.00492338030830437
3329	MIR3176	0.00670845053931304	0.492076389965107	0.00670845053931304
3549	MIR4654	0.00736208337121388	0.450879185370044	0.00736208337121388
3577	MIR507	-0.00820127704213806	0.400967503031375	0.00820127704213806
3596	MIR4686	-0.0215665411051913	0.0271848035972538	0.0215665411051913
3765	MIR4665	-0.0213191432158377	0.0289983080824471	0.0213191432158377
3886	MIR2681	0.0366677460557902	0.000172408256423926	0.0366677460557902
3892	MIR3923	0.0641324095339305	4.88261434049483e-11	0.0641324095339305
3909	MIR4435-2	0.0313675677628967	0.00131312379043697	0.0313675677628967
4046	MIR5580	-0.0126293762801309	0.195870328454628	0.0126293762801309
4083	MIR1273C	0.0960785001174027	6.07796121248223e-23	0.0960785001174027
4129	MIR5683	0.00227402850312594	0.815854480881287	0.00227402850312594
4396	MIR3165	-0.0205644151208162	0.0351875455086825	0.0205644151208162
4422	MIR3118-4	-0.00489106611095742	0.616448738467988	0.00489106611095742
4437	MIR4676	-0.000475559592671932	0.961157303753704	0.000475559592671932
4486	MIR660	-0.00899576661025355	0.356913882161888	0.00899576661025355
4496	MIR4690	-0.00786965797968703	0.420281877435365	0.00786965797968703
4522	MIR4533	0.00535786957304469	0.583214571108553	0.00535786957304469
4549	MIR629	0.00370670135513364	0.704243092796185	0.00370670135513364
4734	MIR369	0.0189508312860495	0.0522703586905981	0.0189508312860495
4915	MIR548H3	0.00358284074204082	0.713682788823503	0.00358284074204082
4940	MIR3192	0.0177271380707222	0.0694390926432522	0.0177271380707222
5004	MIR1250	0.135612909728654	3.04145669081596e-44	0.135612909728654
5050	MIR4464	0.021716265475213	0.0261355055350208	0.021716265475213
5058	MIR3140	0.00543234711627342	0.577990339284898	0.00543234711627342
5112	MIR449A	-0.00826092541954303	0.397550858735035	0.00826092541954303
5122	MIR5691	-0.0182277102445469	0.06192568543676	0.0182277102445469
5158	MIR1205	0.0181582846399808	0.0629257270047475	0.0181582846399808
5271	MIR618	0.00146922626107384	0.880400655527558	0.00146922626107384
5296	MIR208A	0.00846062534766237	0.386240462631228	0.00846062534766237
5297	MIR3121	0.00490981400507146	0.615098075164109	0.00490981400507146
5354	MIR4286	-0.000898599717754381	0.926678761502706	0.000898599717754381
5379	MIR619	0.0212459093940539	0.0295547211790714	0.0212459093940539
5472	MIR557	-0.00228451388379665	0.815020740227402	0.00228451388379665
5524	MIR551B	0.0269351119632277	0.00579989762113213	0.0269351119632277
5533	MIR4705	0.0309017847777891	0.00154890552079725	0.0309017847777891
5538	MIR489	0.0042307013156861	0.664824661597228	0.0042307013156861
5578	MIR758	0.0224930873280411	0.0212352953416667	0.0224930873280411
5631	MIR187	-0.0246394365008166	0.0116136650675352	0.0246394365008166
5735	MIR3134	0.00878636049492609	0.36821853540819	0.00878636049492609
5805	MIR200A	-0.0870214207950185	4.31145226001603e-19	0.0870214207950185
5838	MIR4786	0.0201149210449334	0.0393844685918646	0.0201149210449334
5862	MIR3941	-0.00852394705417044	0.38269553536142	0.00852394705417044
5867	MIR4269	0.010674361359325	0.274316342993523	0.010674361359325
5915	MIR921	0.041894362080021	1.76893202548787e-05	0.041894362080021
5928	MIR578	0.137329801488826	2.4557229846113e-45	0.137329801488826
5935	MIR5698	-0.000240198969485695	0.980375283156342	0.000240198969485695
5937	MIR4498	-0.00691062928588054	0.479121887847445	0.00691062928588054
5966	MIR3123	0.0417811521468248	1.86378350116558e-05	0.0417811521468248
6257	MIR4283-1	-0.0060817665186664	0.533396031258257	0.0060817665186664
6315	MIR4494	0.0035789200998117	0.713982315630878	0.0035789200998117
6345	MIR182	0.00400484934951209	0.681708942060931	0.00400484934951209
6354	MIR571	0.00735935675361027	0.451046883531669	0.00735935675361027
6472	MIR4477B	0.181067974003622	5.17395890328287e-78	0.181067974003622
6713	MIR135B	-0.0076542493902445	0.433115427370768	0.0076542493902445
6742	MIR548AR	0.0231630197497384	0.0176725504062354	0.0231630197497384
6759	MIR4778	-0.00182717607078162	0.851567716261163	0.00182717607078162
6800	MIR1271	0.0882534590071365	1.35847534380577e-19	0.0882534590071365
6806	MIR181C	0.117894428989199	8.72560958701945e-34	0.117894428989199
6919	MIR4433	-0.000517714439010291	0.957717278719299	0.000517714439010291
6922	MIR602	0.0563935807475798	7.47977705710973e-09	0.0563935807475798
6933	MIR561	-0.0141610706849248	0.146978597156844	0.0141610706849248
7021	MIR208B	0.0014942524539106	0.878379166307222	0.0014942524539106
7160	MIR3664	-0.0068200819998176	0.484900530007767	0.0068200819998176
7186	MIR1343	-0.00268478379298447	0.783358366949892	0.00268478379298447
7450	MIR548F2	-0.0051018936744496	0.601335710790261	0.0051018936744496
7527	MIR548M	-0.00257247645192758	0.792208473507925	0.00257247645192758
7544	MIR891A	0.00291236470743584	0.76551120170206	0.00291236470743584
7546	MIR606	0.0160673432470936	0.0998587758865438	0.0160673432470936
7553	MIR891B	0.00032366034077188	0.97355850347726	0.00032366034077188
7556	MIR4512	0.00601358327644661	0.53799511765283	0.00601358327644661
7572	MIR3199-2	-0.00479129657672169	0.623658247174621	0.00479129657672169
7624	MIR3910-1	0.00593143932847392	0.543562185805733	0.00593143932847392
7631	MIR4674	0.0415045683478384	2.11630943485801e-05	0.0415045683478384
7652	MIR3170	0.00969964970860233	0.320539466881364	0.00969964970860233
7675	MIR4312	0.022998100247129	0.0184971812611693	0.022998100247129
7783	MIR5585	0.0349654092459848	0.000341169491080429	0.0349654092459848
7797	MIR320B1	0.0117175265974425	0.230133333947146	0.0117175265974425
7847	MIR4527	0.0090659389032385	0.353175102919529	0.0090659389032385
7896	MIR5693	0.028134088245335	0.00395485873778721	0.028134088245335
8041	MIR497HG	0.205086007142894	5.20181334438552e-100	0.205086007142894
8118	MIR514B	-0.0466435023813208	1.75913496575838e-06	0.0466435023813208
8133	MIR4508	0.0639177551966049	5.66114207438188e-11	0.0639177551966049
8245	MIR3118-5	-0.0133194387717548	0.172541069171564	0.0133194387717548
8267	MIR329-2	0.0455238578304199	3.09446626350479e-06	0.0455238578304199
8298	MIR509-3	-0.0358756291140654	0.000237707661440866	0.0358756291140654
8327	MIR525	-0.00632118131243069	0.517406006878	0.00632118131243069
8362	MIR502	0.000490276913774295	0.959956218728472	0.000490276913774295
8419	MIR1233-1	0.00832504669212227	0.393897648709579	0.00832504669212227
8542	MIR339	0.0169163827201275	0.0831836404449242	0.0169163827201275
8551	MIR4499	-0.00291079788806518	0.765633661072652	0.00291079788806518
8587	MIR139	3.49862032464274e-05	0.99714127793103	3.49862032464274e-05
8725	MIR877	0.0055495341868627	0.569815104722494	0.0055495341868627
8815	MIR4306	0.00413919980332017	0.671645277952556	0.00413919980332017
8825	MIR4514	0.0135556469734797	0.165052653414322	0.0135556469734797
8850	MIR320C2	0.0333682866237882	0.000630488509284419	0.0333682866237882
8872	MIR10B	0.0562344213764572	8.24149976983381e-09	0.0562344213764572
8896	MIR4451	0.0169236466855383	0.083051364908312	0.0169236466855383
8897	MIR340	0.0102840129504499	0.2922501885177	0.0102840129504499
8927	MIR5092	0.0166111265644375	0.0888983329356063	0.0166111265644375
9175	MIR4493	0.0022300070134824	0.819357095684062	0.0022300070134824
9223	MIR221	-0.0609151491984354	4.26445002401933e-10	0.0609151491984354
9327	MIR4265	0.0301978167663566	0.00197998384778438	0.0301978167663566
9347	MIR4752	-0.0035672753810352	0.714872201371386	0.0035672753810352
9495	MIR324	-0.0271044406730413	0.00549924438450373	0.0271044406730413
9539	MIR3686	0.00940639454541517	0.335388953405837	0.00940639454541517
9559	MIR515-2	-0.00130982191625629	0.893294281980489	0.00130982191625629
9591	MIR541	0.0300285243251352	0.00209889628570819	0.0300285243251352
9595	MIR4310	-0.011555134235587	0.236657225504825	0.011555134235587
9606	MIR491	-0.0018054370044065	0.853313558775608	0.0018054370044065
9614	MIR4535	0.0199837580363793	0.0406864719943307	0.0199837580363793
9624	MIR3200	0.00179410941454186	0.854223551434973	0.00179410941454186
9661	MIR876	0.0154121024910277	0.114468241533648	0.0154121024910277
9670	MIR152	0.0038859141086789	0.690665479050864	0.0038859141086789
9690	MIR105-1	-0.00912948572604424	0.349810778110415	0.00912948572604424
9962	MIR412	0.0371393746863168	0.000141976145221304	0.0371393746863168
9982	MIR5687	3.69426128199706e-05	0.996981420480607	3.69426128199706e-05
9986	MIR3188	0.00674294344874868	0.489853064392314	0.00674294344874868
10007	MIR3151	0.245593871602477	6.55546499753215e-144	0.245593871602477
10165	MIR519A1	0.0158409939514673	0.104727540852998	0.0158409939514673
10218	MIR5197	-0.000428317679740754	0.965013312637158	0.000428317679740754
10247	MIR610	-0.00984331616965031	0.313423920419599	0.00984331616965031
10255	MIR4448	0.072892246776705	7.73627100842339e-14	0.072892246776705
10277	MIR5701-2	-0.00577172062057496	0.554468059522705	0.00577172062057496
10298	MIR548X2	0.0193152034114798	0.0479032781368004	0.0193152034114798
10305	MIR181D	0.171822252923596	2.54715858553856e-70	0.171822252923596
10310	MIR4311	0.0491167210223484	4.82845100986548e-07	0.0491167210223484
10327	MIR550A1	-0.00338248521041386	0.729044970543788	0.00338248521041386
10348	MIR623	0.0107878457817273	0.269246605417696	0.0107878457817273
10360	MIR520E	-0.00413553200550227	0.671919248435735	0.00413553200550227
10431	MIR181A1	0.0276388615216633	0.00464034445740433	0.0276388615216633
10434	MIR769	-0.00222180739326755	0.820009907413628	0.00222180739326755
10474	MIR4438	0.0084113634268772	0.389012098015967	0.0084113634268772
10477	MIR1276	0.0758855232894816	7.10796689995213e-15	0.0758855232894816
10518	MIR4289	0.00331983992196392	0.733871025051808	0.00331983992196392
10597	MIR149	-0.00230401803955251	0.813470433153952	0.00230401803955251
10616	MIR548AJ2	-0.00396592014048788	0.684635686162208	0.00396592014048788
10626	MIR3146	0.0059519087423221	0.542172253247944	0.0059519087423221
10640	MIR191	-0.0218480344261629	0.0252411855500917	0.0218480344261629
10677	MIR634	0.00578575039961227	0.553505809920582	0.00578575039961227
10682	MIR183	0.00317185543808704	0.745312946179805	0.00317185543808704
10721	MIR551A	0.0233464221752942	0.0167934996672578	0.0233464221752942
10751	MIR3142HG	-0.0471205619370096	1.37753521731532e-06	0.0471205619370096
10770	MIR3616	-0.0178242788963279	0.0679252195153919	0.0178242788963279
10818	MIR4465	0.0289931571556933	0.00298022914525953	0.0289931571556933
10915	MIR4755	-0.00320064297102447	0.743082644275921	0.00320064297102447
10916	MIR425	0.00588505991019252	0.546718028233734	0.00588505991019252
10962	MIR449C	-0.00606016335644669	0.534851051521581	0.00606016335644669
11059	MIRLET7I	0.0463034615852556	2.09112362243591e-06	0.0463034615852556
11103	MIR4673	0.023275930853961	0.017126718730992	0.023275930853961
11247	MIR4495	-0.00856447031026907	0.380437426723614	0.00856447031026907
11318	MIR199B	0.0258240883676661	0.00816795422862625	0.0258240883676661
11348	MIR4663	0.00963862661283936	0.323593529565816	0.00963862661283936
11378	MIR181A2	0.0131657986844187	0.177546457092623	0.0131657986844187
11414	MIR548K	-0.00430513797516056	0.659296436515871	0.00430513797516056
11433	MIR4650-1	0.0200757826763962	0.0397692253336434	0.0200757826763962
11443	MIR323B	0.0170529809972896	0.0807246076426927	0.0170529809972896
11514	MIR609	-0.00639167175349668	0.512745819653094	0.00639167175349668
11527	MIR4257	0.0115770781682958	0.235768097836106	0.0115770781682958
11565	MIR320D1	0.00689511098342626	0.480109574517645	0.00689511098342626
11578	MIR526A1	-0.0069150284661131	0.478842097031096	0.0069150284661131
11581	MIR4472-2	-0.00396611297854387	0.684621176649392	0.00396611297854387
11586	MIR499A	0.0136253625785868	0.162889930295556	0.0136253625785868
11642	MIR3142	0.00835088196058313	0.392431485626181	0.00835088196058313
11656	MIR4254	0.0279560274665417	0.004189963038968	0.0279560274665417
11868	MIR98	0.0557628154953285	1.0968284067492e-08	0.0557628154953285
11918	MIR3131	-0.0768488144961532	3.23141795270737e-15	0.0768488144961532
11939	MIR3193	0.0484959101105508	6.71891438671107e-07	0.0484959101105508
11963	MIR323A	0.0123166660691015	0.207172299771275	0.0123166660691015
11987	MIR4277	-0.0041584467449694	0.670208320582927	0.0041584467449694
12073	MIR5008	-0.00459247143933122	0.638133145434209	0.00459247143933122
12188	MIR548AD	0.00221067182652283	0.820896663775653	0.00221067182652283
12191	MIR3197	-0.0403920841587946	3.50069737403665e-05	0.0403920841587946
12196	MIR1180	0.0289904335160473	0.00298293772928273	0.0289904335160473
12203	MIR320E	-0.0318502417033106	0.00110409624349537	0.0318502417033106
12226	MIR3155A	-0.00360704268096483	0.711834802319365	0.00360704268096483
12276	MIR3174	-0.00636950858773319	0.514208685811281	0.00636950858773319
12397	MIR2116	0.018448976329944	0.0588258384966881	0.018448976329944
12401	MIR548V	-0.000899711116704775	0.926588333046812	0.000899711116704775
12505	MIR4798	0.0226453198002854	0.0203749539351184	0.0226453198002854
12571	MIR548F4	0.000849021800735415	0.930713591718469	0.000849021800735415
12664	MIR575	0.0797242798737103	2.89885381811474e-16	0.0797242798737103
12691	MIR107	-0.0134988734294268	0.16682979702985	0.0134988734294268
12709	MIR16-2	0.0163097800747254	0.0948459565174724	0.0163097800747254
12764	MIR4299	-0.00677913162561635	0.48752628829691	0.00677913162561635
12779	MIR3152	0.0151170181470695	0.12157426062049	0.0151170181470695
12806	MIR4666B	-0.00912218230868221	0.350196401427121	0.00912218230868221
12810	MIR582	-0.00815602271570699	0.403571385032786	0.00815602271570699
12835	MIR4506	-0.0334952456415027	0.000601005057251072	0.0334952456415027
12902	MIR4731	0.0255795883434196	0.00879308430714441	0.0255795883434196
12906	MIR210	-0.0423669671778328	1.42038411244298e-05	0.0423669671778328
12946	MIR4431	0.00866868807703024	0.374667719509948	0.00866868807703024
13043	MIR550A3	0.00111502643254747	0.909088593690151	0.00111502643254747
13112	MIR1245A	0.0107824003977265	0.269488390983976	0.0107824003977265
13137	MIR550A2	0.0154048617703484	0.114638607917453	0.0154048617703484
13258	MIR4305	0.0127259748547693	0.192472117819236	0.0127259748547693
13268	MIR361	0.0352642405508319	0.000303280940319291	0.0352642405508319
13321	MIR3619	0.0184832154027705	0.0583578720765423	0.0184832154027705
13335	MIR4670	0.00982756017877902	0.314199172643784	0.00982756017877902
13364	MIR548P	-0.0114146530418444	0.242405433054803	0.0114146530418444
13365	MIR4802	-0.010037698193252	0.303963249354373	0.010037698193252
13370	MIR25	0.0889571347014873	6.97333461074015e-20	0.0889571347014873
13409	MIR4762	0.0136484660443952	0.162177947494303	0.0136484660443952
13467	MIR4500	0.0513806048568804	1.39969597143433e-07	0.0513806048568804
13473	MIR579	0.00604059418235628	0.536170803822675	0.00604059418235628
13495	MIR521-2	0.000595607188159041	0.951362998625592	0.000595607188159041
13516	MIR4475	0.0119670468544562	0.220360100690427	0.0119670468544562
13562	MIR3689D2	0.0081781043288237	0.402299571786496	0.0081781043288237
13654	MIR5582	-0.00159641158396382	0.870135627421289	0.00159641158396382
13660	MIR1197	0.0133941191477991	0.170146533610623	0.0133941191477991
13718	MIR593	-0.00364933398167431	0.708609631938459	0.00364933398167431
13770	MIR1913	0.0334710148875422	0.000606531111593897	0.0334710148875422
13790	MIR600HG	0.171199212120777	8.11150262949854e-70	0.171199212120777
13842	MIR548I3	-0.0055927386549563	0.566815039724942	0.0055927386549563
13878	MIR888	0.0264532800094112	0.00673817133551922	0.0264532800094112
14041	MIR5701-1	0.00562548326786047	0.564546349510281	0.00562548326786047
14044	MIR642A	-0.0491351207860488	4.78111169681776e-07	0.0491351207860488
14099	MIR488	0.0106445810502089	0.275657461986868	0.0106445810502089
14254	MIR3927	0.00148065816134661	0.87947714697179	0.00148065816134661
14415	MIR374A	0.0261008721863608	0.00750852102738598	0.0261008721863608
14452	MIR4470	-0.0318735699443067	0.00109481915672051	0.0318735699443067
14465	MIR552	-0.00309850874227073	0.751005066222385	0.00309850874227073
14517	MIR520B	-0.000109243637816425	0.991073871299267	0.000109243637816425
14614	MIR764	0.00179422129211108	0.854214562891779	0.00179422129211108
14618	MIR216A	-0.00292565113147849	0.764472998005164	0.00292565113147849
14668	MIR375	-0.0336703787220565	0.000562436016901643	0.0336703787220565
14694	MIR3128	-0.00460523292185034	0.637199849785567	0.00460523292185034
14776	MIR548G	-0.00404949328232602	0.678358445699592	0.00404949328232602
14789	MIR4790	-0.00547953664725019	0.574691660054009	0.00547953664725019
14867	MIR4460	0.000444945143508432	0.963656037473749	0.000444945143508432
14888	MIR4796	0.000533298002661838	0.956445785726328	0.000533298002661838
14905	MIR1252	0.00245696965353546	0.801338704860496	0.00245696965353546
14924	MIR663B	0.00375621870139445	0.700481877180412	0.00375621870139445
14925	MIR4422	0.0191901753968125	0.0493658818902843	0.0191901753968125
14936	MIR4695	0.006780285935906	0.487452168387389	0.006780285935906
14987	MIR3122	0.0558481435327483	1.04172510348535e-08	0.0558481435327483
15114	MIR544A	0.0280865181371487	0.00401646667467889	0.0280865181371487
15170	MIR3973	0.0101761168537355	0.29734315977854	0.0101761168537355
15234	MIR643	0.00491196607014414	0.614943116239393	0.00491196607014414
15240	MIR4633	0.00673576817921146	0.490315118430455	0.00673576817921146
15247	MIR591	0.0161323622321254	0.0984941010403139	0.0161323622321254
15256	MIR4632	-0.0198257020821659	0.042303722388886	0.0198257020821659
15298	MIR199A2	0.0957596444196238	8.42897483942467e-23	0.0957596444196238
15299	MIR3163	0.0196927151106387	0.0437062740704556	0.0196927151106387
15307	MIR595	-0.00699205373369468	0.473957723591424	0.00699205373369468
15330	MIR4261	0.012589145587559	0.197298485343449	0.012589145587559
15409	MIR4300	0.00501180202298288	0.607773426411016	0.00501180202298288
15444	MIR4440	0.00672638923204544	0.490919432248947	0.00672638923204544
15450	MIR873	0.0353169435194221	0.000297021897270034	0.0353169435194221
15458	MIR4773-1	-0.00364541634801331	0.708908175610242	0.00364541634801331
15524	MIR211	-0.0258923649483405	0.00800064162075995	0.0258923649483405
15559	MIR4497	-0.0381312589974523	9.36870231471677e-05	0.0381312589974523
15569	MIR196A2	0.0184992245406619	0.0581401285632097	0.0184992245406619
15764	MIR1227	-0.0187326179490737	0.0550416182598405	0.0187326179490737
15769	MIR598	-0.00368997302694079	0.705515376986428	0.00368997302694079
15888	MIR597	0.0208056768802216	0.0330966637522467	0.0208056768802216
15907	MIR3160-2	0.0100197681670113	0.304827887657537	0.0100197681670113
16048	MIR4297	0.0544381289933158	2.41816376558366e-08	0.0544381289933158
16205	MIR548Q	0.00793514245785315	0.416425181579847	0.00793514245785315
16240	MIR16-1	-0.0142713962092834	0.143854516235129	0.0142713962092834
16350	MIR1272	0.0108614070923232	0.265994927347033	0.0108614070923232
16473	MIRLET7D	-0.0177769710105836	0.0686590555122134	0.0177769710105836
16484	MIR215	-0.0159283919678732	0.102825738128013	0.0159283919678732
16502	MIR4482-1	0.00287429237836351	0.768488508228869	0.00287429237836351
16538	MIR3189	-0.0940963017252682	4.56013151267856e-22	0.0940963017252682
16656	MIR3153	0.03502306739188	0.000333530756120926	0.03502306739188
16661	MIR4639	-0.0233817573561093	0.0166286183246423	0.0233817573561093
16795	MIR297	-0.00568580832611136	0.560378240086046	0.00568580832611136
16952	MIR5707	-0.0201372729402453	0.0391661552258228	0.0201372729402453
16968	MIR2278	0.00761217705388555	0.435648203358233	0.00761217705388555
17080	MIR548I2	-0.0106204845470516	0.276745886463012	0.0106204845470516
17095	MIR608	-0.0119032097751815	0.222831671233138	0.0119032097751815
17103	MIR585	0.0534522894748208	4.30440595546702e-08	0.0534522894748208
17172	MIR320D2	-0.00700756302629349	0.472977561056034	0.00700756302629349
17195	MIR302D	0.0436313333833093	7.80924405658382e-06	0.0436313333833093
17212	MIR337	0.0491004989209444	4.87056224228172e-07	0.0491004989209444
17367	MIR3921	0.0149579476953951	0.125545480347116	0.0149579476953951
17401	MIR4444-1	0.0170357730108808	0.0810310969423421	0.0170357730108808
17412	MIR3680-2	-0.00198269691239466	0.839099697244964	0.00198269691239466
17428	MIR103A2	-0.027112851155956	0.00548468447158791	0.027112851155956
17471	MIR4675	0.0463531401453376	2.03911935899108e-06	0.0463531401453376
17486	MIR1275	0.0132200158568137	0.175767933588223	0.0132200158568137
17626	MIR3147	0.0273314635807996	0.00511822915607318	0.0273314635807996
17719	MIR1266	-0.00516393155333027	0.596920617669615	0.00516393155333027
17803	MIR380	0.04583170140406	2.65275444653796e-06	0.04583170140406
17832	MIR5188	-0.0419448876659254	1.72810045254932e-05	0.0419448876659254
17841	MIR508	-0.0108184460527928	0.26789066337081	0.0108184460527928
17876	MIR299	0.0331532526540084	0.000683513244342278	0.0331532526540084
17963	MIR3611	0.00323743835532596	0.740235075662178	0.00323743835532596
17974	MIR185	-0.0136972070631447	0.160683594887613	0.0136972070631447
17992	MIR1179	-0.00411331217424171	0.673579915507939	0.00411331217424171
18121	MIR517C	-0.00443716476443021	0.64953691831963	0.00443716476443021
18145	MIR125B2	0.144911762474292	2.47946630601987e-50	0.144911762474292
18155	MIR4487	0.0235391964938527	0.0159111283696114	0.0235391964938527
18160	MIR548H1	-0.0076367563930453	0.434167478642834	0.0076367563930453
18193	MIR509-2	-0.0342268253047475	0.000454647647179979	0.0342268253047475
18222	MIR572	0.00493536236033104	0.613259581609664	0.00493536236033104
18286	MIR200C	-0.0382587027344817	8.87508743943057e-05	0.0382587027344817
18441	MIR219-1	0.173253864992758	1.74929758266516e-71	0.173253864992758
18481	MIR554	2.57361942533944e-05	0.997897093943386	2.57361942533944e-05
18508	MIR548AE1	0.0287797102545571	0.00319943227762909	0.0287797102545571
18548	MIR3127	-0.011450732533121	0.24091984741089	0.011450732533121
18554	MIR4743	0.0243489321107307	0.0126345564876569	0.0243489321107307
18555	MIR548AL	0.00733410137161004	0.452601869686534	0.00733410137161004
18577	MIR892A	0.0420265040538084	1.66403402364586e-05	0.0420265040538084
18596	MIR151B	-0.00652225764651798	0.504170808698836	0.00652225764651798
18673	MIR3130-1	-0.0013093353879064	0.893333680430838	0.0013093353879064
18738	MIR22HG	-0.133864519653304	3.81522767842193e-43	0.133864519653304
18867	MIR448	9.3581589346453e-06	0.999235343474762	9.3581589346453e-06
18924	MIR3177	0.0110864312327013	0.256216288708279	0.0110864312327013
18979	MIR485	0.0452881913391793	3.47943609980918e-06	0.0452881913391793
19034	MIR3922	0.0139449639953375	0.153248049264619	0.0139449639953375
19037	MIR320A	0.00786090799579747	0.420798790199278	0.00786090799579747
19141	MIR4525	-0.00850964238754727	0.383494602659864	0.00850964238754727
19166	MIR514A3	-0.0105132013852914	0.281627321008111	0.0105132013852914
19182	MIR3648	0.0266160840306837	0.00640689302758082	0.0266160840306837
19214	MIR3657	0.0150019967690803	0.124435802712469	0.0150019967690803
19247	MIR548AA1	-0.0085986906427586	0.378536929210795	0.0085986906427586
19250	MIR920	0.00284180080209486	0.771032097624944	0.00284180080209486
19254	MIR1207	0.017243359411887	0.0773962204957416	0.017243359411887
19257	MIR4484	0.0173185883095922	0.0761121924601973	0.0173185883095922
19475	MIR1270-1	-0.0181400391689379	0.0631907478304798	0.0181400391689379
19623	MIR7-2	-0.0110312640727411	0.258590209800126	0.0110312640727411
19647	MIR5690	-0.00658554459541094	0.500042406126932	0.00658554459541094
19667	MIR4789	0.0184377772699307	0.0589795774024476	0.0184377772699307
19682	MIR3157	0.025415755066722	0.00923554392851992	0.025415755066722
19944	MIR15B	0.00326176575844187	0.738354345076733	0.00326176575844187
20113	MIR1183	0.0140351976451471	0.150605995838273	0.0140351976451471
20235	MIR3137	0.0155863918393652	0.110427208543132	0.0155863918393652
20241	MIR3929	0.00310517388623611	0.750487247867693	0.00310517388623611
20307	MIR1202	-0.00385733044411109	0.692824527963105	0.00385733044411109
20355	MIR30D	0.0130390928369681	0.181755066975465	0.0130390928369681
20358	MIR140	-0.0217220042153683	0.0260959936185526	0.0217220042153683
20369	MIR3198-1	0.0515233975119564	1.29225847413662e-07	0.0515233975119564
20424	MIR548L	0.0157049236466243	0.107743926408658	0.0157049236466243
20432	MIR5706	0.00105762640036992	0.91374982289822	0.00105762640036992
20460	MIR3689F	-0.00122610640728292	0.900077251139364	0.00122610640728292
20546	MIR548T	-0.00247617539053194	0.799818669610251	0.00247617539053194
20653	MIR126	-0.012920830814705	0.185749567148549	0.012920830814705
20719	MIR216B	0.00632592137802817	0.517091950763628	0.00632592137802817
20851	MIR548AS	-0.00566135923053168	0.562065732340421	0.00566135923053168
20898	MIR3945	-0.011623289718933	0.233903425622931	0.011623289718933
20935	MIR4450	0.0076554269192228	0.433044662282081	0.0076554269192228
21054	MIR766	0.00318960981057807	0.743937180092635	0.00318960981057807
21120	MIR4436B2	-0.00675753831195219	0.488913946308958	0.00675753831195219
21361	MIR5579	0.0302727336356344	0.00192936200002668	0.0302727336356344
21371	MIR548I4	0.00709440107297745	0.467510194717536	0.00709440107297745
21495	MIR4772	-0.0102920274206216	0.291874236733214	0.0102920274206216
21612	MIR3691	0.0248678634238197	0.0108630287254903	0.0248678634238197
21640	MIR1224	-0.00362725928794804	0.710292419399697	0.00362725928794804
21650	MIR4717	0.0199273662891178	0.0412573633242244	0.0199273662891178
21654	MIR1295A	-0.029759342632921	0.00230151844643705	0.029759342632921
21665	MIR4291	-0.0044567044654347	0.648097572506277	0.0044567044654347
21728	MIR3613	0.0230494289510548	0.0182369904262261	0.0230494289510548
21747	MIR4274	0.0519326629545275	1.026680916632e-07	0.0519326629545275
21759	MIR645	-0.0177049563322428	0.0697886370701277	0.0177049563322428
21831	MIR5002	0.0411797875358786	2.4544313140835e-05	0.0411797875358786
21930	MIR4424	0.0294671813550146	0.00254159289649553	0.0294671813550146
21938	MIR513B	-0.00995107413237019	0.308155606580611	0.00995107413237019
22025	MIR584	-0.00185468276940236	0.849359724010333	0.00185468276940236
22081	MIR455	-0.0109297272921145	0.262999227741885	0.0109297272921145
22152	MIR1976	-0.0205362669249999	0.0354386802462315	0.0205362669249999
22241	MIR4648	0.181991715803115	8.35228902671995e-79	0.181991715803115
22245	MIR4799	0.00923226444261703	0.34441262033655	0.00923226444261703
22265	MIR3915	0.000166309025431273	0.986411520151645	0.000166309025431273
22339	MIR647	0.0560782861624134	9.06177515783441e-09	0.0560782861624134
22374	MIR31	-0.0269353958609243	0.00579938138008001	0.0269353958609243
22625	MIR5089	0.0906411685566244	1.38377946860346e-20	0.0906411685566244
22702	MIR4782	0.00335641845758306	0.731051804335338	0.00335641845758306
22739	MIR1200	0.00689190659797925	0.480313660815877	0.00689190659797925
22827	MIR4435-1	0.0229368476388613	0.0188119236511508	0.0229368476388613
22997	MIR520H	-0.00200763641803713	0.837103976815315	0.00200763641803713
23012	MIR1471	0.0021462553108381	0.826030789619046	0.0021462553108381
23015	MIR518F	0.00596448985304858	0.54131883966375	0.00596448985304858
23046	MIR3141	0.00048022385304465	0.960776642383317	0.00048022385304465
23048	MIR3692	0.0216242251438033	0.0267763143146148	0.0216242251438033
23058	MIR124-3	0.00444918447685699	0.648651359398751	0.00444918447685699
23145	MIR196A1	-0.0521035214077259	9.32186810152778e-08	0.0521035214077259
23321	MIR206	0.0510843848695906	1.65080551314188e-07	0.0510843848695906
23356	MIR4645	-0.0201944656706588	0.0386122210930418	0.0201944656706588
23409	MIR624	-0.000825101222875838	0.932660978298888	0.000825101222875838
23456	MIR506	-0.00819514198174863	0.401319915056189	0.00819514198174863
23466	MIR1277	-0.00587500836404623	0.547403170116791	0.00587500836404623
23656	MIR4748	-0.00481508004780609	0.621936304597535	0.00481508004780609
23776	MIR543	0.0210349388161008	0.0312092248844599	0.0210349388161008
23784	MIR4267	-0.0065185958248653	0.504410229605961	0.0065185958248653
23944	MIR617	-0.000952795207212375	0.922270296108192	0.000952795207212375
23981	MIR1185-1	0.0102531371113287	0.293701586101892	0.0102531371113287
24022	MIR520A	-0.00434856277484708	0.65607993386955	0.00434856277484708
24110	MIR548H4	-0.0119526105463045	0.220917301411121	0.0119526105463045
24155	MIR548A3	0.0423616736786634	1.42389748025434e-05	0.0423616736786634
24159	MIR4530	-0.00405217918070666	0.678157072670391	0.00405217918070666
24164	MIR3161	-0.00377268271264939	0.699232930850901	0.00377268271264939
24218	MIR651	-0.00351022589753598	0.719237486944404	0.00351022589753598
24269	MIR483	0.0151058795739441	0.121849099739069	0.0151058795739441
24271	MIR3937	-0.0049704063402613	0.610741723597401	0.0049704063402613
24289	MIR548I1	0.0388024492999103	7.03208954517386e-05	0.0388024492999103
24332	MIR519E	-0.00315276687599858	0.746793003535751	0.00315276687599858
24339	MIR548AK	0.0627122962906362	1.28784605630907e-10	0.0627122962906362
24363	MIR512-1	-0.00457586226096206	0.639348696803982	0.00457586226096206
24434	MIR4466	-0.00155539661278207	0.873443610329613	0.00155539661278207
24453	MIR9-1	0.114251632979498	8.0628966535044e-32	0.114251632979498
24506	MIR5696	-0.0115607283407038	0.236430337912385	0.0115607283407038
24547	MIR4443	-0.0116702154287853	0.232020654846201	0.0116702154287853
24649	MIR4324	0.079074040474448	5.03890457765677e-16	0.079074040474448
24725	MIR2392	0.0178261722855431	0.0678959841758578	0.0178261722855431
24756	MIR4667	-0.0217868642563165	0.025653001529863	0.0217868642563165
24787	MIR5697	0.00958473572373686	0.326306354687014	0.00958473572373686
24832	MIR1261	-0.00574976159315012	0.555975786833558	0.00574976159315012
24855	MIR4439	0.00317766084456731	0.744863002232258	0.00317766084456731
24936	MIR1285-1	0.0479808897640523	8.81131551100529e-07	0.0479808897640523
24990	MIR4644	0.0144078072497265	0.140062466460982	0.0144078072497265
25075	MIR130A	0.100668541124414	4.8647304303193e-25	0.100668541124414
25115	MIR411	0.0631471531601635	9.59070971790043e-11	0.0631471531601635
25127	MIR362	0.00843967727035187	0.387417593230646	0.00843967727035187
25146	MIR616	0.019232433581736	0.0488674009716549	0.019232433581736
25186	MIR3928	-0.0202031387607618	0.0385288028464652	0.0202031387607618
25270	MIR576	0.00188277050256396	0.847106310160358	0.00188277050256396
25281	MIR3609	0.0164484075255002	0.0920714431520408	0.0164484075255002
25299	MIR93	0.124502512544961	1.64069181687321e-37	0.124502512544961
25308	MIR5682	-0.000538597243152421	0.956013435564835	0.000538597243152421
25590	MIR4471	0.0341581836218969	0.000466815296735408	0.0341581836218969
25601	MIR1208	0.0151870299827961	0.119857834771528	0.0151870299827961
25751	MIR548F5	0.0103370867594354	0.289766593225103	0.0103370867594354
25825	MIR4749	0.00825969304198886	0.397621270988364	0.00825969304198886
25941	MIR1468	0.00202440022268383	0.835763083991094	0.00202440022268383
25966	MIR548AV	0.0417193304119555	1.91760515490883e-05	0.0417193304119555
25999	MIR4634	0.0355302477328269	0.000272904605404526	0.0355302477328269
26045	MIR300	0.0402553458026998	3.72088552964707e-05	0.0402553458026998
26095	MIR2355	0.00917772871544184	0.347270301264896	0.00917772871544184
26112	MIR676	0.0145394816217569	0.13647548173251	0.0145394816217569
26113	MIR3649	-0.00993664256656692	0.308857752369571	0.00993664256656692
26130	MIR181B2	0.0151464714390054	0.120849849599021	0.0151464714390054
26353	MIR370	0.0397589858058237	4.63579447273926e-05	0.0397589858058237
26398	MIR4281	0.0128324486776389	0.188776932750196	0.0128324486776389
26468	MIR3976	0.0116737017509034	0.231881205850246	0.0116737017509034
26492	MIR4529	0.0148468125514489	0.128379447484896	0.0148468125514489
26582	MIR4463	0.00766481565390023	0.432480673759503	0.00766481565390023
26589	MIR4510	0.0164793209003194	0.0914617145383234	0.0164793209003194
26634	MIR3182	0.00657492438593168	0.500733940540976	0.00657492438593168
26675	MIR513A1	-0.0174789322720518	0.0734333521488364	0.0174789322720518
26757	MIR4753	0.00210380371060777	0.82941835257283	0.00210380371060777
26808	MIR526A2	0.00604069225692885	0.536164185553259	0.00604069225692885
26815	MIR1269B	0.0452112175342571	3.61483383314396e-06	0.0452112175342571
26854	MIR301B	0.0111974576509332	0.251484652428893	0.0111974576509332
27035	MIR367	0.0373754564696068	0.000128716243355988	0.0373754564696068
27050	MIR133B	0.0733443064192195	5.42711929854831e-14	0.0733443064192195
27061	MIR124-2	0.28968248916454	6.57734790438417e-202	0.28968248916454
27114	MIR3670-2	-0.00730004535576494	0.454703501452272	0.00730004535576494
27177	MIR17HG	0.00187952289555339	0.847366794628195	0.00187952289555339
27189	MIR661	-0.0039696169475433	0.684357551434848	0.0039696169475433
27202	MIR4263	-0.102308576838832	8.20611985961398e-26	0.102308576838832
27239	MIR5093	0.0532149507693511	4.93804014941203e-08	0.0532149507693511
27303	MIR659	0.033802269959017	0.000534925316330639	0.033802269959017
27317	MIR3660	0.0247010350541772	0.0114068434361303	0.0247010350541772
27319	MIR103A1	0.0176716600577903	0.0703160364525105	0.0176716600577903
27496	MIR3925	-0.00118506848190631	0.903405008363774	0.00118506848190631
27518	MIR4662B	-0.00477370928480327	0.624932905946197	0.00477370928480327
27705	MIR500B	0.00124821164854843	0.898285465241316	0.00124821164854843
27723	MIR374B	0.00810655464482495	0.406429272681502	0.00810655464482495
27792	MIR135A1	-0.072195757772845	1.33021012108207e-13	0.072195757772845
27858	MIR549	0.00543089231853408	0.578092175048169	0.00543089231853408
27882	MIR652	0.00284854118017059	0.770504226550509	0.00284854118017059
27960	MIR4736	0.00442090910356092	0.650735350917857	0.00442090910356092
28043	MIR518A1	0.0011521019122616	0.906079493214965	0.0011521019122616
28058	MIR4771-1	-0.0081760835240009	0.402415862123973	0.0081760835240009
28059	MIR27B	-0.0291493726266538	0.00282858081546869	0.0291493726266538
28094	MIR1537	-0.000413451756116358	0.966226881838561	0.000413451756116358
28111	MIR3689A	0.0103601542374183	0.288691590506566	0.0103601542374183
28175	MIR516B2	-0.00515184713785486	0.597779480501461	0.00515184713785486
28190	MIR5094	-0.018653081030866	0.0560817098207161	0.018653081030866
28440	MIR5699	0.0449631439973457	4.08642211162377e-06	0.0449631439973457
28516	MIR4303	0.00290211140167899	0.766312685094354	0.00290211140167899
28670	MIR382	0.024418488986426	0.0123831424815865	0.024418488986426
28683	MIR4698	-0.00163654197886584	0.866901185427873	0.00163654197886584
28810	MIR3908	-0.00589333770206649	0.546154109471877	0.00589333770206649
28870	MIR3682	0.279761913175722	6.82835254513053e-188	0.279761913175722
29030	MIR95	-0.0143752202261514	0.140961277759651	0.0143752202261514
29049	MIR590	0.0229543723693028	0.018721399181369	0.0229543723693028
29284	MIR513C	-0.0267355368226679	0.00617322556880474	0.0267355368226679
29305	MIR3912	0.0297949345915721	0.00227373646255524	0.0297949345915721
29325	MIR4742	-0.005886126397167	0.546645358380959	0.005886126397167
29360	MIR155HG	-0.0245053011706753	0.0120755810905392	0.0245053011706753
29461	MIR3138	-0.0296340359469549	0.00240182111736615	0.0296340359469549
29556	MIR548W	-4.49111087496966e-05	0.996330319157712	4.49111087496966e-05
29565	MIR501	-0.00106154632152119	0.913431405398317	0.00106154632152119
29567	MIR4445	-0.00224459924544169	0.818195646814846	0.00224459924544169
29643	MIR4747	0.0356733957781549	0.000257762120506728	0.0356733957781549
29731	MIR4719	-0.000132933386146745	0.989138327502896	0.000132933386146745
29735	MIR99B	0.0139352507427667	0.153534542872822	0.0139352507427667
29737	MIR4420	-0.0240617976117278	0.0137208668183903	0.0240617976117278
29777	MIR4689	-0.0277543654495303	0.00447148568488433	0.0277543654495303
29830	MIR3168	0.0318935325169824	0.00108693780207439	0.0318935325169824
29848	MIRLET7G	-0.00799565826043973	0.412879747135096	0.00799565826043973
29872	MIR222	-0.0213543831433927	0.0287337920816234	0.0213543831433927
29873	MIR450B	0.0973453999426441	1.63993281707514e-23	0.0973453999426441
29926	MIR218-2	0.00320005283825183	0.743128342997555	0.00320005283825183
29932	MIR3670-1	-0.00861501301801542	0.377632494272423	0.00861501301801542
29984	MIR548AG2	-0.00560270306106725	0.566124199618722	0.00560270306106725
29998	MIR548AG1	-0.00463607537808167	0.634946600425066	0.00463607537808167
30008	MIRLET7DHG	-0.0391539530477242	6.04018282963414e-05	0.0391539530477242
30065	MIR887	0.0433590733020833	8.89499858342419e-06	0.0433590733020833
30071	MIR1-1	-0.00327820475344792	0.737084345550583	0.00327820475344792
30164	MIR5700	0.00279931492905848	0.774361799742659	0.00279931492905848
30257	MIR148B	0.00628110279811825	0.520065375586182	0.00628110279811825
30303	MIR1249	0.135531408874176	3.42460443410094e-44	0.135531408874176
30400	MIR199A1	-0.0164749021418367	0.0915486698640738	0.0164749021418367
30636	MIR4769	0.0255126466695719	0.0089715312140126	0.0255126466695719
30678	MIR1303	-0.0100070218250132	0.305443545130054	0.0100070218250132
30693	MIR3167	0.0339240582460829	0.000510640205659999	0.0339240582460829
30746	MIR33B	-0.0201879206473098	0.038675273033377	0.0201879206473098
30766	MIR518B	-0.00100320511194174	0.918171903812868	0.00100320511194174
30793	MIR4787	0.00817352583056759	0.40256307743866	0.00817352583056759
30816	MIR105-2	-0.00030192881744347	0.975333278656046	0.00030192881744347
30857	MIR186	0.0152326769457589	0.118749002610202	0.0152326769457589
30873	MIR4540	0.00988082949672992	0.311583198549194	0.00988082949672992
30911	MIR520D	0.00656391333836011	0.501451459211443	0.00656391333836011
30999	MIR3201	0.0264847626280476	0.00667293374463235	0.0264847626280476
31022	MIR3938	0.0107673657237329	0.270156732821934	0.0107673657237329
31046	MIR26A2	0.129005671838595	3.60918387716961e-40	0.129005671838595
31105	MIR1263	0.0488485088804508	5.57199849766192e-07	0.0488485088804508
31189	MIR7-3HG	-0.00288909719667035	0.767330343376146	0.00288909719667035
31191	MIR302C	0.0327432136264011	0.000796286070459292	0.0327432136264011
31254	MIR4780	-0.0042711276569423	0.661820012624106	0.0042711276569423
31309	MIR3944	-0.049880348295361	3.19859497529101e-07	0.049880348295361
31356	MIR548AO	0.0381115153399953	9.44745428907972e-05	0.0381115153399953
31441	MIR4688	-0.0234707414393442	0.0162196813995707	0.0234707414393442
31451	MIR3186	0.211173923710295	4.68522028703194e-106	0.211173923710295
31545	MIR326	-0.0134130585681007	0.169543241267992	0.0134130585681007
31665	MIR106B	0.0976833151171755	1.15297114468822e-23	0.0976833151171755
31672	MIR4425	-0.0170787766248096	0.0802669286395888	0.0170787766248096
31706	MIR1296	0.0227520016089846	0.0197903070441192	0.0227520016089846
31776	MIR4655	-0.00803292965510208	0.410705057404948	0.00803292965510208
31801	MIR514A2	0.00663308776461362	0.496952856450112	0.00663308776461362
31838	MIR4276	0.000402107597511264	0.967153007000701	0.000402107597511264
31849	MIR147A	-0.000120410579075469	0.990161481893717	0.000120410579075469
31874	MIR129-1	0.00689744073883543	0.479961222813882	0.00689744073883543
31918	MIR1302-6	0.00763484073436277	0.434282778434226	0.00763484073436277
31923	MIR302A	0.0299122375262847	0.00218433372041848	0.0299122375262847
31943	MIR3159	0.0110989294213553	0.255680583495222	0.0110989294213553
32033	MIR1972-1	0.0332672322574171	0.000654911832610897	0.0332672322574171
32114	MIR4319	0.0223238379745231	0.0222287891327343	0.0223238379745231
32135	MIR4757	0.0202186530090236	0.0383799679368763	0.0202186530090236
32189	MIR5587	0.00317512434860535	0.745059580871146	0.00317512434860535
32216	MIR4513	0.00167082622920124	0.864139694514035	0.00167082622920124
32300	MIR1255B2	0.00207571167787825	0.831661796225719	0.00207571167787825
32383	MIR4307	0.00160462146127694	0.8694737466011	0.00160462146127694
32486	MIR4441	0.0253262136338328	0.0094856695220535	0.0253262136338328
32511	MIR4735	0.0194722626936319	0.0461177283555415	0.0194722626936319
32546	MIR3677	0.0431149406971468	9.98997787324089e-06	0.0431149406971468
32601	MIR503	0.0812972576884267	7.47089673316179e-17	0.0812972576884267
32653	MIR4661	0.0053688728502471	0.582441361293106	0.0053688728502471
32725	MIR2467	0.0318185313108791	0.00111682328475248	0.0318185313108791
32793	MIR1972-2	-0.00316563565334409	0.745795102631847	0.00316563565334409
33066	MIR4452	-0.000409440625672881	0.966554341162974	0.000409440625672881
33098	MIR1255A	-0.00115088353556702	0.906178357280658	0.00115088353556702
33100	MIR548AT	0.00270871490650524	0.781476108017272	0.00270871490650524
33114	MIR5011	0.00555916814145689	0.569145479113873	0.00555916814145689
33120	MIR4308	-0.00283791774310291	0.771336246602697	0.00283791774310291
33128	MIR5009	-0.00657918770230237	0.50045627402309	0.00657918770230237
33170	MIR410	0.0278863099229519	0.00428541779819539	0.0278863099229519
33206	MIR4478	0.0175388281788623	0.0724526735123342	0.0175388281788623
33277	MIR4776-2	-0.00464055786375296	0.634619405193801	0.00464055786375296
33281	MIR449B	0.00628538524594289	0.519780882261941	0.00628538524594289
33427	MIR381	0.0183767765112822	0.0598228526137378	0.0183767765112822
33575	MIR5692B	-0.0223876389648676	0.021849629219497	0.0223876389648676
33610	MIR422A	-0.014848396047415	0.128338721778584	0.014848396047415
33638	MIR3148	0.00387836978018344	0.69123509160808	0.00387836978018344
33641	MIR759	0.00373289080515992	0.702252898703087	0.00373289080515992
33642	MIRLET7C	0.0137165628563921	0.160093059416408	0.0137165628563921
33777	MIR4428	-0.0204895950644236	0.0358584504401137	0.0204895950644236
33892	MIR3136	-0.00249247913260729	0.798528906823195	0.00249247913260729
33917	MIR1278	0.0133348329575411	0.172045422659831	0.0133348329575411
33935	MIR627	-0.00155808814933872	0.873226461186214	0.00155808814933872
33936	MIR4714	0.00268989360499574	0.782956356955505	0.00268989360499574
33977	MIR3179-2	0.0181685266815545	0.0627773613994124	0.0181685266815545
34119	MIR1302-3	0.176637150274321	2.84052328350603e-74	0.176637150274321
34161	MIR885	-0.0125569980115108	0.198445164694846	0.0125569980115108
34182	MIR553	-0.00269865280544758	0.782267369352186	0.00269865280544758
34224	MIR4314	-0.00125341524282785	0.897863752216619	0.00125341524282785
34270	MIR511-2	-0.00371618692892345	0.703522028348744	0.00371618692892345
34304	MIR4685	-0.0643578848148419	4.17770343186778e-11	0.0643578848148419
34484	MIR4318	0.0135218498928882	0.166108855940702	0.0135218498928882
34527	MIR4295	0.00366233244945576	0.707619403192167	0.00366233244945576
34561	MIRLET7A1	-0.0419718449699157	1.70668423049359e-05	0.0419718449699157
34641	MIR146B	-0.036734717311736	0.000167741385843026	0.036734717311736
34644	MIR548O	0.0107320748469587	0.271729992942211	0.0107320748469587
34711	MIR32	-0.0269630891164569	0.00574922247293764	0.0269630891164569
34731	MIR5189	-0.0284936773246417	0.00351621546414337	0.0284936773246417
34733	MIR454	0.0294443209568148	0.00256131161634413	0.0294443209568148
34777	MIR3154	0.021030075038108	0.0312482870339175	0.021030075038108
34912	MIR548H5	-0.00412347983004914	0.672819806603375	0.00412347983004914
34933	MIR4436B1	-0.0154610866454377	0.113320924441714	0.0154610866454377
34959	MIR4457	-0.0137907701211093	0.157844229045378	0.0137907701211093
34968	MIR4456	-0.0145177858138967	0.137061576848848	0.0145177858138967
34969	MIR346	0.0263121204189128	0.00703778082575703	0.0263121204189128
34985	MIR429	-0.105953363440538	1.41741732378123e-27	0.105953363440538
35029	MIR1286	0.0314790861582115	0.00126181873186268	0.0314790861582115
35077	MIR1912	0.0216690740498598	0.0264623894470655	0.0216690740498598
35086	MIR4783	-0.05275900303631	6.41837616194911e-08	0.05275900303631
35101	MIR3118-6	-0.0108116136124279	0.268193011033651	0.0108116136124279
35158	MIR138-2	0.013814953921406	0.157116538927538	0.013814953921406
35215	MIR4330	0.010994112928116	0.26019743918235	0.010994112928116
35246	MIR4455	-0.000577762697853742	0.952818445615613	0.000577762697853742
35342	MIR4641	0.0404082379930241	3.47551779235812e-05	0.0404082379930241
35370	MIR23C	-0.0137795928557918	0.158181414064972	0.0137795928557918
35467	MIR1233-2	0.00286324103064102	0.769353380233529	0.00286324103064102
35497	MIR4326	0.037243249968651	0.000135990714263425	0.037243249968651
35522	MIR3683	-0.0011390545393832	0.907138285727488	0.0011390545393832
35621	MIR3145	0.0153442408085625	0.116072791784915	0.0153442408085625
35681	MIR4436A	-0.0238542998709445	0.014556433085479	0.0238542998709445
35734	MIR5003	0.0112387020108932	0.249742556143659	0.0112387020108932
35760	MIR4744	0.00711608096448187	0.466150702219061	0.00711608096448187
35773	MIR4511	-0.00655011310135329	0.502351499422731	0.00655011310135329
35991	MIR200B	-0.0671217968627899	5.9182548053044e-12	0.0671217968627899
36305	MIR4754	-0.0137406427504344	0.159360685886981	0.0137406427504344
36320	MIR4760	0.0111522792723317	0.253402622468608	0.0111522792723317
36360	MIR96	0.187929974716985	5.34372738127013e-84	0.187929974716985
36541	MIR99A	0.00996175682214318	0.307636537213662	0.00996175682214318
36612	MIR3164	0.00891129789541237	0.361447308195735	0.00891129789541237
36653	MIR1301	0.0432195627161644	9.50582750618333e-06	0.0432195627161644
36677	MIR577	-0.00244653569767895	0.802164814505466	0.00244653569767895
36770	MIR3663	0.0612526126246973	3.41451544672062e-10	0.0612526126246973
36777	MIR3978	0.0156640601488194	0.108663088757176	0.0156640601488194
36796	MIR4715	0.0183095425214909	0.0607638546512664	0.0183095425214909
36811	MIR1237	-0.00719746843935741	0.461066730574638	0.00719746843935741
36815	MIR1193	0.0116059434852477	0.234602130847823	0.0116059434852477
36923	MIR34B	-0.0248734080894068	0.0108453570801705	0.0248734080894068
37049	MIR33A	0.0184552824245743	0.0587394159440256	0.0184552824245743
37051	MIR4660	-0.00310209744064285	0.750726244508448	0.00310209744064285
37242	MIR1203	-0.0218964228655143	0.0249194849022784	0.0218964228655143
37395	MIR338	0.0552676233018858	1.47709109705352e-08	0.0552676233018858
37404	MIR556	0.00731110500151526	0.454020397261066	0.00731110500151526
37510	MIR5705	-0.000819606333006422	0.933108377468692	0.000819606333006422
37544	MIR128-1	0.0089001148706728	0.362050194152381	0.0089001148706728
37563	MIR4293	-0.00448892160963717	0.645727243842716	0.00448892160963717
37570	MIR450A2	0.0428175634436455	1.14980773294337e-05	0.0428175634436455
37578	MIR325HG	0.354418092244929	4.34576434289094e-308	0.354418092244929
37602	MIR345	-0.01286748481495	0.18757251146552	0.01286748481495
37645	MIR5694	0.0286928266705351	0.00329279159227053	0.0286928266705351
37727	MIR653	0.00371779229589231	0.70340001958896	0.00371779229589231
37899	MIR27A	-0.0478346125586635	9.51190568664873e-07	0.0478346125586635
37921	MIR325	0.0382255814329077	9.00095552570335e-05	0.0382255814329077
37934	MIR493	0.0189761591738459	0.0519563913159076	0.0189761591738459
37960	MIR580	-0.00325245734063013	0.739073786648075	0.00325245734063013
37962	MIR498	-0.0027515871455945	0.778107273684691	0.0027515871455945
37974	MIR378E	0.0031343183026022	0.748224326416121	0.0031343183026022
38064	MIR4301	0.0183244201771893	0.0605545783329915	0.0183244201771893
38105	MIR298	0.0903424841157221	1.84755256193917e-20	0.0903424841157221
38114	MIR648	0.0125251970257896	0.199584267911991	0.0125251970257896
38122	MIR5692C1	-0.0020531811317158	0.833462089234998	0.0020531811317158
38265	MIR1305	0.0193984043492301	0.0469502925897647	0.0193984043492301
38402	MIR378F	0.00124973616428996	0.898161911478779	0.00124973616428996
38471	MIR328	-0.0250804351320602	0.0102035529446419	0.0250804351320602
38731	MIR548AN	0.0268291116233288	0.0059955696974372	0.0268291116233288
38769	MIR320C1	-0.00610522164359757	0.531818545640979	0.00610522164359757
38810	MIR30E	0.0305011747604812	0.00178224833082871	0.0305011747604812
38834	MIR657	0.127582473329891	2.55715442547214e-39	0.127582473329891
38845	MIR5581	0.0588536059875444	1.61604105725697e-09	0.0588536059875444
38994	MIR3661	-0.00938705046576002	0.336383807218004	0.00938705046576002
39029	MIR4504	0.00322825137621611	0.740945717870113	0.00322825137621611
39130	MIR137HG	0.0458078270682152	2.68472295929393e-06	0.0458078270682152
39148	MIR4636	7.59936423155927e-05	0.993790610173094	7.59936423155927e-05
39216	MIR3936	0.0315388510295892	0.0012350911560376	0.0315388510295892
39564	MIR5091	0.0340706419862959	0.000482774082949171	0.0340706419862959
39596	MIR34AHG	-0.102535106205444	6.40314533094483e-26	0.102535106205444
39624	MIR1258	-0.0106385477771312	0.275929706846151	0.0106385477771312
39655	MIR548S	0.0209140337802969	0.0321927578696913	0.0209140337802969
39669	MIR378B	0.116628606677115	4.27502394916205e-33	0.116628606677115
39878	MIR218-1	0.00106637108035006	0.913039506481517	0.00106637108035006
39899	MIR1269A	0.0220914616989678	0.0236585403055298	0.0220914616989678
39912	MIR4650-2	0.0338238093020083	0.000530553419723893	0.0338238093020083
39918	MIR3666	0.027957713990863	0.00418767799052488	0.027957713990863
39943	MIR548A2	-0.00973307626914396	0.318874557226535	0.00973307626914396
40005	MIR1267	0.0119198833074915	0.222184218735531	0.0119198833074915
40006	MIR3126	0.0474968535498714	1.13403648421753e-06	0.0474968535498714
40034	MIR573	0.130076780733582	8.14833189202608e-41	0.130076780733582
40099	MIR640	0.00126358582402476	0.897039584835429	0.00126358582402476
40160	MIR1285-2	-0.00022427962315823	0.981675687528646	0.00022427962315823
40338	MIR3135B	-0.0457606288525928	2.74901410656551e-06	0.0457606288525928
40339	MIR1231	0.0340735396778743	0.000482237793009001	0.0340735396778743
40374	MIR3180-5	0.0226308349941552	0.0204554850982655	0.0226308349941552
40414	MIR5192	0.00320206779140351	0.742972312718199	0.00320206779140351
40547	MIR941-3	-0.0203651066756108	0.036998897377836	0.0203651066756108
40710	MIR934	0.0123425186522276	0.206220367762336	0.0123425186522276
40714	MIR3135A	0.0440474061747944	6.39113308857194e-06	0.0440474061747944
40765	MIR4287	-0.0054442960575447	0.577154233494461	0.0054442960575447
40779	MIR4637	0.0154746210657297	0.113005520840767	0.0154746210657297
40784	MIR646	-0.00998621453079187	0.306450323035712	0.00998621453079187
40789	MIR4759	0.00330965827081028	0.73465639696098	0.00330965827081028
40819	MIR605	0.0298406925591924	0.00223847056113874	0.0298406925591924
40839	MIR4794	0.0124044683178435	0.203952218951161	0.0124044683178435
40874	MIR4255	0.00318675746823847	0.744158149889816	0.00318675746823847
40964	MIR603	0.023220683247783	0.0173919194655509	0.023220683247783
40969	MIR1229	0.00318639795583927	0.744186002663739	0.00318639795583927
41138	MIR3972	-0.0388800769868374	6.80060335905884e-05	0.0388800769868374
41146	MIR874	-0.00790153114864733	0.418402098974327	0.00790153114864733
41205	MIR3667	-0.0122222471022367	0.210676032581766	0.0122222471022367
41243	MIR938	0.0471507513466789	1.35627721673812e-06	0.0471507513466789
41247	MIR3920	0.00191291232648402	0.844689491465133	0.00191291232648402
41334	MIR5583-1	0.00612558892117757	0.530450654592153	0.00612558892117757
41350	MIR1226	-0.000235233721300393	0.980780874179082	0.000235233721300393
41366	MIR3675	0.00826099282475666	0.397547007735176	0.00826099282475666
41395	MIR513A2	-0.02245937852227	0.0214300238027825	0.02245937852227
41422	MIR4503	0.00496093790579286	0.611421564572892	0.00496093790579286
41429	MIR621	-0.0446775761443266	4.70230695708199e-06	0.0446775761443266
41435	MIR495	0.00535775185959704	0.583222845520675	0.00535775185959704
41534	MIR4285	0.036317387309124	0.000198878934926443	0.036317387309124
41535	MIR4284	-0.00145735486679821	0.881359840083216	0.00145735486679821
41757	MIR5685	-0.0383061251858446	8.69776330317028e-05	0.0383061251858446
41760	MIR518E	-0.00408260974779658	0.675877174032665	0.00408260974779658
41796	MIR889	0.00210154876190166	0.829598382823497	0.00210154876190166
41825	MIR4710	-0.00709627952140658	0.467392314973741	0.00709627952140658
41899	MIR4699	-0.0026920200203763	0.782789080149726	0.0026920200203763
41914	MIR188	0.0309303093232578	0.00153341419291034	0.0309303093232578
41928	MIR3621	-0.0217461451989661	0.0259303449261594	0.0217461451989661
41962	MIR150	-0.0160775496579352	0.0996435626835863	0.0160775496579352
42045	MIR4327	-0.00245442019273317	0.801540538245017	0.00245442019273317
42063	MIR5681A	0.0252277615368282	0.00976764283259901	0.0252277615368282
42072	MIR4756	-0.0333405278428683	0.000637111607086672	0.0333405278428683
42087	MIR1302-5	0.00359499563171757	0.712754467641637	0.00359499563171757
42120	MIR4294	0.00717157759475043	0.462680665846995	0.00717157759475043
42381	MIR4801	0.0144991465765959	0.137566649782311	0.0144991465765959
42393	MIR1302-4	-0.0162328002052092	0.0964153323167711	0.0162328002052092
42448	MIR377	0.0240731216789614	0.0136765102865363	0.0240731216789614
42578	MIR331	0.0472016876935335	1.32112339702352e-06	0.0472016876935335
42665	MIR520C	-0.00546411979533197	0.575768360965496	0.00546411979533197
42778	MIR4733	0.062255390053222	1.75165610907859e-10	0.062255390053222
42792	MIR670	0.0492683312533281	4.45149010546331e-07	0.0492683312533281
42851	MIR2053	0.0420074057345738	1.67881958139469e-05	0.0420074057345738
42871	MIR4472-1	0.0318705147066582	0.00109603003673505	0.0318705147066582
43170	MIR7-3	-0.00758342857441287	0.437383777784333	0.00758342857441287
43293	MIR34C	-0.0291033205272019	0.00287253744003229	0.0291033205272019
43404	MIR4258	-0.0149510786330392	0.1257192175119	0.0149510786330392
43416	MIR5680	0.0349683225735516	0.000340779631297354	0.0349683225735516
43558	MIR1256	0.00911656314639679	0.350493278865891	0.00911656314639679
43617	MIR320B2	0.0272323227357689	0.00528158359727663	0.0272323227357689
43652	MIR517A	-0.0116339381173439	0.233475239914565	0.0116339381173439
43705	MIR656	0.0688299357720123	1.69964072502518e-12	0.0688299357720123
43707	MIR4296	0.0225970145683579	0.0206445979603669	0.0225970145683579
43727	MIR3924	0.00375784586954137	0.700358405416589	0.00375784586954137
43742	MIR1225	0.0071258017770297	0.465541847461048	0.0071258017770297
43747	MIR2276	-0.0306143953121932	0.00171322263139787	0.0306143953121932
43773	MIR184	-0.0072140624840704	0.460033978435669	0.0072140624840704
43830	MIR770	0.0344267974377231	0.000420865637713267	0.0344267974377231
44096	MIR4666A	0.215659476619053	1.23933022215616e-110	0.215659476619053
44244	MIR204	0.000614723688480757	0.9498039829897	0.000614723688480757
44286	MIR4282	0.0215859274454867	0.0270469233966564	0.0215859274454867
44293	MIR3679	0.00711486819904135	0.466226693747436	0.00711486819904135
44347	MIR802	0.0394018918650547	5.42184928728336e-05	0.0394018918650547
44482	MIR2114	-0.0017731866720415	0.855904871900688	0.0017731866720415
44497	MIR504	0.0227048997740863	0.0200466081284362	0.0227048997740863
44562	MIR4268	0.0153911538713575	0.11496168634156	0.0153911538713575
44563	MIR563	0.0677577401892919	3.73261103582446e-12	0.0677577401892919
44637	MIR181B1	0.0490142682438701	5.10042244295325e-07	0.0490142682438701
44681	MIR615	-0.00833874242796818	0.393119997045883	0.00833874242796818
44702	MIR153-2	0.0272241018456635	0.00529533833662093	0.0272241018456635
44704	MIR3143	-0.000345477624228557	0.971776856100614	0.000345477624228557
44780	MIR378G	-0.0059202910719869	0.544319929824723	0.0059202910719869
44811	MIR5704	-0.0110853489944032	0.256262712930862	0.0110853489944032
44908	MIR4325	0.00545768128592582	0.576218303220317	0.00545768128592582
45008	MIR4669	-0.0100071513811692	0.305437283329245	0.0100071513811692
45038	MIR3132	0.148258116773656	1.26234127506617e-52	0.148258116773656
45097	MIR548B	0.00400090366753269	0.682005366030797	0.00400090366753269
45105	MIR570	-0.023634633856094	0.0154895726606566	0.023634633856094
45160	MIR3685	0.0468182308443183	1.60886796361956e-06	0.0468182308443183
45164	MIR1268A	-0.0197793021239123	0.0427886944794738	0.0197793021239123
45238	MIR4770	5.72931208059052e-05	0.995318596920107	5.72931208059052e-05
45279	MIR5589	-0.0138989139396904	0.154609913064646	0.0138989139396904
45404	MIR4479	-0.0330465914297518	0.000711325674804276	0.0330465914297518
45479	MIR599	0.00723151935728285	0.458948925514592	0.00723151935728285
45527	MIR1827	0.00749642082348517	0.442660702331174	0.00749642082348517
45536	MIR581	-0.000598336612568986	0.951140393249174	0.000598336612568986
45592	MIR5692C2	-0.000567773611689729	0.953633252681948	0.000567773611689729
45623	MIR527	-0.00632452589841105	0.517184398915731	0.00632452589841105
45637	MIR3907	-0.0389905374144828	6.48360826901666e-05	0.0389905374144828
45652	MIR542	0.0337593919211102	0.000543728467512711	0.0337593919211102
45670	MIR626	0.00012592099738454	0.989711260560622	0.00012592099738454
45678	MIR1293	-0.0284712505795149	0.00354222128230577	0.0284712505795149
45732	MIR3939	0.00707511980582073	0.468721119220839	0.00707511980582073
45807	MIR1284	0.0111893562017598	0.251827838333346	0.0111893562017598
45827	MIR4694	0.00358640320132669	0.713410664509896	0.00358640320132669
45828	MIR4447	0.00179178953511983	0.854409941015389	0.00179178953511983
45907	MIR519B	-0.00205575100403526	0.833256700454282	0.00205575100403526
46230	MIR302E	0.00413259579165137	0.672138603801809	0.00413259579165137
46335	MIR329-1	0.0241685565317764	0.013307693749016	0.0241685565317764
46393	MIR548F1	0.0204119993379229	0.036565735829638	0.0204119993379229
46401	MIR4489	0.0254675802826455	0.00909347928212079	0.0254675802826455
46451	MIR4505	-0.009427196409963	0.33432124296829	0.009427196409963
46460	MIR5684	0.00228584090258822	0.814915237792318	0.00228584090258822
46513	MIR153-1	0.0127591296980227	0.191315820050841	0.0127591296980227
46549	MIR4766	0.00100382793701758	0.918121280671825	0.00100382793701758
46654	MIR5692A2	-0.000824246112330893	0.9327306008205	0.000824246112330893
46690	MIR3194	0.00354264289143932	0.716755884630863	0.00354264289143932
46710	MIR26B	-0.00339867733173133	0.727799300419183	0.00339867733173133
46717	MIR100HG	0.328862999201913	5.03833180861399e-263	0.328862999201913
46732	MIR101-1	-0.0040010592718803	0.681993675142586	0.0040010592718803
46888	MIR512-2	-0.00460678526013491	0.637086360596031	0.00460678526013491
46947	MIR4429	-0.0139231982612032	0.153890598199391	0.0139231982612032
47001	MIR4491	-0.0125033164346917	0.200370793796559	0.0125033164346917
47130	MIR3919	-0.000342021613822833	0.972059072357973	0.000342021613822833
47207	MIR4706	0.00448394137850206	0.646093422773968	0.00448394137850206
47246	MIRLET7F1	-0.00848178414702439	0.385053709861711	0.00848178414702439
47416	MIR518A2	-0.00635797319530395	0.514970930099397	0.00635797319530395
47456	MIR1290	0.0099735832238039	0.30706257041717	0.0099735832238039
47566	MIR4462	0.0368453366917701	0.000160292197664846	0.0368453366917701
47600	MIR3156-2	0.0206513678612129	0.034421334886916	0.0206513678612129
47653	MIR4515	0.0253121624617714	0.0095254637760737	0.0253121624617714
47673	MIR4653	-0.0414013708202521	2.21862084964673e-05	0.0414013708202521
47714	MIR4252	-0.0229841003847087	0.0185687095115064	0.0229841003847087
47716	MIR933	0.0400002518531052	4.16725155880654e-05	0.0400002518531052
47727	MIR3688-2	0.00154651568551278	0.87416017778996	0.00154651568551278
47896	MIR4764	0.0111421927341856	0.253832216130399	0.0111421927341856
47947	MIR559	-0.0413861879467841	2.23406485672004e-05	0.0413861879467841
47986	MIR942	0.0145524939344796	0.136124893314925	0.0145524939344796
48047	MIR4476	0.0160902241288476	0.0993768228752201	0.0160902241288476
48076	MIR379	0.0629691782515506	1.08229631864273e-10	0.0629691782515506
48118	MIR5590	0.0062353560961955	0.523109440619306	0.0062353560961955
48230	MIR4323	-0.0106657129477236	0.274705353395033	0.0106657129477236
48342	MIR3672	0.00439085715403886	0.652953278364877	0.00439085715403886
48378	MIR589	0.026214848482441	0.0072511447922879	0.026214848482441
48387	MIR587	-0.0123940444119483	0.204332591515315	0.0123940444119483
48414	MIR30C1	-0.00718623634888285	0.461766509074844	0.00718623634888285
48580	MIR3668	0.00119418020447078	0.902665991947209	0.00119418020447078
48831	MIR3689E	-0.00857362690395299	0.379928322731624	0.00857362690395299
48844	MIR23A	-0.04423397948916	5.83853860168164e-06	0.04423397948916
48856	MIR4280	0.00447422587452021	0.646808016475007	0.00447422587452021
48915	MIR4509-1	-0.00382921952845071	0.694950304215112	0.00382921952845071
48998	MIR3139	0.0172292888335761	0.0776383289113608	0.0172292888335761
49009	MIR3926-2	-0.00123511326035058	0.89934712010307	0.00123511326035058
49029	MIR3116-1	-0.0147393577349065	0.131166600448898	0.0147393577349065
49041	MIR583	0.0122076623388178	0.211221048473862	0.0122076623388178
49127	MIR4668	-0.03732381259795	0.000131513109993077	0.03732381259795
49160	MIR4432	-0.00674866117864959	0.489485036923934	0.00674866117864959
49243	MIR193B	-0.000670728768240572	0.94523770600631	0.000670728768240572
49267	MIR128-2	0.140695430281988	1.6095229654065e-47	0.140695430281988
49369	MIR3678	0.00219599376382732	0.822065868594288	0.00219599376382732
49438	MIR5191	0.0450606107113524	3.89450321246735e-06	0.0450606107113524
49494	MIR4684	0.00138043287262898	0.887579136769754	0.00138043287262898
49556	MIR5591	0.00550184067466707	0.573135652026068	0.00550184067466707
49610	MIR517B	-0.0095461815508188	0.328256183152519	0.0095461815508188
49626	MIR30A	0.000361616199892052	0.970459034606785	0.000361616199892052
49650	MIR548AC	-0.0231038716925605	0.0179645211310668	0.0231038716925605
49657	MIR3913-2	0.0218246048721275	0.0253982393724196	0.0218246048721275
49769	MIR4682	0.0793840031688178	3.87364320878918e-16	0.0793840031688178
49839	MIR4490	0.00148555479318158	0.879081630133714	0.00148555479318158
49954	MIR548E	-0.000657727290835139	0.946297604096507	0.000657727290835139
49959	MIR544B	0.00481121191585143	0.622216219966204	0.00481121191585143
49981	MIR4711	0.00675440091783605	0.489115742555715	0.00675440091783605
50085	MIR4474	-0.00434188561462615	0.656574102694958	0.00434188561462615
50159	MIR519C	-0.00376613718095077	0.699729372276138	0.00376613718095077
50210	MIR644A	0.00522703467424131	0.592444905061823	0.00522703467424131
50217	MIR3713	0.000532794924365667	0.956486831140731	0.000532794924365667
50237	MIR3909	-0.0197090366872538	0.0435320512925194	0.0197090366872538
50240	MIR510	-0.0167331079302637	0.0865778865198317	0.0167331079302637
50246	MIR487B	0.0239896331513649	0.0140065320466334	0.0239896331513649
50302	MIR4446	-0.00722186056399511	0.459549102118056	0.00722186056399511
50350	MIR4480	0.0184686232953622	0.0585569319106269	0.0184686232953622
50426	MIR383	0.0166061161204262	0.0889947073932636	0.0166061161204262
50566	MIR548H2	0.00643159282306288	0.510116335139196	0.00643159282306288
50588	MIR100	0.0205422877883851	0.035384834664301	0.0205422877883851
50614	MIR203	-0.0522478493035636	8.58974375421641e-08	0.0522478493035636
50622	MIR655	0.0100392760192148	0.303887240023829	0.0100392760192148
50627	MIR514A1	-0.00837124088704051	0.391278441605278	0.00837124088704051
50779	MIR625	-0.000833567701278511	0.931971671242007	0.000833567701278511
50856	MIR4679-2	0.00647745264151332	0.507104410206261	0.00647745264151332
51119	MIR3646	-0.0524840800769237	7.50995584747233e-08	0.0524840800769237
51151	MIR138-1	0.0461103688205326	2.305614584396e-06	0.0461103688205326
51301	MIR1283-1	-0.00282820735966151	0.772096987096824	0.00282820735966151
51327	MIR1262	0.0099340868956461	0.308982204769011	0.0099340868956461
51422	MIR409	0.0194727515817681	0.0461122590771444	0.0194727515817681
51424	MIR4777	0.0216303738643784	0.0267330863575954	0.0216303738643784
51441	MIRLET7A2	0.00749825968610866	0.442548802101342	0.00749825968610866
51474	MIR4999	-0.0360070470335035	0.00022547051595054	0.0360070470335035
51475	MIR890	0.0148933496985984	0.127186748970092	0.0148933496985984
51521	MIR875	-0.00213553425763644	0.826886007862341	0.00213553425763644
51554	MIR548AE2	-0.00825420138206953	0.397935129962045	0.00825420138206953
51563	MIR3942	-0.0749967941566129	1.45828039100719e-14	0.0749967941566129
51568	MIR3914-1	0.0449154268896378	4.18365339282322e-06	0.0449154268896378
51576	MIR4795	-0.0291014013362005	0.00287438276479128	0.0291014013362005
51592	MIR4423	-0.0143365047959767	0.142034876887469	0.0143365047959767
51649	MIR4797	-0.00121784087976051	0.900747361819581	0.00121784087976051
51751	MIR4262	-0.00248802682756975	0.798881067110091	0.00248802682756975
51752	MIRLET7BHG	0.0376799579752441	0.00011333203978931	0.0376799579752441
51808	MIR5584	0.00809992751856674	0.406813052772	0.00809992751856674
51844	MIR365A	-0.00182680740516129	0.851597317389107	0.00182680740516129
51919	MIR3162	0.00534299348529458	0.584260686760846	0.00534299348529458
51957	MIR5689	0.00901287162318797	0.3560002373066	0.00901287162318797
51964	MIR4316	0.0117503093587271	0.228831993574525	0.0117503093587271
52003	MIR4713	-0.00567730462428495	0.560964892595878	0.00567730462428495
52012	MIR4701	-0.0311695285715744	0.00140900379670747	0.0311695285715744
52047	MIR4502	0.0837996562618715	8.18835896326082e-18	0.0837996562618715
52093	MIR1294	0.00883829556670618	0.365394279241818	0.00883829556670618
52104	MIR635	-0.0595695161335856	1.02256997872197e-09	0.0595695161335856
52117	MIR125B1	0.138880627295694	2.45940303795934e-46	0.138880627295694
52121	MIR3690	0.0126450102309737	0.195317384650532	0.0126450102309737
52150	MIR4718	0.00553888294797868	0.570555875612847	0.00553888294797868
52155	MIR649	0.0849636155675372	2.86274534546859e-18	0.0849636155675372
52192	MIR4664	-0.100816932464467	4.14610125414907e-25	0.100816932464467
52263	MIR4765	0.00758157131829501	0.43749603886169	0.00758157131829501
52293	MIR4646	-0.00268020778917514	0.783718429141815	0.00268020778917514
52465	MIR1228	0.00505156428298266	0.604928327974051	0.00505156428298266
52506	MIR1265	0.00542635214936032	0.578410040893129	0.00542635214936032
52519	MIR548AA2	0.0305421118916296	0.00175700099586352	0.0305421118916296
52640	MIR5100	0.00410567809274659	0.674150839827709	0.00410567809274659
52720	MIR4730	0.0450632319384101	3.88946304876538e-06	0.0450632319384101
52727	MIR3612	0.00721439627585104	0.460013217755064	0.00721439627585104
52818	MIR4728	0.00919275654973882	0.346481338796352	0.00919275654973882
52879	MIR944	-0.00778128403587567	0.425519765358078	0.00778128403587567
52942	MIR30C2	-0.0164870772485987	0.0913092403825152	0.0164870772485987
53158	MIR633	0.0395057606220475	5.18106206048064e-05	0.0395057606220475
53231	MIR767	-0.000474157836832812	0.961271706112281	0.000474157836832812
53354	MIR4771-2	0.014219019497906	0.145331257401606	0.014219019497906
53361	MIR3129	-0.00177443321279631	0.855804683338595	0.00177443321279631
53406	MIR509-1	-0.0340586741673003	0.000484994923127631	0.0340586741673003
53447	MIR1288	0.0337113253781133	0.000553757193428447	0.0337113253781133
53464	MIR1289-1	0.0481187360797779	8.19676016073176e-07	0.0481187360797779
53502	MIR4283-2	-0.0113956159703641	0.243191882176408	0.0113956159703641
53508	MIR567	-0.0628379232235781	1.18295858535108e-10	0.0628379232235781
53581	MIR4437	0.000891056626619558	0.927292526551474	0.000891056626619558
53599	MIR4693	-0.00226852263637976	0.816292361108874	0.00226852263637976
53615	MIR548N	0.021826974577275	0.0253823163407059	0.021826974577275
53670	MIR892B	0.107502833517789	2.41749066195137e-28	0.107502833517789
53874	MIR3125	0.0962988430036674	4.84554563493479e-23	0.0962988430036674
53926	MIR4486	0.00731694147271673	0.453660138255224	0.00731694147271673
53945	MIR3166	-0.000926872091497021	0.924378690583067	0.000926872091497021
54007	MIR601	-0.000125767226200363	0.989723824185103	0.000125767226200363
54024	MIR558	0.0126230348017614	0.196094941466472	0.0126230348017614
54076	MIR4288	0.0269535445476638	0.00576646555320243	0.0269535445476638
54084	MIR4739	-0.0192509113939558	0.0486507665179809	0.0192509113939558
54147	MIR4488	0.00112224985201281	0.90850222666704	0.00112224985201281
54148	MIR3144	-0.00595363356446952	0.542055213836484	0.00595363356446952
54283	MIR3196	-0.0015018964171587	0.877761883040783	0.0015018964171587
54337	MIR4803	0.00599920552131836	0.538967458647147	0.00599920552131836
54390	MIR301A	0.0272918960125347	0.00518286917521776	0.0272918960125347
54471	MIR604	0.0609160204258586	4.26201004042019e-10	0.0609160204258586
54521	MIR548AI	0.0137798253692201	0.158174394272568	0.0137798253692201
54535	MIR3689D1	-0.00421773190554074	0.665789745288651	0.00421773190554074
54541	MIR586	0.00422654564438778	0.66513383430024	0.00422654564438778
54556	MIR592	0.000790303417995666	0.935494602078823	0.000790303417995666
54598	MIR548A1	0.00657759910589888	0.500559728542216	0.00657759910589888
54705	MIR4509-3	0.00409970517799144	0.674597662594588	0.00409970517799144
54747	MIR4779	0.0145575305235483	0.135989380164411	0.0145575305235483
54873	MIR4473	-0.000856722544322389	0.930086757889817	0.000856722544322389
55015	MIR4774	0.00953397915089367	0.328874875042834	0.00953397915089367
55088	MIR4449	0.000546394330803309	0.955377316624613	0.000546394330803309
55211	MIR30B	0.00577296902404312	0.554382403088272	0.00577296902404312
55216	MIR4671	-0.0159030725787054	0.103373846973842	0.0159030725787054
55254	MIR4642	0.0114534442700311	0.240808450297857	0.0114534442700311
55285	MIR3183	-0.00374741420038982	0.701150112048952	0.00374741420038982
55370	MIR3158-1	0.000263245206225103	0.978492797453439	0.000263245206225103
55438	MIR548X	-0.00126972197204539	0.896542399156964	0.00126972197204539
55485	MIR588	0.0240517634687614	0.0137602768049214	0.0240517634687614
55516	MIR1185-2	0.0321497050039295	0.000990349018453636	0.0321497050039295
55521	MIR708	0.111636629369347	1.90137422898794e-30	0.111636629369347
55558	MIR4704	0.00491227683866598	0.614920740846294	0.00491227683866598
55589	MIR378H	0.0126409996320095	0.195459122836487	0.0126409996320095
55675	MIR450A1	0.0373412172521143	0.000130564194546516	0.0373412172521143
55843	MIR641	0.12550918937867	4.25876214584e-38	0.12550918937867
55929	MIR548F3	0.00309238106048085	0.751481227827761	0.00309238106048085
55974	MIR23B	-0.0229045659320427	0.0189796780699709	0.0229045659320427
56010	MIR4279	0.031559947354583	0.00122578213907287	0.031559947354583
56046	MIR3115	0.00291430391844194	0.765359645083538	0.00291430391844194
56094	MIR5695	0.115726966025066	1.31195124511865e-32	0.115726966025066
56200	MIR1298	0.0148489752535938	0.128323827766094	0.0148489752535938
56226	MIR101-2	0.0126088613430991	0.196597642658883	0.0126088613430991
56292	MIR4729	0.00319059162389708	0.743861124291335	0.00319059162389708
56523	MIR494	0.0585540273392914	1.95407498820522e-09	0.0585540273392914
56570	MIR4677	0.0236738717608717	0.0153191262065499	0.0236738717608717
56600	MIR4298	-1.7127051484077e-05	0.998600546639846	1.7127051484077e-05
56668	MIR4418	0.00944650171111861	0.333332310053044	0.00944650171111861
56792	MIR3681	0.0140765890075313	0.149405728894219	0.0140765890075313
56926	MIR4516	0.0288988036709819	0.00307538005963798	0.0288988036709819
56945	MIR4652	-0.00637311409019916	0.513970559118711	0.00637311409019916
56946	MIR654	0.00360740170478095	0.711807401055508	0.00360740170478095
56962	MIR4725	-0.00471776529273596	0.628994959938404	0.00471776529273596
57005	MIR141	-0.0309821809972753	0.00150560843538239	0.0309821809972753
57007	MIR3680-1	0.00425562087358173	0.662971899087578	0.00425562087358173
57023	MIR5688	0.0194177564554924	0.0467309338599778	0.0194177564554924
57116	MIR3119-2	0.0192522621063226	0.048634962396173	0.0192522621063226
57140	MIR5007	-0.00208129034664032	0.831216171220229	0.00208129034664032
57173	MIR1911	0.00349426075757731	0.720460748914782	0.00349426075757731
57184	MIR4767	-0.0479454834725064	8.97618865687213e-07	0.0479454834725064
57202	MIR548AB	0.00360513114216064	0.711980700239532	0.00360513114216064
57225	MIR26A1	0.0259708117652481	0.00781219994994173	0.0259708117652481
57249	MIR4264	0.0097045658768562	0.320294246769072	0.0097045658768562
57273	MIR193A	-0.027590034504883	0.00471344633228978	0.027590034504883
57284	MIR4716	0.0021356649112372	0.826875584388708	0.0021356649112372
57295	MIR4681	0.0215844215948358	0.0270576116971369	0.0215844215948358
57301	MIR4322	0.294016784350859	3.26113132017137e-208	0.294016784350859
57348	MIR3689B	-0.00711690288710362	0.46609920469722	0.00711690288710362
57396	MIR516B1	-0.00992564606942159	0.309393479503518	0.00992564606942159
57412	MIR496	0.0194062553125732	0.0468611966659726	0.0194062553125732
57470	MIR3202-1	0.0394658829164252	5.27228242734133e-05	0.0394658829164252
57504	MIR1283-2	-0.00512440515155919	0.599731917201461	0.00512440515155919
57508	MIR4526	0.00469768444305838	0.630455767391878	0.00469768444305838
57550	MIR5586	0.0101788668983684	0.29721261838521	0.0101788668983684
57842	MIR613	0.0142310515990677	0.144990994150879	0.0142310515990677
57850	MIR28	0.00942003050117485	0.334688804446808	0.00942003050117485
57872	MIR532	0.00243435306765125	0.803129655430073	0.00243435306765125
57893	MIR134	0.0143364747630856	0.142035712145777	0.0143364747630856
57908	MIR3169	0.0143380251822469	0.141992597666288	0.0143380251822469
57952	MIR4737	0.0138605520741626	0.155751411843886	0.0138605520741626
57974	MIR3133	-0.000946575879003659	0.922776081030821	0.000946575879003659
57985	MIR548AQ	-0.00325714830482805	0.738711196480479	0.00325714830482805
58002	MIR3671	0.0115691726755076	0.236088141105199	0.0115691726755076
58036	MIR5692A1	-0.0048851716340787	0.616873665686777	0.0048851716340787
58058	MIR548AW	0.00218341308906109	0.823068317251452	0.00218341308906109
58063	MIR3156-3	0.000497946392022016	0.959330346134529	0.000497946392022016
58064	MIR4708	-0.00348254129280775	0.721359159545532	0.00348254129280775
58082	MIR4524B	-0.0208173384926085	0.032998351669901	0.0208173384926085
58161	MIR765	0.0315664545017248	0.00122292388042863	0.0315664545017248
58266	MIR148A	-0.0391256818507383	6.1147838722685e-05	0.0391256818507383
58294	MIR562	0.00303762840492081	0.755740053375594	0.00303762840492081
58315	MIR205HG	-0.0798320640180585	2.64386013596177e-16	0.0798320640180585
58376	MIR154	0.019560868524002	0.0451353599884714	0.019560868524002
58405	MIR1251	-0.0237740472904681	0.014891437765549	0.0237740472904681
58409	MIR500A	0.00451257797800796	0.643989047489536	0.00451257797800796
58423	MIR516A1	-0.00163450844623384	0.867065031609625	0.00163450844623384
58523	MIR5186	0.0548189314077772	1.93014197243771e-08	0.0548189314077772
58543	MIR3659	0.0140632899128899	0.149790577713453	0.0140632899128899
58643	MIR3173	0.00538516712291136	0.581297228426226	0.00538516712291136
58671	MIR342	-0.0451263880804974	3.76989761902712e-06	0.0451263880804974
58673	MIR539	0.0105926990544303	0.278004571511235	0.0105926990544303
58701	MIR548AX	0.0010427083201436	0.914961753479741	0.0010427083201436
58924	MIR1289-2	0.00430297235609575	0.659457010963304	0.00430297235609575
59065	MIR526B	-0.00955197009801026	0.327962953615874	0.00955197009801026
59127	MIR4768	-0.0282449972796984	0.00381453948021015	0.0282449972796984
59312	MIR521-1	-1.9122946812965e-05	0.998437461998965	1.9122946812965e-05
59404	MIR548AJ1	0.0152490981830969	0.118352078921766	0.0152490981830969
59416	MIR5702	-0.00394324396100812	0.686342696367008	0.00394324396100812
59422	MIR4804	0.00512028009560941	0.600025655196564	0.00512028009560941
59433	MIR3617	-0.00155497633845915	0.873477518294219	0.00155497633845915
59447	MIR373	-0.00144179530761715	0.882617284184336	0.00144179530761715
59531	MIR5708	-0.00428662957715536	0.660669286757462	0.00428662957715536
59552	MIR4304	0.0247815920641029	0.011141303582217	0.0247815920641029
59557	MIR1915	0.0450260168270929	3.96161045653274e-06	0.0450260168270929
59580	MIR760	0.0845512838792718	4.16082478012414e-18	0.0845512838792718
59633	MIR545	0.00185259071009974	0.8495276145802	0.00185259071009974
59683	MIR505	0.00460210788228726	0.637428342674927	0.00460210788228726
59754	MIR4520A	0.0502641006495716	2.59479118727412e-07	0.0502641006495716
59775	MIR4696	-0.00889779417591091	0.362175383581466	0.00889779417591091
59872	MIR3935	0.00801679606311628	0.41164557469709	0.00801679606311628
59961	MIR4703	0.0039024886895627	0.689414678833944	0.0039024886895627
60169	MIR548Y	0.022276800257732	0.0225119789859091	0.022276800257732
60208	MIR5190	0.00957110542292937	0.326994828150638	0.00957110542292937
60213	MIR620	0.00284231804175217	0.770991586367342	0.00284231804175217
60237	MIR3178	-0.0607141427733931	4.86540141473883e-10	0.0607141427733931
60250	MIR3689C	0.00460722451262703	0.637054249031154	0.00460722451262703
60278	MIR4292	0.113241616623959	2.75704436423905e-31	0.113241616623959
60382	MIR4643	0.00174680316807253	0.8580259427252	0.00174680316807253
60443	MIR4692	-0.0411495468713814	2.48840502126757e-05	0.0411495468713814
60447	MIR4270	0.0101753923231536	0.297377558772774	0.0101753923231536
60459	MIR548J	0.00308530765302492	0.7520309962495	0.00308530765302492
