	idx	beta	pval	cilb	ciub	i2	tau2	V1	V2
ENSG00000104219	27996	-0.802258557794403	7.8610430726155e-12	-1.03210573708625	-0.572411378502551	96.4597775832796	0.277513497215188	ZDHHC2	8
ENSG00000128918	21643	-2.27805891760168	4.11025347032078e-17	-2.80898250234712	-1.74713533285625	97.6330489580762	1.54431853932759	ALDH1A2	10
ENSG00000274736	15198	-3.07248236031193	7.95147535440647e-13	-3.91330391090649	-2.23166080971738	98.0325096506793	3.85651834008619	CCL23	14
ENSG00000163644	12277	-1.112695055085	4.11359980020726e-13	-1.41342745987568	-0.811962650294314	97.6129056497871	0.496124931746953	PPM1K	22
ENSG00000039537	21319	-3.47682630264218	3.33377169586142e-11	-4.50448951211736	-2.44916309316701	98.3088134004047	5.76198298266468	C6	32
ENSG00000069702	25103	-2.04016453028999	4.18658522084024e-20	-2.47559775984433	-1.60473130073564	98.0896307874334	1.04675103561333	TGFBR3	36
ENSG00000165495	13963	-2.30315278024361	5.8749110537056e-15	-2.88139346271843	-1.72491209776879	98.3504259065051	1.89938746687729	PKNOX2	41
ENSG00000215301	15452	-0.327891870304762	1.57762329029669e-12	-0.418823212845136	-0.236960527764389	86.8860434171931	0.0366084405150759	DDX3X	41
ENSG00000153823	27049	-1.9628047002258	3.08338158016914e-15	-2.45054277016563	-1.47506663028598	98.3035186855599	1.30536807135558	PID1	42
ENSG00000184226	12966	-2.58191938277965	1.28612383435016e-12	-3.295084127335	-1.8687546382243	98.4806324343592	2.89597381390116	PCDH9	45
ENSG00000160808	25061	-2.66899838876269	1.83721088101477e-16	-3.30444280703523	-2.03355397049015	96.8008204704466	2.11755012174376	MYL3	47
ENSG00000180287	16680	-3.14564698106103	4.34193042947902e-11	-4.08093756473752	-2.21035639738454	98.4861667609587	5.01037973662502	PLD5	48
ENSG00000104695	29803	-0.526758268291162	1.70134433890125e-11	-0.680174191848201	-0.373342344734123	97.7375728364916	0.130284186517872	PPP2CB	48
ENSG00000166912	22123	-0.765177239239864	2.79348274374177e-22	-0.919663583890214	-0.610690894589513	97.3451424709684	0.127549309200757	MTMR10	51
ENSG00000169762	20549	-0.671221409675491	3.05916728905378e-13	-0.851639935757268	-0.490802883593715	98.0453901909803	0.182384352909099	TAPT1	52
ENSG00000172493	27187	-0.527549584983385	3.77432936582074e-12	-0.676422307468076	-0.378676862498695	93.8522725684511	0.114318567244311	AFF1	53
ENSG00000167220	24074	-0.466663577029833	1.07467113116744e-14	-0.584986043966631	-0.348341110093035	95.8053754059514	0.0716081145305879	HDHD2	55
ENSG00000131381	2344	-0.407558329508523	5.87276992630202e-11	-0.529569463184784	-0.285547195832261	95.5937632097461	0.0755676763952143	RBSN	56
ENSG00000159761	11359	-0.8574900322279	3.55296679825517e-11	-1.11130269126483	-0.603677373190971	96.269371696374	0.34315841884701	C16orf86	57
ENSG00000131370	5854	-1.44218886325107	2.07137682412461e-13	-1.82707409280131	-1.05730363370083	97.4320564556548	0.792014310902531	SH3BP5	58
ENSG00000186594	9549	-1.20082618400643	2.37414689771441e-24	-1.43196579365889	-0.969686574353963	93.2539965815658	0.257949372772609	MIR22HG	58
ENSG00000148218	6952	-0.884378964009382	3.27715681110433e-12	-1.13323430340964	-0.635523624609124	98.2788350108608	0.33068507229841	ALAD	60
ENSG00000069020	16862	-0.641042680919198	3.30193464392628e-11	-0.830478467613641	-0.451606894224755	94.294886430294	0.178388288973663	MAST4	60
ENSG00000147588	10973	-5.08289658383679	6.5064981594675e-14	-6.41165200964259	-3.75414115803098	98.2886673714222	9.98503662766257	PMP2	61
ENSG00000106034	30582	-2.22740438465373	1.53006554024802e-13	-2.81859155766111	-1.63621721164635	98.5488574014419	1.94018795530982	CPED1	61
ENSG00000205362	147	-2.54874546834799	3.31561137337139e-12	-3.26610594807082	-1.83138498862516	96.2362844540531	2.68954973837626	MT1A	63
ENSG00000034971	1743	-5.83964274931468	1.26743026942884e-12	-7.45217936157218	-4.22710613705718	98.9073512966947	15.0157356381524	MYOC	65
ENSG00000135447	13945	-3.62154366327946	3.02454011096477e-16	-4.49009434157263	-2.7529929849863	98.000532149002	4.04983064578031	PPP1R1A	66
ENSG00000145390	27880	-0.776142855741093	2.33561576563909e-14	-0.975498190523176	-0.57678752095901	95.2784162208151	0.205253934302822	USP53	66
ENSG00000111339	28264	-2.51306016664595	4.9463855902188e-15	-3.1422552477224	-1.88386508556951	97.1214790433544	2.0560100629382	ART4	67
ENSG00000070193	793	-4.44642047290541	9.98510416893939e-18	-5.46283129926071	-3.4300096465501	97.9548594445653	5.53612739528262	FGF10	68
ENSG00000164169	17820	-0.407982355013435	1.07938997880251e-11	-0.525653012779762	-0.290311697247109	94.2354351395103	0.0704237564072229	PRMT9	68
ENSG00000159658	29095	-0.425693717488515	1.36562217029604e-12	-0.543414360942575	-0.307973074034455	95.6147145285762	0.0727898346626772	EFCAB14	68
ENSG00000189056	7167	-2.70211711948942	1.76907396893213e-11	-3.48976142565057	-1.91447281332828	98.3422600967008	3.50727221654616	RELN	70
ENSG00000205364	20945	-2.8629955821458	6.22483074340098e-13	-3.64284348928328	-2.08314767500832	97.9447168755718	3.31352971603153	MT1M	71
ENSG00000179388	6483	-1.62690057571183	5.83475981538289e-12	-2.09012535681363	-1.16367579461003	93.189324676457	1.10983263709646	EGR3	73
ENSG00000133800	20512	-3.06105044642197	1.7636873682029e-21	-3.69138072359339	-2.43072016925055	97.4800377978834	2.11104691968056	LYVE1	73
ENSG00000161896	139	-2.04800515592818	2.96153411648459e-14	-2.57616588962665	-1.51984442222971	94.7020041872393	1.44519323738464	IP6K3	78
ENSG00000269067	21052	-3.82428541625665	2.40153600733316e-11	-4.94648502124155	-2.70208581127175	97.1649458108603	6.44983085245858	ZNF728	78
ENSG00000110422	30304	-0.610876788289553	1.06114420365295e-13	-0.77195400831805	-0.449799568261055	95.915268238837	0.1402551935245	HIPK3	78
ENSG00000139946	16682	-1.05726026454823	9.64354000571059e-12	-1.36146985563546	-0.753050673460996	97.7792848159368	0.509164788183879	PELI2	79
ENSG00000108924	23934	-2.42511929603008	4.93696308486637e-14	-3.05604770286453	-1.79419088919563	98.9979829522988	2.26303886276882	HLF	79
ENSG00000108381	6098	-3.34705008271395	2.83599573968477e-18	-4.09954264127848	-2.59455752414943	98.8913605053489	3.12154557619147	ASPA	80
ENSG00000175806	10364	-0.913527303129595	1.98433729169795e-11	-1.18047750041525	-0.646577105843936	98.2557147084357	0.389088043783092	MSRA	84
ENSG00000170624	18986	-1.48477063086587	8.79067118777088e-11	-1.93341598358432	-1.03612527814742	96.1384777877135	1.01253005704289	SGCD	84
ENSG00000198848	13672	-2.74314266420041	1.61386398438949e-13	-3.47191517487676	-2.01437015352405	97.7326297972951	2.81054782444086	CES1	86
ENSG00000152580	2484	-2.96211718950733	2.29071515147762e-34	-3.43702317061065	-2.48721120840401	94.663974918548	1.10657243232227	IGSF10	88
ENSG00000187824	18384	-1.63691295802068	1.08523448534811e-12	-2.0875636235958	-1.18626229244556	99.2957993259531	1.19326110134928	TMEM220	88
ENSG00000031003	23683	-0.616607765062128	6.13992139968461e-11	-0.801389909719622	-0.431825620404633	96.7791821291379	0.176544901519894	FAM13B	89
ENSG00000272573	28462	-2.33004935495505	6.54524730693237e-11	-3.02933059057877	-1.63076811933133	88.2991729110341	2.31906958517272	MUSTN1	89
ENSG00000113389	1577	-1.39620102336172	8.50073212103359e-19	-1.70529698994741	-1.08710505677602	87.2785487891576	0.410242630941993	NPR3	90
ENSG00000198624	19341	-1.82363312957278	4.25534015038234e-14	-2.29686000998398	-1.35040624916159	98.6232917997852	1.23162273337925	CCDC69	90
ENSG00000165406	3050	-0.545771191703364	6.93302327562219e-11	-0.709781563461136	-0.381760819945592	97.3127435794221	0.144314567177705	MARCH8	91
ENSG00000174306	5623	-0.686709020720506	1.04447723171864e-11	-0.884632283722461	-0.488785757718552	95.8909497913572	0.204142692661078	ZHX3	91
ENSG00000154258	15432	-2.40863556138061	6.43643999549089e-15	-3.01425282876953	-1.8030182939917	98.0178975840057	2.02654049133268	ABCA9	91
ENSG00000244734	26298	-2.25906626108406	1.9430634840439e-11	-2.91890695130951	-1.59922557085861	96.6961002690665	2.36583875804255	HBB	92
ENSG00000109458	20701	-0.748830580876304	1.41730348343316e-12	-0.956061374491139	-0.541599787261469	96.4006064039985	0.220849238661489	GAB1	93
ENSG00000134020	23901	-2.81926796162537	9.48008623950852e-11	-3.6726499863248	-1.96588593692593	98.1789671033135	4.05660193528745	PEBP4	95
ENSG00000107562	27236	-2.22944160631427	8.76838559098802e-15	-2.79283160656119	-1.66605160606735	98.5778035108507	1.80971397947559	CXCL12	95
ENSG00000115896	15762	-1.63981668468455	3.85978259875595e-11	-2.12609377920847	-1.15353959016063	98.2636338702203	1.26634459944346	PLCL1	96
ENSG00000117791	24840	-0.989519082101982	8.02539410474240e-12	-1.27313932299762	-0.705898841206341	97.5899871964101	0.420670925956768	MARC2	96
ENSG00000203907	25797	-2.46290853640559	1.1211921495178e-13	-3.11297001954523	-1.81284705326595	86.6069734340155	1.88069948369217	OOEP	96
ENSG00000146122	25302	-1.64111629186338	1.03733473649697e-14	-2.05697894174583	-1.22525364198094	97.6967688790601	0.92410947407256	DAAM2	99
ENSG00000011465	23099	-2.62599108993777	1.93507892932496e-11	-3.39293656343507	-1.85904561644047	98.827542418573	3.28841360881309	DCN	100
ENSG00000109819	7874	-1.82667237022023	4.15405067034429e-12	-2.34316043963482	-1.31018430080565	97.9659342536029	1.42187111090807	PPARGC1A	101
ENSG00000123560	584	-4.02406531349087	6.38704556150138e-15	-5.0357332512585	-3.01239737572324	98.23686414947	5.75379073864746	PLP1	102
ENSG00000166960	3203	-2.88707405132744	6.28834016663887e-27	-3.41371995708315	-2.36042814557174	96.1311052812145	1.39498964068745	CCDC178	105
ENSG00000165186	21228	-2.69693990797899	1.191138513315e-12	-3.44076369625955	-1.95311611969844	96.7358642772983	2.90480293912127	PTCHD1	105
ENSG00000150625	3534	-3.89956121249532	8.76224286854856e-16	-4.84982138378667	-2.94930104120396	98.9012610827899	5.16057656546919	GPM6A	107
ENSG00000130844	22333	-0.884625520607372	5.92840940564993e-17	-1.09185733700418	-0.677393704210566	91.5678796316903	0.195572158719505	ZNF331	107
ENSG00000166275	28116	-0.723547490283393	3.31067659197591e-11	-0.937377014510925	-0.509717966055862	97.9197132602793	0.259353125630923	BORCS7	108
ENSG00000254245	16561	-1.62299596571011	6.67540714545878e-13	-2.06566882857966	-1.18032310284057	95.958329067964	1.02005929858251	PCDHGA3	109
ENSG00000156256	24008	-0.267307288203347	8.18538763351423e-11	-0.347944547118775	-0.18667002928792	91.4984682666442	0.0301523648001361	USP16	109
ENSG00000168216	25368	-0.637457401109107	4.60430778402821e-15	-0.79687424268891	-0.478040559529304	97.2813615369372	0.136424229828278	LMBRD1	109
ENSG00000164188	10182	-2.96281530142085	9.73382426100683e-16	-3.68596459757674	-2.23966600526496	97.9282491489763	2.86396851572327	RANBP3L	110
ENSG00000179636	28648	-3.70849292058062	8.24408048529735e-18	-4.55404812299023	-2.86293771817102	96.5302233079539	3.81342780737483	TPPP2	112
ENSG00000113638	2397	-0.42147659292604	4.94186414323149e-11	-0.547160384073584	-0.295792801778497	92.3944167761243	0.0765975333631052	TTC33	113
ENSG00000163145	5793	-2.92152006746974	1.69988320246385e-17	-3.59417400596838	-2.24886612897109	98.4780591441468	2.5423783197647	C1QTNF7	114
ENSG00000077009	17203	-4.01652650049257	1.67789544258818e-12	-5.13174470859702	-2.90130829238811	94.8046786525272	6.64269565109043	NMRK2	114
ENSG00000119147	27397	-3.7502656205231	6.80989351551451e-13	-4.77354030515719	-2.72699093588901	98.9402844525389	5.95412413904301	C2orf40	114
ENSG00000114784	8024	-0.459011055731441	4.27671978413223e-15	-0.57366606596711	-0.344356045495772	94.4806954502006	0.0660300167757473	EIF1B	115
ENSG00000116194	22739	-3.47531504904539	3.46236358961559e-16	-4.31046378240408	-2.64016631568669	98.9678966605801	3.94019841825672	ANGPTL1	116
ENSG00000266964	12056	-3.10796522028394	1.31888759283935e-14	-3.89866003417973	-2.31727040638814	98.9581417219928	3.56461918829471	FXYD1	117
ENSG00000261701	17762	-3.79229768657883	7.11321259492802e-15	-4.74736515953479	-2.83723021362286	96.4398441114076	4.98099118352545	HPR	119
ENSG00000166091	17665	-4.166785531495	3.11042757325261e-16	-5.16651415928782	-3.16705690370218	98.2277586886679	5.53896232262287	CMTM5	120
ENSG00000123358	24449	-1.7576862581311	5.38704752271373e-11	-2.28285286783676	-1.23251964842545	95.0522646685059	1.46302077519152	NR4A1	121
ENSG00000161594	716	-1.71926914962999	3.63381377505037e-12	-2.20406743103344	-1.23447086822653	93.8591991701659	1.07209992464058	KLHL10	125
ENSG00000175764	26090	-0.525407144648591	8.92480196922808e-16	-0.653476249581927	-0.397338039715254	93.0317538086322	0.0734565178977482	TTLL11	125
ENSG00000137077	7752	-3.03561343753222	6.85763807385672e-16	-3.77259758698558	-2.29862928807886	97.0689488334025	2.89733702683816	CCL21	127
ENSG00000171772	16637	-2.43772901229326	4.35625899276203e-11	-3.16258916332818	-1.71286886125835	91.5283832835363	2.67807822674024	SYCE1	127
ENSG00000119414	6512	-0.23263938414384	1.56198698674611e-11	-0.300269672873381	-0.165009095414298	93.4930828935717	0.0231624210454847	PPP6C	128
ENSG00000113594	23238	-2.06665859326466	6.97529738109168e-13	-2.63081212734491	-1.5025050591844	98.8997531798727	1.78078228167821	LIFR	128
ENSG00000142784	28281	-0.402535325238962	3.63497465105741e-13	-0.511079672929238	-0.293990977548686	94.7190312129749	0.0617058436754307	WDTC1	128
ENSG00000147576	24725	-1.66627402728385	9.90504304095609e-15	-2.08819121442315	-1.24435684014455	98.1933461849644	0.984813419434756	ADHFE1	129
ENSG00000165795	5497	-1.511818651364	1.46592438495488e-17	-1.85920168214638	-1.16443562058163	98.4585777238195	0.680418393505351	NDRG2	130
ENSG00000172059	24597	-0.687056806535816	1.45862772257532e-12	-0.877299351391285	-0.496814261680348	95.5737800163738	0.185530389815901	KLF11	130
ENSG00000065809	11407	-0.82280114092988	1.6455660636805e-11	-1.06226564834317	-0.583336633516594	96.2969682728087	0.284908649973424	FAM107B	131
ENSG00000148488	30676	-2.29441126695672	1.36822822297723e-11	-2.95952128948024	-1.62930124443321	96.5414073292103	2.26984130598372	ST8SIA6	131
ENSG00000005882	8293	-0.76611431954605	6.74675868626143e-17	-0.945911637359186	-0.586317001732915	95.2315380260598	0.167288487006707	PDK2	132
ENSG00000006128	30201	-3.93976054039411	1.40304343086756e-17	-4.84449397331749	-3.03502710747073	94.1227233577336	4.24188712796976	TAC1	132
ENSG00000168300	182	-0.437811291533993	2.82928458686555e-17	-0.539320018041112	-0.336302565026874	92.4785111185037	0.0516556241530139	PCMTD1	133
ENSG00000036473	29030	-4.6789335396168	4.28520374606543e-12	-6.00273274326761	-3.355134335966	98.2590346438539	10.0490946708104	OTC	133
ENSG00000094963	5152	-2.8060396839751	1.65838575329245e-13	-3.55188859669694	-2.06019077125326	98.2888648646273	2.97717571775297	FMO2	134
ENSG00000205269	3764	-0.923683026494119	4.73630987965904e-11	-1.19885952366354	-0.648506529324701	97.2277077199587	0.422520891422278	TMEM170B	135
ENSG00000144230	4597	-1.999809008223	3.19312486639887e-11	-2.59033643506445	-1.40928158138154	96.7828861963946	1.86918347399865	GPR17	139
ENSG00000009307	16566	-0.39964677575478	7.91269558037149e-16	-0.496883339273251	-0.30241021223631	94.6581291281462	0.0464605125030341	CSDE1	139
ENSG00000063127	21310	-1.10856456619404	9.69203866527772e-12	-1.42756993418682	-0.789559198201259	96.463204519407	0.5423614250652	SLC6A16	139
ENSG00000175611	27729	-0.515757064330533	2.55291838623593e-16	-0.639142178192848	-0.392371950468217	88.8702810281253	0.0655383049606664	LINC00476	139
ENSG00000036672	2274	-1.69318954311943	3.78598890681503e-14	-2.13168426924562	-1.25469481699323	96.7125932891444	1.02136298804392	USP2	140
ENSG00000004776	11380	-3.00963182311759	4.01849080093325e-13	-3.82270160559728	-2.1965620406379	98.6277311713338	3.59559062715606	HSPB6	140
ENSG00000101204	17592	-3.79415205613122	3.56827984885926e-11	-4.91730945171306	-2.67099466054938	96.5635246425749	6.52178463771042	CHRNA4	140
ENSG00000198597	27571	-2.7113294239043	1.56103849690816e-11	-3.49952611221605	-1.92313273559255	97.472814533953	3.45201001669852	ZNF536	141
ENSG00000164128	26514	-2.73029416004783	3.49514241902442e-24	-3.25778423060181	-2.20280408949385	96.8839103103588	1.42992061887934	NPY1R	144
ENSG00000223609	29037	-2.92682018909711	5.14929972283473e-12	-3.75802302737406	-2.09561735082016	88.5598297473391	2.80565988628489	HBD	144
ENSG00000186642	25867	-2.33186788583441	5.65331120204275e-17	-2.87776444651696	-1.78597132515185	98.5250224088221	1.61998811125192	PDE2A	147
ENSG00000131471	30349	-2.17375577709849	5.39449526201165e-12	-2.79168378966443	-1.55582776453256	98.6250141351368	2.04824607325379	AOC3	147
ENSG00000170271	22782	-1.70084372543005	1.13995377332792e-13	-2.14989822272182	-1.25178922813828	98.3486568171054	1.09322085636389	FAXDC2	149
ENSG00000128016	24826	-1.33436771076054	5.18625101208700e-11	-1.73271013458241	-0.936025286938669	94.4791740668228	0.80679768851729	ZFP36	151
ENSG00000112320	11229	-1.34894380385251	2.97508231689625e-11	-1.74665156844133	-0.951236039263687	97.8599793774876	0.857557377979847	SOBP	152
ENSG00000161649	22055	-4.52249772686823	6.4764742043886e-21	-5.46728364850428	-3.57771180523218	98.3021109289485	5.02476577551484	CD300LG	153
ENSG00000138356	16756	-3.10777532160707	2.29444657712495e-13	-3.93871455506787	-2.27683608814626	98.6516766408976	3.82190797736268	AOX1	154
ENSG00000146151	23705	-3.44985293360788	9.14163082148637e-13	-4.39647631765417	-2.5032295495616	98.6798394158637	5.0639732044078	HMGCLL1	154
ENSG00000171862	20786	-0.466678317294879	3.64959577315363e-11	-0.604895511621617	-0.328461122968142	96.5062451008222	0.105877250289566	PTEN	156
ENSG00000123091	20185	-0.570360022394617	2.7614004995885e-16	-0.706965432360406	-0.433754612428827	96.3046660341605	0.0996257869071989	RNF11	157
ENSG00000141338	15962	-3.50846539576127	6.42430688739014e-18	-4.30576159334343	-2.71116919817911	98.9556109116425	3.61306393113169	ABCA8	159
ENSG00000163687	5546	-2.80292707702086	2.0456989384062e-20	-3.39619692262825	-2.20965723141347	97.507381486475	1.84298157519202	DNASE1L3	160
ENSG00000138767	21316	-0.297193681294035	8.59811536897448e-11	-0.386948951117871	-0.207438411470199	90.4425517903042	0.0368103392622083	CNOT6L	161
ENSG00000110429	21849	-0.366884986049718	4.3978727091644e-15	-0.458569061088498	-0.275200911010937	93.5274604475034	0.0419193519396757	FBXO3	161
ENSG00000163815	20222	-2.88093589993374	8.20316590796549e-15	-3.60816910782049	-2.153702692047	98.9276394891287	3.00673239363598	CLEC3B	163
ENSG00000248874	25246	-3.43790051188357	6.70702176562259e-22	-4.13847276108079	-2.73732826268635	85.5543891394339	2.16435795666551	C5orf17	164
ENSG00000121871	12351	-4.84486733104653	1.84398156501921e-11	-6.25837538057676	-3.43135928151631	98.0016724152198	11.1271986012355	SLITRK3	165
ENSG00000144712	24019	-1.25224284043897	2.93076111109097e-11	-1.62131768754678	-0.883167993331169	97.9181575043447	0.746238572313078	CAND2	166
ENSG00000179564	9095	-2.50887038481764	2.1223101508455e-22	-3.01394620657404	-2.00379456306125	91.0269519319338	1.24895694193287	LSMEM2	167
ENSG00000175287	17837	-1.79298350475692	2.36390634878409e-13	-2.27264279141896	-1.31332421809487	98.2840557284218	1.29765383607796	PHYHD1	167
ENSG00000129244	8637	-1.87631295752479	1.19359962560452e-12	-2.39382622704592	-1.35879968800366	98.1426906196646	1.43741940543203	ATP1B2	169
ENSG00000163632	6818	-1.07162389602134	4.28351122134894e-11	-1.39015111129556	-0.753096680747118	92.872985621629	0.483035509470081	C3orf49	171
ENSG00000180875	15265	-3.97551787414273	9.05875294342746e-18	-4.88309918722937	-3.06793656105608	98.5411663592483	4.57080690026624	GREM2	171
ENSG00000165269	20944	-2.34336033847357	4.37279405961987e-12	-3.00663575697919	-1.68008491996794	98.1750272087239	2.32904185995695	AQP7	172
ENSG00000181778	20879	-4.33166120855466	5.17604296106041e-15	-5.4169710945744	-3.24635132253493	97.9265468900728	6.47295134867625	TMEM252	173
ENSG00000248144	28644	-3.76839880181031	4.56724275750005e-15	-4.71068674940045	-2.82611085422017	98.3696335239636	4.7890171086243	ADH1C	173
ENSG00000162616	15826	-0.975993204520686	1.18351753862315e-15	-1.21492335653525	-0.737063052506117	96.3986214579628	0.298269628442201	DNAJB4	175
ENSG00000162772	27198	-1.34159264234805	5.95469932603827e-11	-1.74335357745303	-0.939831707243069	92.5660441374307	0.832562059224573	ATF3	178
ENSG00000074527	10493	-1.38985222516497	8.58878484245195e-20	-1.68901943845217	-1.09068501187777	96.4584086336955	0.453368448037622	NTN4	179
ENSG00000170345	19740	-1.83474934105362	8.71020101232819e-14	-2.31684943493642	-1.35264924717082	94.5362332705794	1.19616597586911	FOS	179
ENSG00000117400	2576	-1.03732734902829	1.61453764218766e-17	-1.27599537316708	-0.798659324889494	89.7061663471761	0.241270531612098	MPL	180
ENSG00000184601	28556	-5.97571700226966	2.80319194478523e-30	-6.99997923389062	-4.9514547706487	96.7268549982841	5.77495743185301	C14orf180	180
ENSG00000104332	28895	-3.64882927426255	5.86488156252992e-13	-4.64160883375243	-2.65604971477267	98.996089374609	5.60559712763378	SFRP1	181
ENSG00000118526	5908	-3.32293085749045	4.21487765987808e-12	-4.26276189637181	-2.38309981860909	99.2318701815421	5.09287256334515	TCF21	182
ENSG00000147027	16265	-1.42163659739921	5.45060657400233e-11	-1.84651061625264	-0.996762578545782	98.3664868382571	0.988407689126793	TMEM47	185
ENSG00000160801	12124	-2.54607601891554	3.05293943912964e-17	-3.13701742718039	-1.95513461065069	98.3448343208087	1.87309581224405	PTH1R	186
ENSG00000196569	17642	-1.52840374978156	7.25317308106346e-12	-1.96555559147668	-1.09125190808644	96.7490786676093	0.976515959351373	LAMA2	188
ENSG00000151090	22486	-1.63748164270963	4.44992899266288e-11	-2.12462120978395	-1.1503420756353	99.0632071933055	1.34923085711828	THRB	190
ENSG00000102547	7658	-1.17475833251599	4.89072120636346e-11	-1.52498729552807	-0.824529369503914	98.3939105019167	0.67859292754214	CAB39L	192
ENSG00000134201	16182	-2.95093230441581	5.56888097354487e-22	-3.5510779864988	-2.35078662233283	98.0905022555576	1.95018054872537	GSTM5	193
ENSG00000091704	13728	-3.19023040840401	7.4220828254343e-12	-4.10313418670954	-2.27732663009849	95.1322690217228	4.27058269933857	CPA1	195
ENSG00000164303	13401	-2.45463714552126	5.61333100352568e-13	-3.12194568679791	-1.78732860424462	97.2621595507024	2.38667504467961	ENPP6	198
ENSG00000107317	23154	-2.51190837016631	1.95750641443812e-23	-3.0054584664495	-2.01835827388311	96.311355356503	1.30397466155224	PTGDS	199
ENSG00000166856	28698	-2.51695062969737	1.24312011403982e-14	-3.15665876862476	-1.87724249076997	97.0392336251063	2.11819058490717	GPR182	200
ENSG00000179915	23278	-3.71187013917719	6.42622183716204e-12	-4.7708619360165	-2.65287834233788	98.5614807865078	6.48056831057358	NRXN1	202
ENSG00000129596	921	-2.95227125150327	3.57105068484277e-11	-3.82622746063007	-2.07831504237647	98.8990002648078	4.27352049421057	CDO1	204
ENSG00000143196	20658	-3.93806573369163	6.38646812293667e-20	-4.78276049244208	-3.09337097494119	97.9785063981435	3.88155804217753	DPT	205
ENSG00000111404	28265	-4.2153651170685	3.36090686904848e-13	-5.35039283918946	-3.08033739494754	98.9937785219867	7.38682523193163	RERGL	208
ENSG00000154330	16004	-2.91164032084208	1.61588146512956e-11	-3.75869872094297	-2.06458192074119	99.3138509548611	4.00878781829002	PGM5	209
ENSG00000013297	5918	-1.72863805383622	6.26389463873207e-13	-2.19955554745089	-1.25772056022154	96.6752137042283	1.12244072703553	CLDN11	211
ENSG00000114698	2461	-1.50852547557186	4.35043487560851e-12	-1.93546067550424	-1.08159027563948	98.6744753133649	1.02042959268391	PLSCR4	212
ENSG00000117758	13331	-0.606149937672616	2.38868347423914e-12	-0.775634493000975	-0.436665382344256	97.513236960335	0.155206023914066	STX12	219
ENSG00000163512	29755	-0.33020367945321	7.27369322548401e-11	-0.429543205758816	-0.230864153147605	91.5067431287313	0.0472996085545697	AZI2	219
ENSG00000162999	30820	-0.697855869018538	5.14743928336677e-19	-0.851382144135668	-0.544329593901408	91.4327324749251	0.112674658576443	DUSP19	221
ENSG00000140876	2807	-0.886245234768543	6.40510361367792e-11	-1.15208822811473	-0.620402241422355	97.77342057314	0.401652784173577	NUDT7	227
ENSG00000136143	19563	-0.446351119668533	1.84486480844502e-11	-0.576577070727572	-0.316125168609495	95.0613104929645	0.0873720803447609	SUCLA2	228
ENSG00000127951	14319	-1.67425600636434	2.26674620634927e-12	-2.14190303068288	-1.2066089820458	98.0031336138115	1.18750529865038	FGL2	229
ENSG00000184905	18253	-4.40074681790581	1.12031159144869e-13	-5.5622661772668	-3.23922745854482	98.9790887785818	7.77293236535117	TCEAL2	231
ENSG00000147853	22923	-0.731728965013153	2.78041702106879e-12	-0.936949433860851	-0.526508496165455	98.2000722984653	0.241852707940083	AK3	231
ENSG00000080503	13120	-0.78759679313505	3.81474152470316e-22	-0.947132435151589	-0.628061151118512	96.1865950930154	0.133108250172073	SMARCA2	232
ENSG00000113851	25004	-0.467802928606291	5.61417060006856e-13	-0.59497845527521	-0.340627401937372	95.5019728735502	0.0851418572060316	CRBN	232
ENSG00000104804	559	-1.72686131595268	1.23420705214347e-18	-2.11096896072655	-1.34275367117881	89.5176574874161	0.626904317573857	TULP2	234
ENSG00000170153	28985	-2.00354519464476	5.02145040011647e-11	-2.60121612838399	-1.40587426090552	98.5536175193315	1.98891331278244	RNF150	234
ENSG00000141639	731	-3.28154994804589	5.76097690922345e-12	-4.21565452860814	-2.34744536748364	98.6108411099987	5.01744399514825	MAPK4	237
ENSG00000125740	22300	-2.85215054449452	4.06417637567733e-23	-3.41667170685682	-2.28762938213222	92.9209260611633	1.60253440999852	FOSB	241
ENSG00000178343	4266	-2.70067995240876	5.1052568498725e-11	-3.50661320526411	-1.89474669955341	97.7097046399396	3.47220726044896	SHISA3	242
ENSG00000145708	16064	-3.80079031027259	1.17439155119566e-18	-4.64567053728454	-2.95591008326065	98.1250401351004	3.86424606367707	CRHBP	242
ENSG00000171357	16658	-1.1568798714706	1.5954343227618e-13	-1.4641651983992	-0.849594544542008	95.9458615010793	0.495207660789627	LURAP1	243
ENSG00000258289	22802	-0.457441729372792	2.6673844449497e-11	-0.591983889758776	-0.322899568986808	93.8035567764173	0.0896865215209663	CHURC1	244
ENSG00000151240	28278	-0.686742079080075	8.06216020464579e-12	-0.883597921274372	-0.489886236885779	94.8681636840146	0.197338551496014	DIP2C	244
ENSG00000134463	657	-1.44148818952007	1.32791172875078e-13	-1.82310798957564	-1.0598683894645	96.7466027812948	0.739099619497797	ECHDC3	246
ENSG00000005812	6080	-0.614197217763939	3.0600315194567e-18	-0.752419237010321	-0.475975198517556	96.3265622613464	0.105377800593555	FBXL3	246
ENSG00000122035	10864	-1.28036428173142	6.20705815928192e-17	-1.58049590336846	-0.980232660094373	95.6442560103672	0.452749362324312	RASL11A	247
ENSG00000185432	5190	-1.55580812265179	2.39344643386448e-13	-1.9721128327547	-1.13950341254889	98.908255244224	0.964146472761872	METTL7A	249
ENSG00000119138	20968	-1.4443505109309	4.44670820913214e-13	-1.83528953896244	-1.05341148289935	98.0648924114217	0.868075438678274	KLF9	249
ENSG00000180628	1538	-0.570678861165228	5.80796388385794e-29	-0.670826466760813	-0.470531255569644	90.9462720312614	0.0490809714055956	PCGF5	261
ENSG00000122756	1944	-3.27517738273699	3.54953771895327e-18	-4.01366748537203	-2.53668728010194	97.1985732764861	2.87934356135192	CNTFR	261
ENSG00000164209	3880	-0.31623589008888	6.47977215929828e-12	-0.406473135913548	-0.225998644264211	91.8577619979003	0.0400469609726053	SLC25A46	261
ENSG00000186479	24389	-2.61599410543365	5.16098639358024e-14	-3.29710507867051	-1.93488313219679	97.376939048076	2.46322390984294	RGS7BP	262
ENSG00000185010	29161	-1.16915451321163	6.17199061551716e-11	-1.51956303789785	-0.818745988525407	97.7749953832918	0.672254275238124	F8	267
ENSG00000168546	30060	-2.01148875381288	8.34390926833616e-12	-2.58850116049525	-1.43447634713051	98.0109338154003	1.81755070126214	GFRA2	269
ENSG00000197561	24348	-3.64830125270359	7.13628988254693e-16	-4.53456715925052	-2.76203534615666	96.5365542678891	4.24589082388895	ELANE	272
ENSG00000106809	29123	-4.23389170199854	1.01326305770831e-16	-5.23329608246915	-3.23448732152793	98.3040552773944	5.60033646827431	OGN	273
ENSG00000171303	13706	-2.49365125571734	1.49969690764826e-11	-3.21794254960972	-1.76935996182496	98.3217687544341	2.87088359299151	KCNK3	276
ENSG00000143028	6471	-1.99900253505752	5.84832123009195e-14	-2.52060374212345	-1.47740132799158	98.0288681710658	1.48240461439882	SYPL2	277
ENSG00000146374	14940	-2.8251717044031	6.43261944122635e-15	-3.53551424801742	-2.11482916078877	97.8126045520952	2.67051717650833	RSPO3	277
ENSG00000115137	12624	-0.615332670109062	1.7707463449669e-11	-0.79470061440848	-0.435964725809643	96.8788335616162	0.174154529606598	DNAJC27	278
ENSG00000164442	30311	-1.11802761187824	7.24197527581775e-11	-1.45434473580254	-0.781710487953947	97.843636589448	0.604753470581823	CITED2	280
ENSG00000141469	1218	-1.75563391791524	9.38226986926098e-11	-2.28692935214639	-1.22433848368409	96.6313154694515	1.52074393645084	SLC14A1	286
ENSG00000174080	30226	-0.959306911254995	2.53907493897754e-11	-1.24115088519139	-0.677462937318596	97.31957932434	0.410207394363973	CTSF	287
ENSG00000183287	26292	-3.2919517819983	8.59760405174804e-11	-4.2861506196522	-2.29775294434439	99.0165089790638	5.63062443246542	CCBE1	292
ENSG00000153993	26942	-2.49935266959747	6.35907936527136e-16	-3.10545254897369	-1.89325279022126	97.5693327127973	1.97160986725479	SEMA3D	299
ENSG00000112964	27655	-2.1722738891359	2.39649584391009e-14	-2.73047365178905	-1.61407412648274	98.3640854053728	1.70673238933251	GHR	300
ENSG00000130988	13713	-2.44858400298861	1.29137118232348e-13	-3.09649844733013	-1.80066955864708	98.9925019223468	2.362964877858	RGN	304
ENSG00000162407	8295	-1.27763844608734	3.37640928439159e-13	-1.621684270929	-0.933592621245676	98.2468273442241	0.664120872173377	PLPP3	317
ENSG00000160339	9648	-3.98105732046209	3.36848206963608e-12	-5.10190960623853	-2.86020503468565	96.7956160842479	6.58091502835224	FCN2	319
ENSG00000238243	14341	-3.08367020927515	1.00147039857049e-11	-3.97165494969221	-2.19568546885809	97.0150399609524	4.01840868490526	OR2W3	320
ENSG00000112425	10711	-1.14980623484222	4.11058810033456e-25	-1.36750726035912	-0.932105209325329	96.8215749451688	0.242806910415139	EPM2A	323
ENSG00000120057	28180	-3.85588174085626	1.70190976666529e-13	-4.88126013332557	-2.83050334838695	96.2330762080901	5.63132859314664	SFRP5	323
ENSG00000000005	29584	-3.33796613087517	5.787607637112e-11	-4.33692335387075	-2.33900890787959	95.9930280569548	4.90865850860662	TNMD	323
ENSG00000182836	27756	-3.55472942772807	1.21669888056438e-11	-4.58260208784395	-2.52685676761218	98.793852495344	5.99930193119818	PLCXD3	327
ENSG00000185129	17345	-0.503036861154596	2.68796681536137e-15	-0.627766032691861	-0.378307689617331	94.0888568717913	0.0803792438461775	PURA	328
ENSG00000136100	18711	-0.383146595590439	3.64448541663234e-15	-0.478607761747438	-0.287685429433439	93.8745690866956	0.0448825526155254	VPS36	330
ENSG00000091181	20256	-2.1500360264885	3.05295708387075e-11	-2.78429207666906	-1.51577997630793	96.1883849151463	2.09795978877951	IL5RA	331
ENSG00000134352	27346	-0.893306700009928	4.99029894542375e-12	-1.14683790058203	-0.639775499437832	97.753365409643	0.35591431743339	IL6ST	339
ENSG00000132975	26982	-3.65452558327533	3.88149790053674e-14	-4.60136351943486	-2.70768764711581	94.7942587072379	4.45835383758063	GPR12	340
ENSG00000196616	7198	-5.87907530032069	3.24975884899928e-32	-6.85430848500393	-4.90384211563745	98.535082362994	5.32154920505036	ADH1B	341
ENSG00000168309	18011	-2.74806545629919	3.88764069495238e-13	-3.49001343783977	-2.00611747475861	99.0594211488299	3.1679878095662	FAM107A	343
ENSG00000180481	24261	-1.25217929386821	9.82099209295233e-15	-1.56919919828863	-0.935159389447786	93.2879674864737	0.499871879499744	GLIPR1L2	350
ENSG00000115310	23693	-0.446195456975905	4.66163439628524e-11	-0.579074829630398	-0.313316084321413	95.2999490461179	0.0883154869926207	RTN4	351
ENSG00000171819	11887	-4.23270179081522	1.40567420566308e-16	-5.23653589368715	-3.22886768794329	96.9221644961993	5.51952266054523	ANGPTL7	352
ENSG00000112232	9199	-3.59693490415986	3.09078081831995e-11	-4.65831284415085	-2.53555696416886	98.2002470556046	6.0011239939023	KHDRBS2	355
ENSG00000258484	3115	-1.3751108063298	6.76801712659552e-14	-1.73483610554616	-1.01538550711344	91.9167945056672	0.637150927684033	SPESP1	356
ENSG00000172260	21775	-2.45134370856631	8.08409345302423e-11	-3.1906151535318	-1.71207226360082	98.4914512146857	3.05519143905695	NEGR1	360
ENSG00000159307	26650	-2.05336378588462	4.90192716245467e-12	-2.63591925726074	-1.4708083145085	97.7309203210592	1.82064648939389	SCUBE1	370
ENSG00000120129	13714	-1.56883740543444	9.52529076136224e-12	-2.02012751862685	-1.11754729224203	97.5042440326207	1.10149441694058	DUSP1	374
ENSG00000180929	12153	-1.62375690968071	4.9383790057247e-18	-1.99147311995256	-1.25604069940886	90.4652267437146	0.63019273771572	GPR62	375
ENSG00000163827	10237	-2.60243859950279	8.75813919223485e-12	-3.34973024656388	-1.85514695244171	98.9375051066706	3.19301464853038	LRRC2	378
ENSG00000065325	30547	-3.59045821695997	5.79069696704263e-13	-4.56712089522959	-2.61379553869034	97.3911721378141	5.08256955112373	GLP2R	380
ENSG00000144410	18612	-1.61188328989658	2.31122283150667e-11	-2.08447751631214	-1.13928906348102	96.8801497469445	1.21135398108205	CPO	381
ENSG00000187758	3389	-4.11028383712549	5.73327431631169e-16	-5.10548493465499	-3.11508273959598	97.5937684677529	5.40992290816419	ADH1A	382
ENSG00000188783	13155	-2.43424861280154	1.63849194611224e-15	-3.03317151534567	-1.8353257102574	97.8144564926779	1.91861261101022	PRELP	389
ENSG00000269964	29464	-2.58883041160217	3.22978326952684e-14	-3.25745263149076	-1.92020819171359	94.2211921629652	2.18960976683441	MEI4	392
ENSG00000104938	10535	-4.8277325212344	9.02562083364179e-11	-6.28739811356586	-3.36806692890294	97.753791651062	11.9619202951318	CLEC4M	394
ENSG00000144891	22600	-3.14358842795384	7.040427146486e-13	-4.00187264847179	-2.28530420743589	98.8094361073043	4.15035862514393	AGTR1	401
ENSG00000077092	2466	-0.789107152343416	7.51907824768545e-14	-0.995916947280154	-0.582297357406679	92.2453274408642	0.19784376506964	RARB	409
ENSG00000189134	19232	-2.35468647828413	2.79748042333206e-14	-2.96134894495577	-1.74802401161249	98.4790962891422	2.02637421389123	NKAPL	409
ENSG00000136546	23459	-4.1009988513383	2.42713615256407e-14	-5.15504110422764	-3.04695659844897	98.8336815776012	6.46802924780415	SCN7A	409
ENSG00000111405	11875	-1.57113894594984	4.37723678566689e-15	-1.96373494941012	-1.17854294248956	95.1838626267913	0.775815388039531	ENDOU	417
ENSG00000004799	19444	-2.85379320790319	9.38138026818789e-18	-3.50559858032103	-2.20198783548536	97.5254504624129	2.28236146353026	PDK4	418
ENSG00000005249	5109	-1.86915920637759	2.57041095513262e-26	-2.21432119430445	-1.52399721845074	97.0884686413335	0.634221029690321	PRKAR2B	425
ENSG00000127083	25988	-3.33787896960751	9.6251079580802e-13	-4.25468656436471	-2.42107137485031	98.2754118830817	4.72742242203666	OMD	429
ENSG00000120907	17617	-4.10953648783787	9.51438716275233e-19	-5.02061459780514	-3.19845837787061	97.6604449228935	4.40076523730936	ADRA1A	435
ENSG00000071991	25662	-4.77839052799307	8.21052525460348e-21	-5.77930607251959	-3.77747498346656	97.8951636412979	5.61632315024761	CDH19	442
ENSG00000189241	22223	-0.674272274398366	4.04473315721623e-12	-0.864817800960573	-0.48372674783616	98.2610142100587	0.204745403348145	TSPYL1	445
ENSG00000164129	29893	-4.75404940278824	3.27350483550312e-38	-5.47498670407259	-4.03311210150389	95.5662570259216	2.64970159768095	NPY5R	453
ENSG00000184845	8347	-2.83985743574357	2.93594321005493e-12	-3.63719481800189	-2.04252005348526	97.5990992900461	3.56522320930352	DRD1	454
ENSG00000101938	17044	-4.39638340592315	3.25949596675324e-20	-5.33196420200376	-3.46080260984254	98.3798062412013	4.89742720197693	CHRDL1	458
ENSG00000155313	19235	-0.50605008907209	2.68310914537027e-18	-0.619739774893665	-0.392360403250515	93.2031138743564	0.0639902847082046	USP25	458
ENSG00000124440	19261	-2.38178459495316	1.1019592424459e-14	-2.98593518236861	-1.7776340075377	97.5506764948635	1.93278127335122	HIF3A	458
ENSG00000143869	22226	-1.66156439914936	1.58262148646918e-11	-2.14473223056119	-1.17839656773752	96.8114254905705	1.20447902886351	GDF7	458
ENSG00000096717	1601	-0.468435023898024	2.60255663645532e-11	-0.606135855918509	-0.330734191877539	95.2711834590132	0.0976748254128699	SIRT1	460
ENSG00000112175	4131	-3.40495796897927	3.03109713671393e-12	-4.36157095211774	-2.44834498584081	98.0755875900672	4.90906489702012	BMP5	462
ENSG00000164530	12547	-4.6552754834841	3.56142740796162e-24	-5.55483267487111	-3.75571829209709	96.65533263902	4.23856697622433	PI16	471
ENSG00000151892	3969	-2.70735725697647	9.30763402323346e-12	-3.48577314674926	-1.92894136720368	98.3516523759486	3.38845310568285	GFRA1	473
ENSG00000181072	13109	-4.47381679069119	4.1728565695209e-13	-5.68329564645075	-3.26433793493163	96.9459220223168	7.68886396683403	CHRM2	474
ENSG00000120156	26661	-1.87236515462479	2.95174998750588e-12	-2.39811973938408	-1.3466105698655	98.6433060476405	1.52955529764685	TEK	476
ENSG00000178385	1157	-0.74429868529165	1.52711349394226e-11	-0.960567591967385	-0.528029778615915	92.8896105108712	0.219400148280111	PLEKHM3	477
ENSG00000175084	7148	-3.98233978679392	6.42344387678911e-13	-5.06773108385141	-2.89694848973642	98.1832838394068	6.34082288846977	DES	478
ENSG00000198963	20624	-2.30488420140253	1.69609880691843e-18	-2.81964770837021	-1.79012069443485	95.5107848325043	1.36984736153464	RORB	478
ENSG00000266524	9847	-3.09581263701853	2.52834679682392e-11	-4.00527641113611	-2.18634886290094	97.9991715185429	4.61581868544612	GDF10	486
ENSG00000103647	10688	-1.68468997873382	2.72594250278368e-11	-2.1804261343454	-1.18895382312225	98.1848235499857	1.33816489166423	CORO2B	488
ENSG00000155090	29158	-0.757698712161824	1.54867479762783e-11	-0.977927698529557	-0.537469725794091	92.9337009380064	0.234249201743369	KLF10	488
ENSG00000173714	4644	-3.08175299287004	1.40718795169821e-15	-3.83820324499015	-2.32530274074992	97.1052011133813	3.11964708298317	WFIKKN2	492
ENSG00000185739	17301	-1.85925221999281	1.3049042336033e-11	-2.39767081455522	-1.3208336254304	97.8519129567831	1.62309096030081	SRL	495
ENSG00000140092	2572	-1.81848429372558	7.07264435210974e-13	-2.31502261773544	-1.32194596971572	98.4957848261705	1.40824621155566	FBLN5	498
ENSG00000168079	8761	-4.61726332368686	7.5140161794291e-46	-5.2539415225507	-3.98058512482301	95.0243223426794	1.94851440463672	SCARA5	504
ENSG00000136014	19634	-1.72167968018797	9.39404339553648e-15	-2.15724735246255	-1.28611200791338	97.54130702798	1.04795750891359	USP44	505
ENSG00000132970	19663	-1.52205760497533	1.15172409782764e-19	-1.85083401195993	-1.19328119799073	97.138449709849	0.569894179118097	WASF3	511
ENSG00000171408	26996	-1.4892299344822	6.62905740352896e-15	-1.86385467327353	-1.11460519569087	97.8438792997254	0.777085514957952	PDE7B	511
ENSG00000184481	17334	-0.820922161022361	1.44230687623495e-13	-1.03857591837397	-0.603268403670754	98.1428523599665	0.264863243610371	FOXO4	514
ENSG00000172817	2193	-1.09780443865518	1.94742242535832e-12	-1.40351582262851	-0.792093054681839	96.1629457545266	0.483285172529654	CYP7B1	515
ENSG00000266412	25848	-0.523030052452266	3.55649183463238e-14	-0.658336865494601	-0.38772323940993	95.380883906422	0.0971258215971303	NCOA4	523
ENSG00000069535	18060	-2.39932565151372	2.76008158464443e-12	-3.0721405803896	-1.72651072263784	99.0783926616911	2.5830666977485	MAOB	529
ENSG00000120915	3965	-1.36511245300081	5.23717206260964e-12	-1.75293288903541	-0.977292016966216	98.6328527595275	0.839212314057629	EPHX2	532
ENSG00000120738	20406	-1.65202735060322	2.00169253263924e-12	-2.11232671079565	-1.19172799041078	95.5064441489095	1.13218787170384	EGR1	553
ENSG00000069667	12864	-0.954873506746626	3.9537027765516e-13	-1.21276002270734	-0.696986990785915	96.3429943236446	0.352373520617297	RORA	558
ENSG00000165072	3964	-2.9963743077069	9.21658802958443e-11	-3.90277015246272	-2.08997846295108	99.1754295571992	4.64759738935731	MAMDC2	559
ENSG00000150672	4242	-1.79921357859187	2.09674732378417e-11	-2.32560995353039	-1.27281720365335	98.7069840307583	1.59445673027749	DLG2	562
ENSG00000164512	19871	-1.70180081237875	6.89090776042472e-11	-2.21313943954456	-1.19046218521294	95.6056172521669	1.40350520861703	ANKRD55	581
ENSG00000106018	11250	-1.90271979725361	4.94947012699696e-13	-2.41876072254643	-1.38667887196079	96.0880379009641	1.42039077378491	VIPR2	589
ENSG00000115665	24507	-5.20811751613375	1.53333116508172e-25	-6.18533595484389	-4.23089907742362	96.2060128549748	5.17695144098176	SLC5A7	590
ENSG00000158828	21161	-0.949717276555038	1.48358797430375e-15	-1.18302649652193	-0.716408056588148	97.8400599035486	0.299020909834935	PINK1	591
ENSG00000172869	3010	-0.571049088039648	1.42245392396008e-12	-0.72909198344984	-0.413006192629456	95.2530616497631	0.12822166356267	DMXL1	599
ENSG00000144655	17247	-1.32789114063664	8.68092126184334e-13	-1.69189629274467	-0.963885988528614	96.527361360802	0.719932210063681	CSRNP1	599
ENSG00000139505	12043	-0.423051107469183	1.49468572210472e-11	-0.545919202076202	-0.300183012862164	94.5057357212292	0.0785380802104268	MTMR6	632
ENSG00000138639	22210	-1.10108387968114	9.84959145638229e-12	-1.41804453075961	-0.784123228602683	97.6713924509141	0.521453973558988	ARHGAP24	633
ENSG00000119508	17631	-2.11639050456782	1.13454296627578e-19	-2.5734650320424	-1.65931597709325	90.5981389109716	1.00766178595766	NR4A3	637
ENSG00000205221	26234	-3.86614718506027	9.3435896818175e-13	-4.92744595790113	-2.80484841221942	98.3037415576966	6.0851422935206	VIT	641
ENSG00000111885	8343	-1.23165416102582	1.16124068542173e-13	-1.55694119325908	-0.906367128792546	97.9139611443489	0.569572201943594	MAN1A1	664
ENSG00000171385	14501	-1.82212322543425	2.74813899789135e-13	-2.31092704824503	-1.33331940262348	97.7655046306967	1.28568850319153	KCND3	666
ENSG00000164161	18609	-2.88649019591116	7.90655826830937e-13	-3.67632715052408	-2.09665324129824	98.1120148847402	3.47595696055296	HHIP	712
ENSG00000113742	23938	-0.90543024375726	4.69010568024134e-13	-1.15074589522585	-0.660114592288674	96.9027867702694	0.315008485562972	CPEB4	716
ENSG00000151623	21032	-1.93967649182341	8.76398787752138e-12	-2.49666346226996	-1.38268952137686	99.2839938387355	1.79918496466432	NR3C2	718
ENSG00000077616	11812	-1.2958625919504	1.90381403808903e-11	-1.67419752646579	-0.917527657435017	97.0600935086874	0.791860172666432	NAALAD2	719
ENSG00000019995	20620	-0.593106649745571	2.66011362301366e-12	-0.759301599749149	-0.426911699741993	96.3710876824558	0.145858584532205	ZRANB1	720
ENSG00000163833	8119	-3.30078416029297	1.63286437910897e-13	-4.17789100485243	-2.42367731573351	94.1271296440053	4.08475928749745	FBXO40	721
ENSG00000165966	15481	-3.28948303518484	1.01317591156597e-11	-4.23696724527398	-2.3419988250957	98.4797768049659	4.98905528787706	PDZRN4	726
ENSG00000150995	1999	-1.3657671937563	6.29115989119455e-11	-1.77528186598178	-0.95625252153081	98.2154983127466	0.926025016721063	ITPR1	734
ENSG00000137727	22899	-2.08675071040554	2.25222063842424e-15	-2.60272915653292	-1.57077226427817	97.6777378363013	1.41383615872986	ARHGAP20	744
ENSG00000081019	14564	-0.353971766909332	1.66855797702443e-12	-0.452243842199454	-0.255699691619209	93.5121641550278	0.0481271349181487	RSBN1	767
ENSG00000168702	29039	-2.61850626872932	1.0273951274745e-11	-3.37294859657538	-1.86406394088327	97.103049564249	2.99805180618957	LRP1B	795
ENSG00000030304	207	-2.64598446914059	2.02235356870672e-12	-3.38337720195296	-1.90859173632822	96.1090202888191	2.87147481707105	MUSK	797
ENSG00000174175	30614	-1.97420497790029	3.65105989070507e-13	-2.50659646779726	-1.44181348800331	97.9783735137599	1.56562147861939	SELP	803
ENSG00000185271	1963	-3.35814495514775	1.81702461406943e-15	-4.18571295069515	-2.53057695960034	96.3823551737416	3.45901393040955	KLHL33	811
ENSG00000114166	13152	-1.13517509204085	1.37086658058247e-15	-1.41370383135387	-0.856646352727829	98.2280595136428	0.437368424818387	KAT2B	846
ENSG00000068976	11499	-2.19246615573877	1.69481743138895e-11	-2.83095877846629	-1.55397353301124	98.3706763634129	2.18710817858592	PYGM	857
ENSG00000112936	17522	-4.3459801420586	6.67916750358652e-21	-5.25420466610055	-3.43775561801665	98.3254543582606	4.66804584691284	C7	858
ENSG00000076555	7119	-1.67182413351073	6.76213613586207e-17	-2.06419269352109	-1.27945557350036	97.8863995638629	0.839403976991593	ACACB	873
ENSG00000036448	85	-1.45841083712883	9.96617495443028e-14	-1.84253909877294	-1.07428257548473	95.4312050774873	0.754484550166923	MYOM2	905
ENSG00000253953	1832	-1.4834006270874	2.88044495202152e-12	-1.89973026145717	-1.06707099271763	96.1858582057183	0.886006093654028	PCDHGB4	939
ENSG00000141161	6181	-1.87907023341188	3.27158730347054e-11	-2.43424395062135	-1.3238965162024	91.7897616496706	1.32517296041335	UNC45B	947
ENSG00000112584	24531	-0.282786816164488	9.28917140288253e-20	-0.343713950229233	-0.221859682099744	89.9793208955571	0.0176068015479886	FAM120B	949
ENSG00000198010	17883	-2.49603081737704	1.3276324198998e-11	-3.21912038062204	-1.77294125413203	97.9811018442935	2.86875890511828	DLGAP2	995
ENSG00000197579	30248	-0.314871378646571	2.25884186677512e-17	-0.387649972658296	-0.242092784634847	88.025212930141	0.023708366227373	TOPORS	1063
ENSG00000158077	24929	-2.05060108876583	1.19127503155435e-12	-2.6161640300111	-1.48503814752056	93.5388088709711	1.46877644083548	NLRP14	1112
ENSG00000181234	27493	-4.72118176907087	1.61246900407263e-27	-5.57250207851254	-3.8698614596292	97.1667917735034	4.00323824501877	TMEM132C	1127
ENSG00000145362	21239	-2.39550902774012	1.13757595581684e-11	-3.08719481939247	-1.70382323608776	98.6425326511625	2.66828549697146	ANK2	1133
ENSG00000171495	10476	-2.62054813321109	7.18481188693867e-11	-3.40869893984968	-1.8323973265725	91.2312077409172	2.96746248592606	MROH2B	1159
ENSG00000172403	7192	-2.39130189153997	7.69999986963633e-12	-3.07611346423808	-1.70649031884186	98.6303349946825	2.55801286914679	SYNPO2	1175
ENSG00000116678	17339	-1.76699531092195	3.67072058200884e-12	-2.26535359372306	-1.26863702812084	98.1327442630753	1.36835584200745	LEPR	1185
ENSG00000107854	24419	-0.226754569127392	6.38665177226055e-12	-0.291439061279021	-0.162070076975763	82.0413228322354	0.0167985444151153	TNKS2	1186
ENSG00000205038	21927	-3.40388982298948	3.05467878189392e-30	-3.98771127282645	-2.8200683731525	96.105302385495	1.83266820371255	PKHD1L1	1191
ENSG00000141431	24799	-2.17424543032132	2.58520700968496e-11	-2.81329098373461	-1.53519987690804	98.2225904630573	2.29469932030626	ASXL3	1211
ENSG00000097096	10609	-1.09946750214564	2.82026285533751e-14	-1.38277385168493	-0.816161152606354	95.9725725597956	0.407372634804564	SYDE2	1214
ENSG00000084676	27841	-0.55007827632588	4.99565887258288e-24	-0.656720090829257	-0.443436461822503	93.0179695527095	0.0580573038082593	NCOA1	1269
ENSG00000117114	1712	-0.921914123260072	5.39352252595309e-11	-1.19737382713528	-0.646454419384859	96.504164434401	0.397722433006026	ADGRL2	1374
ENSG00000157077	23982	-0.611511849846443	5.92218901922687e-13	-0.777923631757292	-0.445100067935593	96.2446950122287	0.142439823171118	ZFYVE9	1449
ENSG00000198300	22803	-2.57998321334523	3.92328822970259e-20	-3.13021138608161	-2.02975504060885	98.0940085929228	1.66332916900225	PEG3	1457
ENSG00000089250	28338	-3.16360147013916	9.34061729163942e-18	-3.88612477486548	-2.44107816541284	96.445651847563	2.81696569201789	NOS1	1457
ENSG00000196914	11923	-0.430379684817199	5.37294830097527e-12	-0.552712525927989	-0.308046843706409	91.9630426574402	0.0690697024935099	ARHGEF12	1466
ENSG00000101605	25894	-1.97513990735599	6.58122788638085e-14	-2.49157815212821	-1.45870166258377	98.0574750826226	1.40010791469988	MYOM1	1477
ENSG00000083067	3812	-2.12456129405563	6.9830788645567e-13	-2.7045333387874	-1.54458924932386	97.0437470078806	1.79830316816262	TRPM3	1593
ENSG00000154262	13866	-2.16870847980918	4.32449309811275e-14	-2.73163773341336	-1.60577922620499	98.2142166700878	1.75477072736784	ABCA6	1644
ENSG00000156218	11830	-2.21354054978515	2.89523087215514e-18	-2.71132822672832	-1.71575287284198	97.5345315594704	1.34708427834163	ADAMTSL3	1720
ENSG00000153820	18299	-3.90068181742038	1.32462360893821e-17	-4.7957440238174	-3.00561961102335	91.5166146714532	3.75819361756466	SPHKAP	1729
ENSG00000168356	27644	-2.0544810473563	3.62154747840609e-15	-2.56630461762771	-1.54265747708489	97.2014870043325	1.38746835253705	SCN11A	1821
ENSG00000139304	18200	-3.29122828780366	1.13061788571674e-12	-4.19804016518809	-2.38441641041924	96.5054171936719	4.25431093414168	PTPRQ	2338
ENSG00000165124	21493	-1.90375863906304	8.98357015306624e-14	-2.40426498000365	-1.40325229812242	96.7579107663849	1.33936546202481	SVEP1	3634
ENSG00000168477	27832	-2.85104564242425	3.85822456271617e-14	-3.58963651695874	-2.11245476788975	98.5668333196724	3.02108441466683	TNXB	4313
ENSG00000196159	17058	-1.39231309519294	1.95927275915574e-11	-1.79906116488474	-0.985565025501135	97.4744444840609	0.901047378214771	FAT4	5065
ENSG00000131018	14978	-1.68946158476498	9.13411400776499e-16	-2.10141697287643	-1.27750619665353	98.4260967313081	0.949330664059557	SYNE1	8532
ENSG00000249741	341	-2.05933475205737	8.96396951422522e-12	-2.6509629374523	-1.46770656666245	96.4350512272347	1.81331150782526	NA	NA
ENSG00000256508	626	-3.9574706542163	2.47308313914905e-13	-5.01704981931506	-2.89789148911753	97.5626124683051	5.97752288555012	NA	NA
ENSG00000226342	1092	-2.02375201487667	1.68550042332012e-11	-2.61304127775582	-1.43446275199752	92.0582583572665	1.61071157694766	NA	NA
ENSG00000226413	1251	-2.00594746226483	4.49078219123351e-15	-2.50739889822548	-1.50449602630417	95.5536859976605	1.2012955313324	NA	NA
ENSG00000174403	2098	-3.11689473235052	1.95016641717563e-13	-3.94780623299541	-2.28598323170563	94.8585082218274	3.5888110928411	NA	NA
ENSG00000226237	2134	-2.35988271131386	3.77871645591826e-12	-3.02584941723849	-1.69391600538923	98.4499012003745	2.47203256058155	NA	NA
ENSG00000256552	2297	-2.07068127391744	1.76354226487641e-11	-2.67422642973151	-1.46713611810337	94.8101579256308	1.73681406949675	NA	NA
ENSG00000238099	2458	-4.57765650908987	8.74075249035472e-17	-5.65592956796501	-3.49938345021474	97.7828393486314	6.15163707002747	NA	NA
ENSG00000250722	2740	-1.78168076442609	6.13853804479792e-14	-2.24696886985644	-1.31639265899574	98.2042194860776	1.16279237955965	NA	NA
ENSG00000242611	3296	-3.33576417222519	8.32600237824048e-11	-4.34244480411057	-2.32908354033982	90.5546808014884	4.79138732446955	NA	NA
ENSG00000237461	3795	-1.33350464627912	1.96776677035128e-11	-1.72310917586467	-0.943900116693565	91.8726411889543	0.672355748282459	NA	NA
ENSG00000249834	3862	-2.64858539269536	3.65170801498826e-14	-3.33407941849187	-1.96309136689886	93.9578923087495	2.33416241543297	NA	NA
ENSG00000267784	3945	-2.491967959555	4.10998914761493e-11	-3.23198690692438	-1.75194901218563	91.7553681785192	2.65212255635977	NA	NA
ENSG00000266601	4020	-1.19501157164222	3.79319813110043e-23	-1.43137349774132	-0.95864964554312	92.5914896379266	0.269393496651142	NA	NA
ENSG00000243384	4446	-5.59031860496562	3.7645996300913e-26	-6.62611980917572	-4.55451740075552	94.3099676058513	5.48771410088213	NA	NA
ENSG00000249159	4463	-2.11212294608736	2.16630672436945e-11	-2.73050773307149	-1.49373815910322	90.5785547322931	1.74170765994647	NA	NA
ENSG00000235902	4528	-3.00423824468342	4.45205044468618e-13	-3.81740677863776	-2.19106971072908	90.7021094254288	3.18292867876458	NA	NA
ENSG00000185345	4733	-1.59496994762107	2.37247525793676e-14	-2.00475263975447	-1.18518725548766	98.7035591803315	0.944926147265257	NA	NA
ENSG00000224460	4769	-1.49831488653569	4.61044546945683e-13	-1.90413522180848	-1.0924945512629	69.5305693016084	0.52927386373543	NA	NA
ENSG00000157502	4936	-2.70198520625614	6.12294599236534e-11	-3.51165229948972	-1.89231811302257	97.507376837121	3.32182534099674	NA	NA
ENSG00000260105	5445	-2.33545499326505	5.38832054276228e-11	-3.03325277333041	-1.6376572131997	97.4154738399811	2.56014524950847	NA	NA
ENSG00000267640	5669	-2.38573347624831	9.12038917001343e-12	-3.07138278749631	-1.70008416500031	98.1626728233912	2.53670031912427	NA	NA
ENSG00000278934	5891	-2.4002309221843	7.7211445157814e-11	-3.12331929169726	-1.67714255267133	98.3880882357746	2.75762245070679	NA	NA
ENSG00000267581	5998	-1.83523203627418	5.62561520592474e-11	-2.38410893819367	-1.28635513435468	89.2223058253405	1.23752004711772	NA	NA
ENSG00000228452	6043	-0.603811308368775	7.52484446572667e-18	-0.741315793541754	-0.466306823195796	92.409468998619	0.0948907094101429	NA	NA
ENSG00000184139	6396	-3.84138445251115	8.45481568046705e-22	-4.62612457585351	-3.05664432916878	92.4831583680567	3.05685602410241	NA	NA
ENSG00000257052	6434	-1.1141205291816	7.17816635069103e-12	-1.43271057577965	-0.795530482583545	93.7978429571932	0.518807365753981	NA	NA
ENSG00000250934	6545	-3.19764506431118	6.27481336319103e-11	-4.15637697458053	-2.23891315404183	97.7767006180323	5.00579255067204	NA	NA
ENSG00000253177	6571	-4.31197230454385	3.99334804118476e-13	-5.47674066148737	-3.14720394760033	97.5370780811485	7.31238311222253	NA	NA
ENSG00000258998	7010	-2.96117714394695	9.59626907247823e-14	-3.74059330835031	-2.1817609795436	91.2101701716359	2.85178057526144	NA	NA
ENSG00000214553	7085	-1.78505137121821	1.85637889863634e-12	-2.28167339155258	-1.28842935088384	90.8846593530382	1.0679771875809	NA	NA
ENSG00000180015	7344	-0.803596770278297	2.95026971418917e-16	-0.996251788398915	-0.610941752157679	47.8045159883493	0.0815223156960486	NA	NA
ENSG00000230555	7357	-0.824762340863416	7.66162873542972e-21	-0.997388038621837	-0.652136643104996	88.6408363455052	0.133270318933274	NA	NA
ENSG00000234754	7894	-3.04636551146918	2.29553684582899e-11	-3.93940784472605	-2.15332317821231	94.5591613804015	3.69939204830114	NA	NA
ENSG00000259319	8049	-1.22537325080809	3.4781808528466e-11	-1.58790536528195	-0.862841136334222	98.2001622963891	0.720524417692666	NA	NA
ENSG00000228962	8165	-3.09814996416729	4.64885487141087e-11	-4.02073824410708	-2.1755616842275	98.4422278402402	4.84745359510992	NA	NA
ENSG00000234807	8214	-1.49048248832282	1.42031459307989e-21	-1.79667886726488	-1.18428610938076	91.7588888412084	0.431845814050916	NA	NA
ENSG00000230749	8422	-2.06453924684341	1.59952808363544e-13	-2.61293841308755	-1.51614008059926	81.2750235204553	1.23547973490396	NA	NA
ENSG00000228549	8485	-2.3646694164895	2.68700443579059e-11	-3.06027525703149	-1.66906357594751	95.4786873590023	2.51013080426594	NA	NA
ENSG00000262061	8524	-2.17824335374871	4.78033126847188e-17	-2.68697667826086	-1.66951002923656	97.2084301384728	1.4249614219916	NA	NA
ENSG00000255986	8584	-5.02318288614759	9.43570706685064e-22	-6.05056050473297	-3.99580526756222	94.8205138078817	5.65392079047774	NA	NA
ENSG00000231246	8656	-4.46877929628538	9.35152120509787e-20	-5.43166601876676	-3.50589257380401	97.0927175113729	4.7836462085209	NA	NA
ENSG00000227467	8823	-2.58878540892513	3.52124245430491e-14	-3.25838467911447	-1.91918613873578	98.167483914457	2.43982448003836	NA	NA
ENSG00000251209	8881	-2.40954921244129	6.36581520463209e-16	-2.99388083867954	-1.82521758620303	91.396570296948	1.62653093991263	NA	NA
ENSG00000100181	9104	-1.86852485986541	2.79308388445263e-13	-2.36992610210464	-1.36712361762618	97.6442948894217	1.38700484205024	NA	NA
ENSG00000279982	9753	-0.899738941590501	1.59098855824842e-14	-1.12935584512791	-0.670122038053095	87.8342650493612	0.238650112030385	NA	NA
ENSG00000244476	9854	-2.80615704892931	3.07391637948687e-14	-3.53029721579653	-2.0820168820621	97.3139276462887	2.86134348700032	NA	NA
ENSG00000230490	10456	-2.15041855579899	1.6404587145232e-12	-2.7472330496896	-1.55360406190838	97.8719641714038	1.966397248956	NA	NA
ENSG00000214955	10803	-1.49835380468214	3.35602673932388e-11	-1.94129544754741	-1.05541216181687	78.4534657261809	0.654086207494314	NA	NA
ENSG00000267328	11433	-5.12157846301236	1.49340054534095e-13	-6.48032996951055	-3.76282695651417	96.9724684189049	9.79622886710038	NA	NA
ENSG00000234043	11491	-1.41979107507444	4.46274746567577e-17	-1.75106745648562	-1.08851469366326	91.1554079328273	0.508798394715795	NA	NA
ENSG00000241720	11527	-4.59128784725468	2.78079839706992e-14	-5.77406905710746	-3.40850663740189	97.6834905403805	7.76230689025229	NA	NA
ENSG00000168497	11889	-2.44631923220669	1.17328308298312e-13	-3.09252535580781	-1.80011310860556	98.7786647483429	2.31058009981625	NA	NA
ENSG00000263400	11974	-1.72716492554773	8.63134883155996e-12	-2.22296923191653	-1.23136061917892	99.0387148833749	1.42262621879013	NA	NA
ENSG00000267699	12077	-2.36868446060693	1.9876302897683e-13	-3.00035423275466	-1.7370146884592	85.3403589687952	1.63033326324587	NA	NA
ENSG00000224239	12083	-3.43468276505497	1.54230260072897e-15	-4.27896020469256	-2.59040532541738	88.6219022394784	3.19597976514536	NA	NA
ENSG00000249456	12095	-1.27253401510565	2.58854647328914e-14	-1.59995857429709	-0.945109455914222	92.713920871397	0.494312216839139	NA	NA
ENSG00000227910	12200	-1.98714198556656	8.30034296509824e-13	-2.53139453483967	-1.44288943629345	90.9682319927684	1.37226666280905	NA	NA
ENSG00000224957	12431	-3.12247928046919	1.09649180137929e-12	-3.98228590948844	-2.26267265144994	98.0424664849462	4.0926564118387	NA	NA
ENSG00000257283	12824	-1.7805435630116	1.51854104884838e-14	-2.23459241511306	-1.32649471091014	92.0431476102837	0.995086435001425	NA	NA
ENSG00000232063	13156	-1.61719472940526	1.71002447830053e-12	-2.06638854840171	-1.16800091040881	92.1865573993643	0.939067165908973	NA	NA
ENSG00000255850	13481	-3.17051523936455	1.84545033635565e-11	-4.09554082354775	-2.24548965518135	90.7701313750846	3.71714251394943	NA	NA
ENSG00000258604	14177	-4.2411406425817	2.30752160072254e-15	-5.29022121803756	-3.19206006712584	97.1771517871988	6.00108140180074	NA	NA
ENSG00000254319	14417	-2.49087172322598	7.07562951794612e-19	-3.04103907043262	-1.94070437601934	91.4654577648926	1.46546851661564	NA	NA
ENSG00000248441	14517	-1.80444174198381	1.66055363975311e-11	-2.32970154987307	-1.27918193409456	98.5163653641684	1.53844374071085	NA	NA
ENSG00000234535	14699	-2.655994408519	3.61585263328263e-11	-3.44246317956135	-1.86952563747666	96.1155599173086	3.33904592269019	NA	NA
ENSG00000271452	15411	-0.513791765973098	8.06676486084476e-12	-0.661072854920179	-0.366510677026017	82.3045116641006	0.0843179798437836	NA	NA
ENSG00000245105	15627	-1.05409341213424	3.11286821029954e-12	-1.35039683876688	-0.757789985501592	96.2471102833492	0.444528621392755	NA	NA
ENSG00000231967	15727	-2.58237356275134	1.36845268176265e-11	-3.33096149011886	-1.83378563538381	95.0312387729491	2.78945964835979	NA	NA
ENSG00000273923	16089	-3.69232033982619	6.66472131224882e-11	-4.8008985764131	-2.58374210323928	93.9295361096485	6.1782379547218	NA	NA
ENSG00000275569	16219	-2.46038542797465	2.74009204915182e-12	-3.15022198797719	-1.77054886797212	95.9003259657406	2.46080688420054	NA	NA
ENSG00000248079	16577	-1.29957315204092	3.81485251437964e-16	-1.61232156046707	-0.986824743614765	91.0172410241433	0.415882456081411	NA	NA
ENSG00000231943	16766	-4.61794461667983	8.13027845944893e-12	-5.94192017369398	-3.29396905966569	98.2587157718337	9.88695624325804	NA	NA
ENSG00000274220	16917	-0.758173212080856	1.91972936570519e-14	-0.952271028522043	-0.564075395639669	90.0104590512084	0.17071676051578	NA	NA
ENSG00000256139	17027	-1.76795741391171	1.34461135638537e-14	-2.21788607370272	-1.3180287541207	95.7984953568249	1.07906955392541	NA	NA
ENSG00000249085	17687	-2.29364135594026	7.43357593746107e-11	-2.98401366269119	-1.60326904918933	91.6170953345507	2.07757855813819	NA	NA
ENSG00000227954	17741	-2.64490849496949	8.40170845315786e-16	-3.28901800070888	-2.0007989892301	97.6937935466996	2.29258563263429	NA	NA
ENSG00000228906	17911	-0.895991820794901	4.99860242851536e-11	-1.1632445557075	-0.628739085882301	89.7333482678797	0.319426318238967	NA	NA
ENSG00000248890	18058	-1.72157603520308	4.66041907631578e-11	-2.23426748621082	-1.20888458419535	97.2810265494286	1.43789032373414	NA	NA
ENSG00000231768	18258	-2.49551513189248	2.65722863503049e-12	-3.1947704711634	-1.79625979262156	98.1099620821696	2.71660832908032	NA	NA
ENSG00000255046	18266	-0.843273101645883	6.6619776296205e-11	-1.0964541065427	-0.590092096749067	87.3533461465081	0.277395120899883	NA	NA
ENSG00000251226	18324	-3.418352628129	4.40278339059641e-15	-4.27260970753255	-2.56409554872545	93.2434173730298	3.68419092305181	NA	NA
ENSG00000257551	18338	-3.79388837445443	3.34509218161243e-12	-4.86189335941758	-2.72588338949128	95.1282071493186	5.83855750690813	NA	NA
ENSG00000280054	18392	-1.00387463373138	9.00441489681006e-24	-1.19961309025848	-0.808136177204287	89.5150496433759	0.175498992272623	NA	NA
ENSG00000225194	18448	-1.96365828386062	3.50283798306936e-13	-2.49279804975414	-1.4345185179671	97.9417142425196	1.56406235869886	NA	NA
ENSG00000204179	18586	-1.9789795257077	1.58328673037535e-12	-2.52783098668748	-1.43012806472792	94.6604281215974	1.55350761599521	NA	NA
ENSG00000125375	18950	-0.464587232819629	1.33774195956324e-11	-0.599198039665836	-0.329976425973423	96.5507741170808	0.0970880486214282	NA	NA
ENSG00000237949	19015	-6.07085048378593	4.95437951068575e-18	-7.44571472079516	-4.69598624677669	97.6006096037878	9.88855975302572	NA	NA
ENSG00000277427	19321	-3.85253387370529	2.20833951051597e-14	-4.84113690835431	-2.86393083905627	93.5437854984315	4.9820181106679	NA	NA
ENSG00000224958	19438	-5.77448272741375	8.37955460192579e-13	-7.35632702588758	-4.19263842893992	98.8530370917288	13.7681318895791	NA	NA
ENSG00000276772	19488	-3.14936647097629	2.96445708266801e-12	-4.03377571064558	-2.264957231307	98.0894914507661	4.32496825602362	NA	NA
ENSG00000233421	20059	-3.20616635257409	9.60414034000387e-13	-4.08675973037429	-2.32557297477389	95.3855678208204	4.01160900269213	NA	NA
ENSG00000225398	20195	-5.4003442272478	2.74462036873755e-16	-6.69365026529584	-4.10703818919975	98.7426514217121	9.71441807528836	NA	NA
ENSG00000223825	20241	-0.62918055806163	3.94567942941231e-11	-0.815852064709701	-0.442509051413559	70.9460418244089	0.129377763937401	NA	NA
ENSG00000279192	20675	-1.90139297763123	8.01806910335171e-14	-2.4002751983731	-1.40251075688936	94.5732965477626	1.2722725434843	NA	NA
ENSG00000275645	20787	-0.973748563544814	1.21169165322541e-11	-1.25528941185049	-0.692207715239134	94.4530746388295	0.407800479858757	NA	NA
ENSG00000263508	21037	-3.33675408161174	6.78811994675914e-13	-4.24714505570156	-2.42636310752193	97.4770589286526	4.63696871568548	NA	NA
ENSG00000228878	21188	-0.653040914594281	3.44834939579887e-12	-0.836989457378758	-0.469092371809804	93.7880415816219	0.164242800656381	NA	NA
ENSG00000214100	21304	-4.40212086816444	2.84007338472057e-14	-5.53657661354378	-3.26766512278509	97.0155044991883	6.94317196584809	NA	NA
ENSG00000226889	21605	-2.23774922689447	4.10014706139578e-11	-2.9022391723386	-1.57325928145033	94.1108019541556	2.22700441111017	NA	NA
ENSG00000271347	21630	-2.14579990263546	3.97588271293225e-11	-2.78254590667423	-1.50905389859668	96.1088134220537	2.13402667508287	NA	NA
ENSG00000165197	21789	-3.09999333095267	8.03927561756162e-11	-4.03476295947134	-2.16522370243399	98.7536344287834	4.86601648030387	NA	NA
ENSG00000242767	21856	-2.27864356513698	6.76031602276749e-11	-2.96300474129542	-1.59428238897854	92.5214896821293	2.04757408067388	NA	NA
ENSG00000213754	21961	-1.63532138379674	1.94783064840479e-19	-1.99081286393889	-1.27982990365459	94.9427122422957	0.673716127583102	NA	NA
ENSG00000262497	22691	-2.20033253975102	1.62073305058094e-13	-2.78494115549448	-1.61572392400757	94.8027034614065	1.69266136109768	NA	NA
ENSG00000266256	22700	-2.28126191890154	2.11955934125795e-12	-2.91760512829081	-1.64491870951226	97.5264828297042	2.203311879234	NA	NA
ENSG00000274370	22769	-1.66868243314281	7.42572895725429e-20	-2.02724673113312	-1.3101181351525	95.780916047179	0.669986099879577	NA	NA
ENSG00000264968	23031	-1.510345778889	1.48962108038326e-11	-1.94896834962462	-1.07172320815339	94.1145826977242	0.910013558542508	NA	NA
ENSG00000228039	23430	-1.7198633993805	6.73714714373083e-11	-2.23636144780625	-1.20336535095475	73.5278089559809	1.08100235770907	NA	NA
ENSG00000273682	23803	-2.29412094455353	1.26071889511203e-19	-2.79020784510448	-1.79803404400259	86.9103121697212	1.08118220645162	NA	NA
ENSG00000268297	24298	-4.14785698504153	5.2318801333252e-13	-5.27398204765087	-3.02173192243219	92.206483346889	6.42763779371118	NA	NA
ENSG00000278214	24429	-1.95577875150269	3.38455487400468e-11	-2.53405282306362	-1.37750467994175	93.3796051958142	1.72554527566047	NA	NA
ENSG00000254414	24764	-2.6916337818712	7.16017917521624e-13	-3.42675843822194	-1.95650912552046	97.3134008192431	3.00019706907893	NA	NA
ENSG00000275325	26161	-2.12976527932634	1.84587339991206e-11	-2.75114603964177	-1.50838451901091	92.2172432142967	1.85126653099387	NA	NA
ENSG00000250012	26221	-1.10853692480794	1.97055152153718e-13	-1.40411001695584	-0.812963832660033	92.7613288467039	0.414137358381318	NA	NA
ENSG00000148481	26308	-0.454815009625428	6.67776821106118e-12	-0.584676732724548	-0.324953286526308	96.6425353130706	0.0927702851434385	NA	NA
ENSG00000277758	26589	-2.12871691300153	4.43168771843613e-11	-2.76193697910232	-1.49549684690074	97.5472198257218	2.11232782732228	NA	NA
ENSG00000210194	26760	-4.12145236765079	1.36912832215128e-14	-5.17063805923858	-3.072266676063	84.154910553971	4.63597960224216	NA	NA
ENSG00000275088	26927	-2.69523513503738	2.22625870150364e-16	-3.33872652228144	-2.05174374779332	95.6571283643742	2.2208554192771	NA	NA
ENSG00000276945	27128	-1.20735557326483	1.20791611249994e-12	-1.54043825216309	-0.874272894366561	90.9423575295145	0.511767684237544	NA	NA
ENSG00000213373	27536	-2.5930338691095	6.90690265529863e-15	-3.24576180028673	-1.94030593793228	94.706774711978	2.06264941008996	NA	NA
ENSG00000261888	27565	-1.31575591160166	4.2940657852555e-12	-1.68803522001732	-0.943476603186006	96.1152994816611	0.734673410898696	NA	NA
ENSG00000272143	27612	-1.88090214365126	1.15483671010562e-12	-2.39934866687454	-1.36245562042799	98.7675826360766	1.54972822103205	NA	NA
ENSG00000226393	27706	-1.53471649396742	2.45761285993471e-11	-1.98529249029335	-1.08414049764148	88.192757744361	0.9009306072014	NA	NA
ENSG00000226200	27805	-0.612665864557163	1.21322054101034e-14	-0.768318322604991	-0.457013406509335	94.167458726784	0.11978761539953	NA	NA
ENSG00000180769	27815	-1.09493343895081	9.61820213215273e-14	-1.3831442812164	-0.806722596685228	96.9337332662571	0.422977813046954	NA	NA
ENSG00000264219	28508	-1.21138517514843	3.01073998472451e-12	-1.5516740968151	-0.871096253481757	85.9538264055271	0.460251764497353	NA	NA
ENSG00000255090	28541	-2.66551593788701	7.71661156877118e-11	-3.4685126023254	-1.86251927344861	98.1489604066825	3.47483316291495	NA	NA
ENSG00000258636	28955	-3.6848184197361	2.82619623326047e-11	-4.7699765877704	-2.59966025170181	96.4479005816839	6.039088025914	NA	NA
ENSG00000237489	29299	-0.89900583087934	2.21564298711095e-18	-1.10047758962941	-0.697534072129274	96.1147510527829	0.205337572318034	NA	NA
ENSG00000233170	29385	-1.03964382410267	1.71420912162949e-12	-1.32843036399229	-0.750857284213046	95.209563863564	0.44375682523409	NA	NA
ENSG00000228401	29458	-2.23388845034274	3.90145071654466e-11	-2.89649309855399	-1.5712838021315	97.936823840512	2.49011189797979	NA	NA
ENSG00000198416	29499	-0.989558478672239	9.69907809956462e-25	-1.1784238403243	-0.800693117020175	86.470297170471	0.150651012523135	NA	NA
ENSG00000133104	29532	-1.0269596207928	5.75335321778419e-14	-1.29484854051029	-0.75907070107531	98.4134400850343	0.391735100889292	NA	NA
ENSG00000280304	30009	-2.9757195031057	8.1467277869244e-13	-3.79043902553583	-2.16099998067556	98.2256627524317	3.70789806886126	NA	NA
ENSG00000279622	30249	-2.84181417266019	2.7909614742234e-12	-3.63888904255914	-2.04473930276124	92.1883530399803	3.11901642676755	NA	NA
ENSG00000259905	30289	-3.79650811961476	1.89306202460025e-15	-4.73270237313458	-2.86031386609494	94.5056323813158	4.62459995148586	NA	NA
ENSG00000253688	30363	-3.31539237497181	5.48494179520243e-12	-4.25817378399775	-2.37261096594587	95.0832849187947	4.44803818101035	NA	NA
