miRNA	5637	SV_HUC_1	T24	UM_UC_3
hsa-miR-483-5p	101.0001428	1	16.13909741	4.032356918
hsa-miR-10b-5p	5740.248699	91	33598.44192	23607.56168
hsa-miR-10b-3p	112.3925641	3	358.6611763	416.4328978
hsa-miR-483-3p	25.05066724	1	10.46193588	5.043142558
hsa-miR-544b	22.51901806	1	4.784774352	1
hsa-miR-10a-5p	58582.09628	4921	97025.5829	58434.18089
hsa-miR-196b-5p	2737.712767	481	786.3406781	1.673857093
hsa-miR-10a-3p	266.8231643	50	292.4276251	379.0338292
hsa-miR-18a-5p	1142.773782	258	313.243884	275.9336939
hsa-miR-301b	50.36715908	12	19.92387176	25.59578389
hsa-miR-345-5p	906.0645831	240	326.4905943	222.362055
hsa-miR-17-5p	4544.04446	1252	1768.489622	4874.671425
hsa-miR-301a-3p	54.16463286	16	16.13909741	28.96506936
hsa-miR-18a-3p	93.4051952	29	33.17058199	54.23471035
hsa-miR-301a-5p	73.15200173	23	18.03148458	6.72778529
hsa-miR-24-2-5p	45.30386071	138	67.23355116	14.14021331
hsa-miR-16-2-3p	55.43045745	170	161.85291	60.29942418
hsa-miR-195-5p	11.12659673	36	44.52490505	1128.362917
hsa-miR-671-5p	251.6332692	825	489.2358914	101.0677783
hsa-miR-27a-5p	257.9623921	960	468.4196325	776.9464426
hsa-miR-3065-3p	18.72154429	82	8.569548704	5.380071104
hsa-miR-3065-5p	12.39242133	58	10.46193588	2.347714186
hsa-miR-23a-5p	59.22793122	294	197.8082663	100.0569927
hsa-miR-23a-3p	12221.27061	61707	25879.39463	32026.7322
hsa-miR-193b-3p	295.9371299	1553	451.3881479	292.7801213
hsa-miR-27a-3p	19033.93856	100756	42865.46192	45110.34152
hsa-miR-22-3p	3785.815529	20801	20809.68939	28119.03492
hsa-miR-193b-5p	63.025405	384	182.6691689	19.53107006
hsa-miR-34c-5p	36.44308857	242	392.7241454	2.684642732
hsa-miR-1257	9.860772143	66	8.569548704	4.706214011
hsa-miR-6720-3p	2.265824592	17	8.569548704	10.77092785
hsa-miR-126-3p	79.48112469	662	298.1047866	1751.343799
hsa-miR-126-5p	52.89880826	456	190.2387176	914.076361
hsa-miR-34c-3p	2.265824592	20	16.13909741	1.336928546
hsa-miR-22-5p	17.45571969	172	59.66400246	129.0328477
hsa-miR-1271-5p	221.253479	3232	112.6508434	1.336928546
hsa-miR-146b-5p	261.7598659	4212	561.1466041	781.3265137
hsa-miR-2110	6.063298367	123	1	26.94349808
hsa-miR-136-3p	1	41	1	1
hsa-miR-363-3p	3.531649184	190	2.892387176	775.9356569
hsa-miR-127-3p	1	59	1	1
hsa-miR-935	1	112	2.892387176	83.88442244
hsa-miR-497-5p	13.65824592	2	36.95535634	159.0194883
hsa-miR-449c-5p	9.860772143	3	19.92387176	6.72778529
hsa-miR-17-3p	222.5193036	78	152.3909741	330.5161185
hsa-miR-20a-5p	16406.08671	5895	6340.49704	31346.13654
hsa-miR-183-3p	51.63298367	20	25.60103329	22.56342698
hsa-miR-1226-3p	21.25319347	9	4.784774352	9.086285116
hsa-miR-615-3p	131.379933	56	290.5352379	44.12685395
hsa-miR-195-3p	2.265824592	1	8.569548704	32.33435482
hsa-miR-130b-3p	303.5320774	145	262.1494303	213.6019128
hsa-miR-450a-1-3p	7.329122959	4	16.13909741	1
hsa-miR-183-5p	52403.60645	28829	21547.72039	5644.890082
hsa-miR-542-3p	112.3925641	62	178.8843945	2.684642732
hsa-miR-769-3p	41.50638694	23	16.13909741	33.00821192
hsa-miR-3928-3p	50.36715908	29	216.7321381	29.30199791
hsa-miR-27b-5p	122.5191608	71	65.34116399	28.96506936
hsa-miR-23b-3p	2537.712482	1524	699.290868	638.8057385
hsa-miR-27b-3p	104268.2375	62720	37029.33987	8639.511004
hsa-miR-25-5p	303.5320774	183	207.2702022	78.49356569
hsa-miR-1307-5p	63.025405	38	50.20206658	108.4802063
hsa-miR-330-3p	14.92407051	9	31.27819482	20.20492715
hsa-miR-4326	9.860772143	6	1	5.380071104
hsa-miR-92a-1-5p	318.7219725	201	224.3016868	607.4713837
hsa-miR-769-5p	697.2035255	440	424.8947274	2597.034451
hsa-miR-200a-3p	6918.731394	5114	1819.584076	2.010785639
hsa-miR-148a-5p	769.3555272	571	55.87922811	31.66049773
hsa-miR-335-3p	785.8112469	595	103.1889075	1
hsa-miR-200a-5p	431.3803612	331	237.548397	1
hsa-miR-33b-3p	25.05066724	20	12.35432306	10.77092785
hsa-miR-338-5p	18.72154429	15	1	4.369285465
hsa-miR-429	1497.204668	1239	598.9943476	1
hsa-miR-450b-5p	349.1017627	295	595.2095733	3.695428372
hsa-miR-149-5p	998.4697783	859	445.7109864	326.1360474
hsa-miR-200b-5p	404.7980448	354	205.377815	1
hsa-miR-1250-5p	2.265824592	2	1	1
hsa-miR-147b	22.51901806	20	1	6.390856744
hsa-miR-93-3p	256.6965675	230	141.036651	132.4021331
hsa-miR-23b-5p	66.82287877	60	53.98684093	4.369285465
hsa-miR-330-5p	38.97473775	37	52.09445375	71.41806622
hsa-miR-423-3p	4413.664527	4290	6768.176542	7075.488691
hsa-miR-425-3p	69.35452796	68	36.95535634	25.25885535
hsa-miR-200b-3p	15127.60387	15102	8965.238053	6.053928197
hsa-miR-328-3p	17.45571969	18	40.7401307	58.61478145
hsa-miR-503-5p	223.7851282	231	617.9182194	1.673857093
hsa-let-7e-3p	68.08870337	71	25.60103329	71.41806622
hsa-miR-148a-3p	7287.08635	7609	559.2542169	410.368184
hsa-miR-99b-5p	101094.8152	107487	43001.7138	30190.47162
hsa-miR-96-5p	9340.253838	10181	8051.215047	2673.517231
hsa-miR-542-5p	3.531649184	4	6.677161528	1
hsa-miR-99b-3p	416.1904661	481	152.3909741	275.5967654
hsa-miR-181d-5p	335.1776922	389	133.4671023	14.81407041
hsa-miR-675-5p	8.594947551	10	2.892387176	3.021571279
hsa-miR-424-3p	33.91143939	42	105.0812947	1.673857093
hsa-miR-15b-5p	4026.322202	5158	5222.096219	2863.544931
hsa-miR-339-5p	28.84814102	37	80.48026139	83.54749389
hsa-miR-324-5p	18.72154429	25	16.13909741	96.6877072
hsa-miR-125a-5p	35170.67046	47822	25410.08261	43363.70393
hsa-miR-424-5p	226.3167773	308	739.0309987	2.347714186
hsa-miR-641	22.51901806	31	21.81625894	106.1217065
hsa-miR-181c-3p	174.4179691	257	110.7584562	16.16178459
hsa-miR-192-5p	711.127596	1060	799.5873883	230.1114116
hsa-miR-335-5p	1013.659673	1541	163.7452971	3.695428372
hsa-miR-589-3p	6.063298367	10	18.03148458	7.73857093
hsa-miR-181c-5p	59.22793122	99	23.70864611	17.84642732
hsa-miR-580-3p	19.98736888	34	16.13909741	14.47714186
hsa-miR-2682-5p	6.063298367	11	82.37264857	55.24549599
hsa-miR-125a-3p	199.7344609	370	175.0996202	88.93835064
hsa-miR-106a-5p	4.797473775	9	1	121.2834911
hsa-miR-378a-5p	30.11396561	60	46.41729223	338.9393321
hsa-miR-129-2-3p	1	2	1	116.2295629
hsa-miR-561-5p	7.329122959	17	21.81625894	5.380071104
hsa-miR-940	14.92407051	36	16.13909741	14.47714186
hsa-miR-618	1	3	6.677161528	1
hsa-miR-338-3p	1	4	1	1.673857093
hsa-miR-20b-5p	1	16	1	59.28863854
hsa-miR-3620-3p	11.12659673	1	1	1.336928546
hsa-miR-3174	14.92407051	3	1	1.673857093
hsa-miR-3187-3p	14.92407051	3	1	1.336928546
hsa-miR-34b-5p	4.797473775	1	1	1
hsa-miR-1276	8.594947551	2	1	1.336928546
hsa-miR-4747-3p	7.329122959	2	1	2.010785639
hsa-miR-5699-3p	7.329122959	2	2.892387176	6.72778529
hsa-miR-345-3p	3.531649184	1	1	1.336928546
hsa-miR-3064-5p	3.531649184	1	1	1.673857093
hsa-miR-4728-5p	3.531649184	1	2.892387176	1.673857093
hsa-miR-92b-5p	8.594947551	3	2.892387176	3.358499825
hsa-miR-19a-3p	1402.267823	574	686.0441577	1223.713695
hsa-miR-760	4.797473775	2	4.784774352	1.673857093
hsa-miR-3143	4.797473775	2	1	3.021571279
hsa-miR-4664-3p	4.797473775	2	1	1
hsa-miR-503-3p	2.265824592	1	1	1
hsa-miR-642a-5p	2.265824592	1	1	2.010785639
hsa-miR-1227-3p	2.265824592	1	1	1
hsa-miR-1914-5p	2.265824592	1	1	1.673857093
hsa-miR-2682-3p	2.265824592	1	2.892387176	1
hsa-miR-3138	2.265824592	1	1	1
hsa-miR-3164	2.265824592	1	1	1.336928546
hsa-miR-3619-3p	2.265824592	1	4.784774352	1
hsa-miR-4657	2.265824592	1	1	1
hsa-miR-4700-5p	2.265824592	1	1	1
hsa-miR-4745-5p	2.265824592	1	1	1
hsa-miR-4750-5p	2.265824592	1	1	1
hsa-miR-5680	2.265824592	1	2.892387176	1.673857093
hsa-miR-6765-3p	2.265824592	1	1	1
hsa-miR-6776-3p	2.265824592	1	1	1
hsa-miR-6777-5p	2.265824592	1	1	1.336928546
hsa-miR-6791-3p	2.265824592	1	4.784774352	2.684642732
hsa-miR-6792-5p	2.265824592	1	1	1
hsa-miR-6814-3p	2.265824592	1	1	1
hsa-miR-6885-3p	2.265824592	1	1	2.010785639
hsa-miR-7111-3p	2.265824592	1	1	1
hsa-miR-3176	6.063298367	3	1	1
hsa-miR-4728-3p	3.531649184	2	6.677161528	4.032356918
hsa-miR-4747-5p	3.531649184	2	1	1
hsa-miR-6787-3p	3.531649184	2	4.784774352	1.336928546
hsa-miR-6515-5p	8.594947551	5	1	2.010785639
hsa-miR-20a-3p	71.88617714	43	19.92387176	75.79813732
hsa-miR-6853-3p	4.797473775	3	1	2.347714186
hsa-miR-19b-1-5p	18.72154429	12	8.569548704	23.23728407
hsa-miR-7976	8.594947551	6	1	8.075499476
hsa-miR-589-5p	479.4816957	344	619.8106066	186.6476291
hsa-miR-450a-2-3p	6.063298367	5	4.784774352	1
hsa-miR-939-5p	6.063298367	5	1	2.010785639
hsa-miR-33b-5p	4.797473775	4	1	5.043142558
hsa-miR-548al	3.531649184	3	1	3.695428372
hsa-miR-5699-5p	3.531649184	3	1	4.706214011
hsa-miR-6733-3p	3.531649184	3	1	1.336928546
hsa-miR-3940-3p	17.45571969	15	10.46193588	9.423213662
hsa-miR-1229-3p	2.265824592	2	1	2.010785639
hsa-miR-4700-3p	2.265824592	2	1	1
hsa-miR-4749-5p	2.265824592	2	1	2.010785639
hsa-miR-4786-5p	2.265824592	2	1	1
hsa-miR-6508-3p	2.265824592	2	1	1.673857093
hsa-miR-6836-3p	2.265824592	2	1	1.336928546
hsa-miR-25-3p	9302.279101	8599	6310.218845	4819.078215
hsa-miR-324-3p	26.31649184	25	16.13909741	39.4098543
hsa-miR-1249	13.65824592	13	2.892387176	7.73857093
hsa-miR-93-5p	8409.872763	8161	5008.256468	8112.554757
hsa-miR-18b-3p	1	1	1	1
hsa-miR-18b-5p	1	1	1	1
hsa-miR-19b-2-5p	1	1	1	1
hsa-miR-20b-3p	1	1	1	5.716999651
hsa-miR-92a-2-5p	1	1	1	1.336928546
hsa-miR-96-3p	1	1	1	1
hsa-miR-106a-3p	1	1	1	1
hsa-miR-130b-5p	1	1	1	1
hsa-miR-149-3p	1	1	1	1
hsa-miR-150-3p	1	1	1	1
hsa-miR-150-5p	1	1	1	1
hsa-miR-196b-3p	1	1	2.892387176	1
hsa-miR-208a-3p	1	1	1	1
hsa-miR-208a-5p	1	1	1	1
hsa-miR-208b-3p	1	1	1	1
hsa-miR-208b-5p	1	1	1	1
hsa-miR-219a-1-3p	1	1	1	1
hsa-miR-320e	1	1	1	1
hsa-miR-363-5p	1	1	1	1.673857093
hsa-miR-378a-3p	1	1	1	1
hsa-miR-378b	1	1	1	1.673857093
hsa-miR-378i	1	1	1	1
hsa-miR-431-3p	1	1	1	1
hsa-miR-432-3p	1	1	1	1
hsa-miR-433-5p	1	1	1	1
hsa-miR-449b-3p	1	1	1	1
hsa-miR-449b-5p	1	1	1	1
hsa-miR-449c-3p	1	1	1	1
hsa-miR-450b-3p	1	1	1	1
hsa-miR-497-3p	1	1	1	2.010785639
hsa-miR-541-3p	1	1	1	1
hsa-miR-541-5p	1	1	1	1
hsa-miR-548ak	1	1	1	1
hsa-miR-548aw	1	1	1	1
hsa-miR-548ay-3p	1	1	2.892387176	6.053928197
hsa-miR-548ay-5p	1	1	1	1
hsa-miR-550a-3-5p	1	1	1	1
hsa-miR-550b-2-5p	1	1	1	1
hsa-miR-580-5p	1	1	1	1
hsa-miR-602	1	1	1	1
hsa-miR-607	1	1	1	1.673857093
hsa-miR-616-5p	1	1	1	1
hsa-miR-631	1	1	1	1
hsa-miR-637	1	1	1	1
hsa-miR-642b-3p	1	1	1	1
hsa-miR-642b-5p	1	1	1	1
hsa-miR-647	1	1	1	1
hsa-miR-649	1	1	1	1
hsa-miR-656-5p	1	1	1	1
hsa-miR-657	1	1	1	1
hsa-miR-658	1	1	1	1.336928546
hsa-miR-659-3p	1	1	1	1.673857093
hsa-miR-661	1	1	1	1
hsa-miR-662	1	1	1	1
hsa-miR-663b	1	1	1	1
hsa-miR-675-3p	1	1	1	1
hsa-miR-762	1	1	1	1
hsa-miR-887-5p	1	1	1	1
hsa-miR-937-5p	1	1	1	1
hsa-miR-939-3p	1	1	1	1.336928546
hsa-miR-1179	1	1	1	2.010785639
hsa-miR-1199-3p	1	1	1	1
hsa-miR-1199-5p	1	1	1	1
hsa-miR-1204	1	1	1	1
hsa-miR-1225-3p	1	1	1	1
hsa-miR-1225-5p	1	1	1	1
hsa-miR-1226-5p	1	1	1	1
hsa-miR-1227-5p	1	1	1	1
hsa-miR-1229-5p	1	1	1	1
hsa-miR-1236-3p	1	1	1	1
hsa-miR-1236-5p	1	1	1	1
hsa-miR-1237-5p	1	1	1	1
hsa-miR-1248	1	1	1	8.749356569
hsa-miR-1250-3p	1	1	1	1
hsa-miR-1253	1	1	1	1
hsa-miR-1258	1	1	1	1
hsa-miR-1260a	1	1	1	1
hsa-miR-1268b	1	1	1	1
hsa-miR-1271-3p	1	1	1	1
hsa-miR-1273f	1	1	1	1
hsa-miR-1282	1	1	1	1
hsa-miR-1303	1	1	1	1
hsa-miR-1469	1	1	1	1
hsa-miR-1470	1	1	1	1
hsa-miR-1539	1	1	1	1
hsa-miR-1909-5p	1	1	1	1
hsa-miR-1914-3p	1	1	1	1.336928546
hsa-miR-1915-3p	1	1	1	1
hsa-miR-1915-5p	1	1	1	1
hsa-miR-2276-5p	1	1	1	1
hsa-miR-2861	1	1	1	1
hsa-miR-3064-3p	1	1	1	1
hsa-miR-3131	1	1	1	1.336928546
hsa-miR-3132	1	1	1	1
hsa-miR-3150a-3p	1	1	2.892387176	1.336928546
hsa-miR-3150a-5p	1	1	2.892387176	1.336928546
hsa-miR-3150b-3p	1	1	1	1
hsa-miR-3150b-5p	1	1	1	1
hsa-miR-3153	1	1	1	1
hsa-miR-3166	1	1	1	1
hsa-miR-3178	1	1	1	1
hsa-miR-3183	1	1	1	1
hsa-miR-3184-3p	1	1	1	1
hsa-miR-3185	1	1	1	1
hsa-miR-3186-3p	1	1	1	1
hsa-miR-3186-5p	1	1	1	1
hsa-miR-3187-5p	1	1	1	1
hsa-miR-3189-3p	1	1	1	1
hsa-miR-3189-5p	1	1	1	1
hsa-miR-3190-3p	1	1	1	1.673857093
hsa-miR-3190-5p	1	1	1	1
hsa-miR-3191-5p	1	1	1	1
hsa-miR-3192-3p	1	1	1	1
hsa-miR-3193	1	1	1	1
hsa-miR-3195	1	1	1	1
hsa-miR-3196	1	1	1	1
hsa-miR-3618	1	1	1	1
hsa-miR-3620-5p	1	1	1	1
hsa-miR-3649	1	1	1	1
hsa-miR-3650	1	1	1	1
hsa-miR-3651	1	1	1	5.043142558
hsa-miR-3663-3p	1	1	1	1
hsa-miR-3663-5p	1	1	1	1
hsa-miR-3667-3p	1	1	1	8.075499476
hsa-miR-3667-5p	1	1	1	1
hsa-miR-3675-3p	1	1	1	1
hsa-miR-3675-5p	1	1	1	1
hsa-miR-3677-3p	1	1	1	1
hsa-miR-3677-5p	1	1	1	1
hsa-miR-3678-5p	1	1	1	1
hsa-miR-3684	1	1	1	1
hsa-miR-3907	1	1	1	1
hsa-miR-3908	1	1	1	1
hsa-miR-3912-5p	1	1	1	1
hsa-miR-3928-5p	1	1	1	1
hsa-miR-3940-5p	1	1	1	1
hsa-miR-3944-3p	1	1	1	1
hsa-miR-3960	1	1	1	1
hsa-miR-4252	1	1	1	1
hsa-miR-4254	1	1	4.784774352	1
hsa-miR-4256	1	1	1	1
hsa-miR-4257	1	1	1	1
hsa-miR-4258	1	1	1	1
hsa-miR-4259	1	1	1	1
hsa-miR-4260	1	1	1	1
hsa-miR-4267	1	1	1	1
hsa-miR-4271	1	1	1	1
hsa-miR-4278	1	1	1	1
hsa-miR-4281	1	1	1	1
hsa-miR-4292	1	1	1	1
hsa-miR-4297	1	1	1	1
hsa-miR-4309	1	1	1	1
hsa-miR-4311	1	1	1	1
hsa-miR-4321	1	1	1	1
hsa-miR-4434	1	1	1	1
hsa-miR-4440	1	1	1	1
hsa-miR-4441	1	1	1	1
hsa-miR-4448	1	1	1	1
hsa-miR-4456	1	1	1	1
hsa-miR-4458	1	1	1	1
hsa-miR-4477a	1	1	1	1
hsa-miR-4477b	1	1	1	1
hsa-miR-4479	1	1	2.892387176	2.347714186
hsa-miR-4482-5p	1	1	4.784774352	3.695428372
hsa-miR-4484	1	1	1	1
hsa-miR-4487	1	1	1	1
hsa-miR-4489	1	1	1	1
hsa-miR-4497	1	1	1	1
hsa-miR-4499	1	1	1	1
hsa-miR-4505	1	1	1	1
hsa-miR-4507	1	1	1	1
hsa-miR-4512	1	1	1	1
hsa-miR-4514	1	1	1	1
hsa-miR-4516	1	1	1	1
hsa-miR-4530	1	1	1	1
hsa-miR-4534	1	1	1	1
hsa-miR-4537	1	1	1	1
hsa-miR-4538	1	1	1	1
hsa-miR-4539	1	1	1	1
hsa-miR-4633-3p	1	1	1	1
hsa-miR-4633-5p	1	1	1	1
hsa-miR-4635	1	1	1	1
hsa-miR-4638-3p	1	1	1	1.673857093
hsa-miR-4638-5p	1	1	1	1.673857093
hsa-miR-4641	1	1	1	1
hsa-miR-4646-3p	1	1	1	1
hsa-miR-4646-5p	1	1	1	1
hsa-miR-4647	1	1	1	1
hsa-miR-4648	1	1	1	1
hsa-miR-4649-3p	1	1	1	1
hsa-miR-4649-5p	1	1	1	1
hsa-miR-4653-3p	1	1	1	1.336928546
hsa-miR-4653-5p	1	1	1	1.673857093
hsa-miR-4655-3p	1	1	1	1
hsa-miR-4655-5p	1	1	1	1
hsa-miR-4656	1	1	1	1
hsa-miR-4658	1	1	1	1
hsa-miR-4664-5p	1	1	1	1
hsa-miR-4666a-3p	1	1	1	1
hsa-miR-4666a-5p	1	1	1	1
hsa-miR-4667-3p	1	1	1	2.347714186
hsa-miR-4673	1	1	1	1
hsa-miR-4678	1	1	1	1
hsa-miR-4688	1	1	1	1
hsa-miR-4690-5p	1	1	1	1
hsa-miR-4691-3p	1	1	1	1
hsa-miR-4691-5p	1	1	1	1
hsa-miR-4692	1	1	1	1
hsa-miR-4710	1	1	1	1
hsa-miR-4712-3p	1	1	1	1
hsa-miR-4712-5p	1	1	1	1
hsa-miR-4721	1	1	1	1
hsa-miR-4722-3p	1	1	1	1
hsa-miR-4722-5p	1	1	1	1
hsa-miR-4723-3p	1	1	1	1.673857093
hsa-miR-4723-5p	1	1	1	1
hsa-miR-4727-5p	1	1	1	1
hsa-miR-4730	1	1	1	1
hsa-miR-4733-3p	1	1	2.892387176	1
hsa-miR-4733-5p	1	1	1	1.336928546
hsa-miR-4738-3p	1	1	1	1
hsa-miR-4738-5p	1	1	1	1
hsa-miR-4740-3p	1	1	1	1
hsa-miR-4740-5p	1	1	1	1
hsa-miR-4745-3p	1	1	1	1
hsa-miR-4749-3p	1	1	1	2.347714186
hsa-miR-4750-3p	1	1	1	1
hsa-miR-4751	1	1	1	1
hsa-miR-4757-3p	1	1	1	1
hsa-miR-4757-5p	1	1	1	2.010785639
hsa-miR-4758-3p	1	1	1	1.336928546
hsa-miR-4758-5p	1	1	1	1
hsa-miR-4779	1	1	1	1
hsa-miR-4781-5p	1	1	1	1
hsa-miR-4783-3p	1	1	1	1
hsa-miR-4783-5p	1	1	1	1
hsa-miR-4784	1	1	2.892387176	1
hsa-miR-4786-3p	1	1	1	1
hsa-miR-4793-3p	1	1	1	1.673857093
hsa-miR-4793-5p	1	1	1	1
hsa-miR-4795-3p	1	1	1	1
hsa-miR-4795-5p	1	1	1	1
hsa-miR-4797-5p	1	1	1	2.684642732
hsa-miR-4801	1	1	1	1
hsa-miR-4999-3p	1	1	1	1
hsa-miR-4999-5p	1	1	1	2.684642732
hsa-miR-5047	1	1	1	1
hsa-miR-5087	1	1	1	1
hsa-miR-5088-3p	1	1	1	1
hsa-miR-5088-5p	1	1	1	1.336928546
hsa-miR-5089-3p	1	1	1	1
hsa-miR-5188	1	1	1	1.673857093
hsa-miR-5189-3p	1	1	1	1
hsa-miR-5189-5p	1	1	1	1
hsa-miR-5193	1	1	2.892387176	1.673857093
hsa-miR-5580-3p	1	1	1	1
hsa-miR-5580-5p	1	1	1	1
hsa-miR-5587-3p	1	1	1	1
hsa-miR-5587-5p	1	1	1	1
hsa-miR-5588-3p	1	1	1	1
hsa-miR-5588-5p	1	1	1	1
hsa-miR-5684	1	1	1	1
hsa-miR-5691	1	1	1	1
hsa-miR-5707	1	1	1	1
hsa-miR-5787	1	1	1	1
hsa-miR-6068	1	1	1	1
hsa-miR-6080	1	1	1	1
hsa-miR-6088	1	1	1	1
hsa-miR-6126	1	1	1	1
hsa-miR-6165	1	1	1	1
hsa-miR-6508-5p	1	1	1	1
hsa-miR-6509-3p	1	1	1	1
hsa-miR-6509-5p	1	1	1	1
hsa-miR-6514-3p	1	1	1	1
hsa-miR-6514-5p	1	1	1	1.336928546
hsa-miR-6515-3p	1	1	1	2.010785639
hsa-miR-6516-3p	1	1	2.892387176	1.673857093
hsa-miR-6516-5p	1	1	2.892387176	1.336928546
hsa-miR-6717-5p	1	1	1	1
hsa-miR-6719-3p	1	1	1	1
hsa-miR-6721-5p	1	1	1	1
hsa-miR-6722-3p	1	1	1	1
hsa-miR-6722-5p	1	1	1	1
hsa-miR-6726-3p	1	1	1	1.336928546
hsa-miR-6726-5p	1	1	1	1
hsa-miR-6727-3p	1	1	1	1.673857093
hsa-miR-6734-3p	1	1	1	1.336928546
hsa-miR-6735-3p	1	1	1	1.673857093
hsa-miR-6736-3p	1	1	1	1.336928546
hsa-miR-6736-5p	1	1	1	1
hsa-miR-6737-3p	1	1	1	1
hsa-miR-6737-5p	1	1	1	1
hsa-miR-6738-3p	1	1	1	1
hsa-miR-6738-5p	1	1	1	1.336928546
hsa-miR-6741-3p	1	1	1	1.336928546
hsa-miR-6741-5p	1	1	1	1
hsa-miR-6742-3p	1	1	1	1
hsa-miR-6743-3p	1	1	1	2.347714186
hsa-miR-6743-5p	1	1	1	1
hsa-miR-6744-3p	1	1	1	1
hsa-miR-6744-5p	1	1	1	1
hsa-miR-6745	1	1	1	1
hsa-miR-6748-3p	1	1	1	1
hsa-miR-6748-5p	1	1	1	1
hsa-miR-6750-3p	1	1	1	1.336928546
hsa-miR-6750-5p	1	1	1	1
hsa-miR-6751-3p	1	1	1	1
hsa-miR-6751-5p	1	1	1	1
hsa-miR-6752-3p	1	1	1	1.673857093
hsa-miR-6752-5p	1	1	1	1
hsa-miR-6756-3p	1	1	1	1
hsa-miR-6756-5p	1	1	1	1
hsa-miR-6757-3p	1	1	1	1
hsa-miR-6757-5p	1	1	1	1
hsa-miR-6759-3p	1	1	1	1.336928546
hsa-miR-6759-5p	1	1	1	1
hsa-miR-6763-3p	1	1	1	1
hsa-miR-6763-5p	1	1	1	1
hsa-miR-6765-5p	1	1	1	1
hsa-miR-6768-3p	1	1	1	1
hsa-miR-6773-3p	1	1	1	1
hsa-miR-6773-5p	1	1	1	1
hsa-miR-6776-5p	1	1	1	1
hsa-miR-6777-3p	1	1	1	2.347714186
hsa-miR-6779-3p	1	1	1	1
hsa-miR-6779-5p	1	1	1	1
hsa-miR-6781-3p	1	1	1	1
hsa-miR-6781-5p	1	1	1	1
hsa-miR-6782-3p	1	1	1	1.336928546
hsa-miR-6782-5p	1	1	1	1
hsa-miR-6785-3p	1	1	1	1
hsa-miR-6785-5p	1	1	1	1
hsa-miR-6786-3p	1	1	1	1.673857093
hsa-miR-6786-5p	1	1	1	1
hsa-miR-6787-5p	1	1	1	1
hsa-miR-6791-5p	1	1	1	1
hsa-miR-6792-3p	1	1	1	1
hsa-miR-6794-3p	1	1	1	1
hsa-miR-6794-5p	1	1	1	1.336928546
hsa-miR-6795-3p	1	1	1	1
hsa-miR-6796-3p	1	1	1	1.336928546
hsa-miR-6799-3p	1	1	1	2.684642732
hsa-miR-6799-5p	1	1	1	1
hsa-miR-6805-3p	1	1	1	1
hsa-miR-6805-5p	1	1	1	2.010785639
hsa-miR-6807-3p	1	1	1	1
hsa-miR-6807-5p	1	1	1	1.336928546
hsa-miR-6808-3p	1	1	1	2.347714186
hsa-miR-6808-5p	1	1	1	1
hsa-miR-6813-3p	1	1	4.784774352	1
hsa-miR-6813-5p	1	1	1	1
hsa-miR-6816-3p	1	1	1	1
hsa-miR-6816-5p	1	1	1	1
hsa-miR-6824-3p	1	1	1	1.673857093
hsa-miR-6827-3p	1	1	1	1
hsa-miR-6828-3p	1	1	1	1
hsa-miR-6828-5p	1	1	1	1
hsa-miR-6829-3p	1	1	1	1
hsa-miR-6829-5p	1	1	1	1
hsa-miR-6831-3p	1	1	1	1
hsa-miR-6831-5p	1	1	1	1
hsa-miR-6832-3p	1	1	1	1
hsa-miR-6832-5p	1	1	1	1
hsa-miR-6834-3p	1	1	1	1
hsa-miR-6834-5p	1	1	1	1
hsa-miR-6835-3p	1	1	1	1
hsa-miR-6835-5p	1	1	1	1
hsa-miR-6836-5p	1	1	1	1
hsa-miR-6841-3p	1	1	1	1
hsa-miR-6841-5p	1	1	1	1
hsa-miR-6843-3p	1	1	1	1
hsa-miR-6845-3p	1	1	1	1.336928546
hsa-miR-6845-5p	1	1	1	1
hsa-miR-6846-3p	1	1	1	1
hsa-miR-6846-5p	1	1	1	1
hsa-miR-6847-3p	1	1	1	1
hsa-miR-6847-5p	1	1	1	1
hsa-miR-6849-3p	1	1	2.892387176	1
hsa-miR-6849-5p	1	1	1	1
hsa-miR-6850-3p	1	1	1	1
hsa-miR-6853-5p	1	1	1	1
hsa-miR-6855-3p	1	1	2.892387176	1.336928546
hsa-miR-6855-5p	1	1	1	1.336928546
hsa-miR-6864-3p	1	1	1	1
hsa-miR-6864-5p	1	1	1	1.336928546
hsa-miR-6865-3p	1	1	1	1
hsa-miR-6865-5p	1	1	1	1
hsa-miR-6867-3p	1	1	1	1
hsa-miR-6867-5p	1	1	1	1
hsa-miR-6872-3p	1	1	1	1
hsa-miR-6872-5p	1	1	1	1
hsa-miR-6873-3p	1	1	1	1
hsa-miR-6873-5p	1	1	1	1
hsa-miR-6875-3p	1	1	1	1
hsa-miR-6875-5p	1	1	1	1
hsa-miR-6879-3p	1	1	1	2.347714186
hsa-miR-6879-5p	1	1	2.892387176	1
hsa-miR-6880-3p	1	1	1	1.336928546
hsa-miR-6880-5p	1	1	2.892387176	1
hsa-miR-6881-3p	1	1	1	1
hsa-miR-6881-5p	1	1	1	1
hsa-miR-6882-3p	1	1	1	1
hsa-miR-6882-5p	1	1	1	1
hsa-miR-6885-5p	1	1	1	1
hsa-miR-6887-3p	1	1	1	1
hsa-miR-6887-5p	1	1	1	1
hsa-miR-6890-3p	1	1	1	1
hsa-miR-6890-5p	1	1	1	1
hsa-miR-6891-3p	1	1	1	1
hsa-miR-6891-5p	1	1	1	1
hsa-miR-6892-3p	1	1	1	1
hsa-miR-6892-5p	1	1	1	1
hsa-miR-6893-3p	1	1	1	1
hsa-miR-6893-5p	1	1	1	1
hsa-miR-7106-5p	1	1	1	1
hsa-miR-7107-3p	1	1	1	1
hsa-miR-7107-5p	1	1	1	1
hsa-miR-7108-3p	1	1	1	1
hsa-miR-7108-5p	1	1	1	1
hsa-miR-7111-5p	1	1	1	1.336928546
hsa-miR-7112-3p	1	1	1	1
hsa-miR-7112-5p	1	1	1	1
hsa-miR-7113-3p	1	1	1	1
hsa-miR-7113-5p	1	1	1	1
hsa-miR-7114-5p	1	1	1	2.347714186
hsa-miR-7155-3p	1	1	1	1
hsa-miR-7155-5p	1	1	1	1
hsa-miR-7703	1	1	1	4.032356918
hsa-miR-7847-3p	1	1	1	1
hsa-miR-7851-3p	1	1	1	1
hsa-miR-8085	1	1	1	1
hsa-miR-92b-3p	2346.572969	2404	2368.376357	1295.479476
hsa-miR-339-3p	451.6335547	470	466.5272453	451.4734667
hsa-miR-191-5p	33755.47857	35779	55005.12566	15350.45379
hsa-miR-671-3p	109.8609149	120	129.682328	48.16999651
hsa-miR-425-5p	4893.412047	5451	4987.440209	3768.535007
hsa-miR-106b-5p	827.5834584	933	339.7373045	1164.414271
hsa-miR-3609	3.531649184	4	1	1.673857093
hsa-miR-106b-3p	879.4822667	1034	657.6583501	1089.616134
hsa-let-7e-5p	1776.951902	2144	1020.996688	2902.965571
hsa-miR-6720-5p	6.063298367	8	4.784774352	1
hsa-miR-1307-3p	474.4183973	628	1206.450631	727.0810177
hsa-miR-6733-5p	2.265824592	3	1	2.010785639
hsa-miR-6815-3p	2.265824592	3	1	1.336928546
hsa-miR-423-5p	2157.965104	2900	3384.588271	2299.863473
hsa-miR-3912-3p	7.329122959	10	2.892387176	20.20492715
hsa-miR-615-5p	3.531649184	5	8.569548704	1.673857093
hsa-miR-937-3p	3.531649184	5	1	2.010785639
hsa-miR-15b-3p	218.7218298	346	288.6428508	259.7611237
hsa-miR-26b-3p	31.3797902	50	122.1127793	55.91935308
hsa-miR-659-5p	4.797473775	8	16.13909741	9.760142209
hsa-miR-6827-5p	3.531649184	6	6.677161528	2.684642732
hsa-miR-642a-3p	2.265824592	4	4.784774352	2.010785639
hsa-miR-26b-5p	4474.424107	8246	15369.07626	12581.23807
hsa-miR-191-3p	11.12659673	22	14.24671023	7.73857093
hsa-miR-19a-5p	1	2	1	1.336928546
hsa-miR-136-5p	1	2	1	1
hsa-miR-328-5p	1	2	1	1
hsa-miR-346	1	2	1	5.380071104
hsa-miR-449a	1	2	6.677161528	5.716999651
hsa-miR-616-3p	1	2	1	1
hsa-miR-887-3p	1	2	1	12.11864203
hsa-miR-1909-3p	1	2	1	1
hsa-miR-3136-3p	1	2	1	1
hsa-miR-3136-5p	1	2	1	2.347714186
hsa-miR-3146	1	2	1	1
hsa-miR-3191-3p	1	2	1	1.336928546
hsa-miR-3192-5p	1	2	1	1.673857093
hsa-miR-3678-3p	1	2	1	1
hsa-miR-3939	1	2	1	2.010785639
hsa-miR-4525	1	2	1	1
hsa-miR-4690-3p	1	2	1	1
hsa-miR-4797-3p	1	2	4.784774352	1.673857093
hsa-miR-5089-5p	1	2	1	1
hsa-miR-5696	1	2	1	1
hsa-miR-6727-5p	1	2	2.892387176	1
hsa-miR-6735-5p	1	2	1	1.673857093
hsa-miR-6742-5p	1	2	1	1
hsa-miR-6768-5p	1	2	1	1
hsa-miR-6795-5p	1	2	1	1
hsa-miR-6796-5p	1	2	1	1
hsa-miR-6824-5p	1	2	1	1
hsa-miR-6850-5p	1	2	1	1
hsa-miR-7106-3p	1	2	1	1.336928546
hsa-miR-4521	3.531649184	9	1	5.380071104
hsa-miR-3911	2.265824592	6	1	1
hsa-miR-3944-5p	3.531649184	10	1	3.358499825
hsa-miR-192-3p	1	3	2.892387176	1
hsa-miR-432-5p	1	3	1	1
hsa-miR-1234-3p	1	3	1	2.010785639
hsa-miR-2276-3p	1	3	1	1.336928546
hsa-miR-3619-5p	1	3	1	1
hsa-miR-4482-3p	1	3	1	5.716999651
hsa-miR-4667-5p	1	3	1	1
hsa-miR-4727-3p	1	3	2.892387176	1.673857093
hsa-miR-5090	1	3	1	1.336928546
hsa-miR-5695	1	3	4.784774352	3.358499825
hsa-miR-6734-5p	1	3	1	2.684642732
hsa-miR-6815-5p	1	3	1	1
hsa-miR-433-3p	1	4	1	1
hsa-miR-3936	1	4	1	1
hsa-miR-6814-5p	1	4	1	1
hsa-miR-7114-3p	1	4	1	2.010785639
hsa-miR-127-5p	1	5	1	1
hsa-miR-181d-3p	1	5	1	1
hsa-miR-377-5p	1	5	1	1
hsa-miR-431-5p	1	5	1	1
hsa-miR-496	1	5	1	1
hsa-miR-3184-5p	1	5	1	1
hsa-miR-377-3p	1	6	1	1
hsa-miR-1237-3p	1	6	1	8.412428023
hsa-miR-561-3p	1	7	8.569548704	1.673857093
hsa-miR-146b-3p	1	8	6.677161528	6.390856744
hsa-miR-656-3p	1	8	1	1
hsa-miR-4781-3p	1	8	4.784774352	3.021571279
hsa-miR-34b-3p	1	12	10.46193588	1
