14	0.692	0.692	0.029	0.091	0.124	0.155	0.159	0.131	0.216	0.138	0.237	0.17	0.054	0.066	0.052	0.095	0.156	0.056	0.108	0.067	0.101	0	0.085	0.112	0.06	T
15	0.706	0.719	0.05	0.169	0.157	0.201	0.206	0.206	0.262	0.236	0.327	0.246	0.092	0.087	0.072	0.147	0.172	0.098	0.147	0.133	0.141	0.087	0.125	0.138	0.087	N
17	0.754	0.713	0.021	0.031	0.076	0.092	0.072	0.065	0.062	0.059	0.099	0.052	0.024	0.031	0.034	0.051	0.058	0.034	0.045	0.038	0.04	0	0.049	0.055	0.027	N
172	0.714	0.691	0.037	0.08	0.101	0.113	0.117	0.113	0.148	0.097	0.137	0.109	0.056	0.061	0.058	0.105	0.119	0.091	0.111	0.081	0.078	0.02	0.079	0.115	0.06	T
177	0.702	0.68	0.296	0.378	0.41	0.468	0.485	0.485	0.476	0.359	0.482	0.335	0.178	0.198	0.197	0.268	0.369	0.281	0.364	0.313	0.364	0	0.377	0.406	0.296	T
18	0.699	0.665	0.495	0.539	0.517	0.585	0.617	0.546	0.58	0.411	0.642	0.441	0.517	0.512	0.485	0.5	0.544	0.51	0.505	0.519	0.5	NA	0.539	0.573	0.529	T
19	0.696	0.71	0.783	0.793	0.808	0.844	0.844	0.826	0.798	0.736	0.854	0.743	0.815	0.804	0.807	0.831	0.804	0.786	0.793	0.807	0.795	NA	0.779	0.779	0.754	N
22	0.715	0.7	0.043	0.06	0.075	0.098	0.081	0.079	0.104	0.072	0.131	0.083	0.038	0.045	0.041	0.086	0.077	0.062	0.092	0.066	0.082	0	0.05	0.091	0.047	N
25	0.721	0.719	0.512	0.546	0.571	0.57	0.554	0.56	0.52	0.415	0.644	0.416	0.567	0.521	0.524	0.571	0.561	0.54	0.547	0.53	0.55	0.158	0.545	0.53	0.536	N
27	0.709	0.706	0.182	0.291	0.339	0.282	0.364	0.345	0.453	0.382	0.5	0.347	0.202	0.218	0.127	0.209	0.227	0.167	0.273	0.271	0.218	NA	0.264	0.211	0.164	T
31	0.723	0.711	0.517	0.746	0.76	0.858	0.835	0.777	0.828	0.678	0.874	0.594	0.668	0.637	0.743	0.807	0.823	0.725	0.876	0.87	0.871	NA	0.84	0.867	0.806	T
32	0.673	0.718	0.048	0.065	0.081	0.097	0.077	0.081	0.077	0.091	0.137	0.082	0.056	0.049	0.048	0.056	0.089	0.036	0.085	0.041	0.035	0	0.047	0.069	0.036	N
34	0.704	0.653	0.029	0.042	0.088	0.075	0.059	0.075	0.089	0.082	0.175	0.098	0.072	0.042	0.033	0.046	0.062	0.079	0.096	0.071	0.057	0	0.052	0.067	0.058	N
36	0.734	0.708	0.043	0.083	0.097	0.117	0.117	0.124	0.107	0.11	0.187	0.118	0.066	0.032	0.054	0.089	0.092	0.066	0.098	0.069	0.085	0	0.067	0.092	0.06	N
39	0.691	0.694	0.474	0.476	0.464	0.487	0.492	0.481	0.483	0.385	0.531	0.352	0.442	0.444	0.451	0.474	0.477	0.433	0.444	0.423	0.433	NA	0.444	0.459	0.441	T
50	0.683	0.72	0.014	0.039	0.068	0.047	0.049	0.082	0.1	0.104	0.182	0.092	0.044	0.026	0.018	0.07	0.154	0.051	0.067	0.044	0.042	0.027	0.037	0.056	0.04	N
55	0.73	0.695	0.279	0.293	0.333	0.381	0.382	0.389	0.414	0.34	0.455	0.275	0.264	0.207	0.202	0.273	0.289	0.277	0.312	0.284	0.253	0.095	0.272	0.264	0.187	T
56	NA	NA	NA	NA	NA	NA	NA	NA	NA	NA	NA	NA	NA	NA	NA	NA	NA	NA	NA	NA	NA	NA	NA	NA	NA	N
63	0.717	0.704	0.094	0.174	0.189	0.221	0.223	0.217	0.237	0.195	0.318	0.192	0.14	0.162	0.15	0.181	0.219	0.131	0.181	0.166	0.158	0.02	0.158	0.187	0.148	T
67	NA	NA	NA	NA	NA	NA	NA	NA	NA	NA	NA	NA	NA	NA	NA	NA	NA	NA	NA	NA	NA	NA	NA	NA	NA	T
81	0.723	0.724	0.154	0.251	0.28	0.311	0.312	0.313	0.394	0.312	0.441	0.3	0.206	0.18	0.172	0.257	0.283	0.205	0.235	0.226	0.226	0.024	0.256	0.239	0.147	T
88	0.722	0.721	0.031	0.038	0.082	0.086	0.078	0.109	0.104	0.09	0.135	0.061	0.056	0.039	0.032	0.065	0.09	0.055	0.061	0.054	0.042	0.019	0.074	0.076	0.046	N
89	NA	NA	NA	NA	NA	NA	NA	NA	NA	NA	NA	NA	NA	NA	NA	NA	NA	NA	NA	NA	NA	NA	NA	NA	NA	T
93	0.763	0.711	0.026	0.053	0.079	0.053	0.105	0.079	0.079	0.135	0.105	0.108	0.026	0.053	0.079	0.079	0.158	0.054	0.026	0	0	NA	0.079	0.026	0	T
94	0.707	0.677	0.041	0.073	0.096	0.088	0.085	0.1	0.114	0.118	0.176	0.107	0.051	0.026	0.038	0.047	0.068	0.047	0.051	0.056	0.042	0.045	0.086	0.079	0.038	N
BN190001	0.736	0.708	0.036	0.16	0.185	0.19	0.201	0.22	0.291	0.261	0.401	0.228	0.111	0.099	0.11	0.166	0.211	0.124	0.128	0.139	0.11	0.051	0.154	0.148	0.066	T
BN190002	0.701	0.69	0.03	0.045	0.065	0.097	0.069	0.069	0.126	0.098	0.138	0.066	0.044	0.029	0.051	0.079	0.094	0.064	0.054	0.047	0.037	0.05	0.053	0.049	0.032	N
BN190003	0.737	0.762	0.027	0.047	0.045	0.066	0.059	0.074	0.114	0.099	0.133	0.07	0.034	0.047	0.015	0.057	0.047	0.027	0.042	0.027	0.04	0	0.045	0.066	0.015	T
BN190005	0.727	0.701	0.026	0.074	0.073	0.079	0.079	0.101	0.109	0.093	0.154	0.072	0.041	0.056	0.05	0.097	0.112	0.071	0.053	0.044	0.049	0	0.052	0.085	0.059	N
BN190006	0.729	0.687	0.043	0.086	0.102	0.084	0.112	0.12	0.14	0.122	0.196	0.116	0.057	0.049	0.045	0.062	0.088	0.058	0.066	0.063	0.045	0.038	0.069	0.091	0.042	T
BN190007	0.746	0.722	0.028	0.036	0.056	0.052	0.056	0.056	0.093	0.049	0.11	0.052	0.024	0.032	0.022	0.037	0.035	0.02	0.032	0.023	0.021	0.036	0.014	0.043	0.033	N
BN190008	0.837	0.704	0.082	0.194	0.227	0.245	0.194	0.255	0.204	0.194	0.312	0.16	0.227	0.083	0.153	0.237	0.235	0.163	0.173	0.186	0.151	NA	0.179	0.204	0.133	T
BN190010	0.71	0.713	0.063	0.157	0.124	0.204	0.189	0.167	0.216	0.156	0.243	0.159	0.126	0.093	0.12	0.141	0.183	0.108	0.147	0.122	0.102	0	0.132	0.14	0.078	N
BN190011	0.744	0.727	0.519	0.638	0.655	0.671	0.685	0.675	0.665	0.507	0.692	0.533	0.61	0.614	0.606	0.616	0.675	0.617	0.669	0.666	0.644	0.182	0.649	0.644	0.628	T
BN190012	0.732	0.706	0.062	0.08	0.111	0.101	0.114	0.111	0.124	0.109	0.199	0.085	0.065	0.065	0.057	0.093	0.085	0.095	0.073	0.083	0.059	0	0.079	0.095	0.054	N
BN190014	0.725	0.623	0.173	0.168	0.221	0.207	0.263	0.255	0.302	0.214	0.3	0.194	0.135	0.129	0.143	0.203	0.226	0.174	0.191	0.157	0.187	0.125	0.198	0.184	0.162	T
BN190015	0.803	0.702	0.045	0.084	0.084	0.135	0.124	0.136	0.17	0.129	0.23	0.064	0.068	0.067	0.034	0.062	0.136	0.075	0.107	0.04	0.042	NA	0.086	0.062	0.051	N
BN190017	0.751	0.703	0.093	0.176	0.196	0.188	0.193	0.186	0.239	0.244	0.343	0.186	0.11	0.096	0.101	0.129	0.183	0.113	0.129	0.14	0.129	0.133	0.127	0.169	0.106	N
BN190018	0.716	0.692	0.018	0.032	0.04	0.06	0.032	0.03	0.054	0.049	0.074	0.029	0.022	0.018	0.02	0.029	0.047	0.027	0.044	0.029	0.023	0	0.033	0.028	0.03	T
BN190019	0.719	0.689	0.388	0.425	0.435	0.443	0.47	0.454	0.479	0.444	0.57	0.417	0.369	0.18	0.369	0.41	0.459	0.369	0.386	0.373	0.379	0.107	0.4	0.402	0.353	T
BN190023	0.725	0.681	0.131	0.176	0.208	0.196	0.193	0.191	0.213	0.128	0.269	0.134	0.135	0.131	0.134	0.159	0.163	0.142	0.148	0.121	0.119	0	0.138	0.159	0.124	N
BN190024	0.686	0.657	0.008	0.014	0.032	0.037	0.03	0.035	0.054	0.034	0.083	0.036	0.014	0.018	0.016	0.03	0.035	0.026	0.024	0.018	0.025	0	0.024	0.02	0.01	T
BN190026	0.73	0.707	0.013	0.04	0.053	0.053	0.053	0.059	0.05	0.065	0.1	0.059	0.034	0.025	0.023	0.042	0.078	0.044	0.036	0.046	0.031	0	0.029	0.071	0.038	N
BN190028	0.68	0.726	0.02	0.04	0.081	0.105	0.058	0.056	0.085	0.062	0.119	0.049	0.058	0.036	0.027	0.031	0.059	0.055	0.047	0.036	0.028	0	0.031	0.061	0.04	T
BN190029	0.7	0.648	0.082	0.073	0.095	0.09	0.052	0.073	0.092	0.061	0.142	0.1	0.048	0.022	0.034	0.056	0.078	0.092	0.039	0.082	0.032	0	0.039	0.052	0.052	N
BN190030	NA	NA	NA	NA	NA	NA	NA	NA	NA	NA	NA	NA	NA	NA	NA	NA	NA	NA	NA	NA	NA	NA	NA	NA	NA	N
BN190031	0.701	0.729	0.065	0.15	0.159	0.15	0.159	0.14	0.219	0.142	0.245	0.127	0.047	0.085	0.075	0.124	0.14	0.113	0.132	0.14	0.09	NA	0.088	0.168	0.037	T
BN190032	0.783	0.719	0.084	0.192	0.278	0.217	0.266	0.215	0.319	0.266	0.388	0.253	0.091	0.118	0.107	0.149	0.179	0.164	0.217	0.156	0.133	0	0.174	0.167	0.114	N
BN190033	0.709	0.715	0.053	0.112	0.084	0.081	0.123	0.137	0.139	0.124	0.177	0.132	0.059	0.051	0.051	0.079	0.091	0.103	0.07	0.067	0.059	0.067	0.061	0.086	0.058	T
BN190034	0.715	0.699	0.274	0.293	0.294	0.302	0.352	0.326	0.282	0.213	0.286	0.156	0.045	0.063	0.062	0.117	0.159	0.116	0.268	0.284	0.261	0.143	0.267	0.388	0.235	T
BN190036	0.729	0.637	0.096	0.18	0.187	0.204	0.216	0.218	0.263	0.189	0.326	0.191	0.129	0.144	0.11	0.152	0.204	0.124	0.184	0.162	0.17	NA	0.171	0.197	0.116	T
BN190037	0.764	0.676	0.103	0.137	0.139	0.185	0.179	0.212	0.179	0.152	0.21	0.126	0.112	0.125	0.125	0.152	0.165	0.129	0.175	0.15	0.147	0.111	0.156	0.165	0.127	N
BN190038	0.562	0.781	0	0	0.062	0.125	0.094	0.188	0.161	0.156	0.161	0.226	0	0.033	0.031	0.062	0.062	0.125	0.062	0	0	NA	0	0.031	0	N
BN190039	0.74	0.695	0.174	0.175	0.205	0.219	0.196	0.187	0.172	0.143	0.25	0.131	0.151	0.15	0.157	0.177	0.179	0.144	0.161	0.157	0.17	0.071	0.165	0.166	0.16	T
BN190040	0.699	0.718	0.041	0.061	0.09	0.104	0.084	0.1	0.1	0.093	0.156	0.091	0.062	0.046	0.042	0.055	0.071	0.096	0.084	0.074	0.062	0.026	0.059	0.066	0.034	N
BN190041	0.718	0.71	0.041	0.084	0.12	0.101	0.121	0.136	0.156	0.138	0.24	0.116	0.067	0.057	0.042	0.084	0.102	0.067	0.09	0.089	0.073	0	0.076	0.082	0.041	T
BN190042	0.712	0.686	0.028	0.041	0.055	0.049	0.056	0.066	0.087	0.059	0.136	0.061	0.043	0.03	0.019	0.05	0.066	0.033	0.052	0.033	0.027	0	0.033	0.068	0.024	N
BN190044	0.711	0.685	0.937	0.937	0.939	0.936	0.949	0.947	0.94	0.905	0.953	0.914	0.911	0.928	0.926	0.932	0.939	0.924	0.945	0.938	0.954	0.8	0.928	0.94	0.926	T
BN190046	0.728	0.67	0.023	0.061	0.079	0.075	0.072	0.072	0.129	0.107	0.201	0.085	0.04	0.035	0.033	0.058	0.086	0.044	0.061	0.026	0.042	0	0.038	0.049	0.019	T
BN190047	0.744	0.687	0.022	0.053	0.045	0.067	0.05	0.069	0.078	0.073	0.12	0.043	0.033	0.015	0.016	0.034	0.057	0.038	0.04	0.034	0.029	0	0.028	0.063	0.031	N
BN190048	0.736	0.718	0.217	0.382	0.431	0.409	0.414	0.427	0.447	0.395	0.501	0.348	0.216	0.207	0.267	0.327	0.363	0.319	0.36	0.329	0.298	0.111	0.338	0.354	0.252	T
BN190049	0.669	0.673	0.903	0.845	0.889	0.904	0.889	0.862	0.83	0.776	0.896	0.796	0.817	0.857	0.84	0.885	0.894	0.874	0.88	0.865	0.883	NA	0.856	0.894	0.876	T
BN190050	0.663	0.666	0.108	0.143	0.193	0.237	0.202	0.191	0.218	0.188	0.255	0.159	0.146	0.151	0.139	0.189	0.187	0.16	0.197	0.156	0.147	0.042	0.156	0.154	0.124	N
BN190051	0.72	0.734	0.25	0.307	0.32	0.361	0.384	0.414	0.392	0.342	0.489	0.37	0.216	0.23	0.24	0.319	0.322	0.236	0.276	0.267	0.252	0.045	0.283	0.302	0.229	T
BN190052	0.735	0.678	0.179	0.229	0.239	0.275	0.262	0.239	0.237	0.223	0.334	0.218	0.12	0.167	0.17	0.213	0.222	0.184	0.216	0.177	0.14	0.081	0.201	0.246	0.193	N
BN190054	0.695	0.709	0.017	0.237	0.091	0.284	0.273	0.082	0.153	0.09	0.348	0.224	0.104	0.019	0.116	0.081	0.146	0.087	0.06	0.022	0.026	0	0.017	0.05	0.002	T
BN190055	0.713	0.691	0.298	0.372	0.415	0.436	0.457	0.426	0.419	0.366	0.489	0.321	0.319	0.319	0.344	0.447	0.436	0.394	0.404	0.287	0.352	NA	0.394	0.34	0.34	T
BN190056	0.737	0.711	0.047	0.051	0.069	0.077	0.075	0.085	0.136	0.125	0.192	0.074	0.057	0.051	0.038	0.103	0.096	0.059	0.065	0.051	0.039	0	0.046	0.057	0.032	N
BN190057	0.691	0.713	0.028	0.069	0.089	0.105	0.104	0.12	0.132	0.104	0.177	0.104	0.066	0.049	0.053	0.079	0.098	0.073	0.092	0.084	0.064	0	0.062	0.101	0.052	T
BN190059	0.705	0.718	0.025	0.057	0.09	0.078	0.073	0.041	0.107	0.091	0.144	0.07	0.057	0.045	0.029	0.049	0.053	0.058	0.057	0.053	0.047	NA	0.062	0.065	0.033	N
BN190062	0.701	0.679	0.017	0.02	0.027	0.047	0.037	0.033	0.068	0.074	0.141	0.051	0.044	0.013	0.017	0.033	0.04	0.037	0.044	0.037	0.018	0.067	0.028	0.027	0.013	N
BN190068	0.73	0.677	0.032	0.083	0.119	0.108	0.098	0.098	0.126	0.117	0.184	0.094	0.053	0.072	0.06	0.084	0.1	0.066	0.096	0.079	0.074	0.024	0.07	0.09	0.066	N
BN190071	0.72	0.722	0.027	0.089	0.125	0.106	0.126	0.139	0.178	0.16	0.227	0.147	0.071	0.035	0.048	0.083	0.115	0.08	0.104	0.047	0.048	0	0.074	0.09	0.047	N
BN190072	0.692	0.682	0.034	0.041	0.047	0.051	0.03	0.122	0.113	0.094	0.183	0.094	0.075	0.044	0.051	0.105	0.098	0.054	0.105	0.017	0.028	0	0.052	0.068	0.034	N
BN190073	0.783	0.654	0.039	0.17	0.242	0.248	0.294	0.333	0.396	0.363	0.447	0.301	0.15	0.145	0.118	0.261	0.405	0.255	0.235	0.211	0.182	NA	0.213	0.281	0.158	T
BN190075	0.743	0.735	0.032	0.036	0.073	0.068	0.06	0.078	0.095	0.077	0.137	0.06	0.035	0.04	0.032	0.046	0.065	0.07	0.051	0.039	0.037	0.031	0.05	0.073	0.051	N
BN190077	0.733	0.692	0.552	0.569	0.578	0.597	0.593	0.581	0.568	0.466	0.638	0.429	0.526	0.495	0.502	0.549	0.548	0.518	0.537	0.525	0.521	0.163	0.511	0.538	0.496	T
BN190080	0.724	0.701	0.06	0.077	0.083	0.088	0.1	0.117	0.084	0.039	0.19	0.071	0.063	0.037	0.063	0.066	0.083	0.049	0.077	0.052	0.066	0.062	0.061	0.077	0.068	N
BN190083	0.723	0.72	0.171	0.259	0.284	0.327	0.33	0.321	0.389	0.301	0.466	0.305	0.2	0.199	0.182	0.228	0.276	0.203	0.217	0.223	0.198	0.071	0.24	0.273	0.182	T
BN190085	0.731	0.727	0.049	0.046	0.063	0.078	0.077	0.083	0.102	0.086	0.141	0.081	0.043	0.029	0.022	0.06	0.051	0.05	0.055	0.021	0.036	0	0.033	0.055	0.027	N
BN190087	0.703	0.718	0.156	0.223	0.229	0.259	0.27	0.272	0.276	0.238	0.378	0.219	0.187	0.191	0.173	0.21	0.23	0.188	0.206	0.199	0.194	0	0.218	0.22	0.162	T
BN190089	0.719	0.703	0.547	0.588	0.621	0.6	0.618	0.622	0.623	0.542	0.69	0.466	0.58	0.558	0.591	0.605	0.612	0.59	0.608	0.599	0.599	0.125	0.6	0.625	0.585	N
BN190090	0.722	0.718	0.024	0.087	0.155	0.172	0.191	0.227	0.211	0.152	0.263	0.131	0.192	0.194	0.135	0.191	0.201	0.146	0.209	0.182	0.184	0.047	0.181	0.182	0.172	T
BN190092	0.654	0.658	0.017	0.113	0.071	0.046	0.126	0.096	0.103	0.087	0.152	0.079	0.093	0.1	0.075	0.092	0.117	0.06	0.092	0.105	0.088	NA	0.085	0.087	0.075	N
BN190094	0.708	0.698	0.03	0.049	0.051	0.057	0.046	0.057	0.066	0.044	0.094	0.053	0.024	0.032	0.021	0.044	0.057	0.025	0.03	0.022	0.032	0.025	0.047	0.036	0.022	T
BN190096	0.715	0.693	0.014	0.027	0.026	0.052	0.053	0.038	0.053	0.04	0.095	0.043	0.039	0.027	0.02	0.03	0.025	0.035	0.03	0.032	0.027	0.048	0.025	0.043	0.018	N
BN190098	0.699	0.715	0.072	0.116	0.136	0.134	0.142	0.171	0.193	0.145	0.271	0.144	0.08	0.055	0.067	0.125	0.138	0.09	0.111	0.103	0.091	0.022	0.107	0.108	0.068	N
BN190099	0.73	0.709	0.074	0.141	0.175	0.172	0.206	0.203	0.262	0.21	0.341	0.222	0.12	0.107	0.113	0.154	0.178	0.104	0.133	0.132	0.126	0	0.125	0.13	0.082	T
BN190101	0.717	0.72	0.037	0.061	0.109	0.113	0.102	0.094	0.121	0.112	0.195	0.093	0.042	0.051	0.045	0.058	0.085	0.07	0.08	0.049	0.059	0	0.078	0.058	0.031	N
BN190106	0.73	0.694	0.019	0.02	0.026	0.024	0.02	0.041	0.042	0.043	0.084	0.032	0.019	0.017	0.023	0.032	0.038	0.035	0.029	0.032	0.017	0	0.028	0.031	0.016	T
BN190109	0.729	0.705	0.008	0.019	0.019	0.024	0.024	0.027	0.039	0.036	0.085	0.036	0.022	0.014	0.017	0.034	0.031	0.021	0.012	0.017	0.009	0	0.014	0.042	0.014	N
BN190111	0.722	0.724	0.025	0.032	0.053	0.029	0.04	0.061	0.074	0.041	0.072	0.053	0.034	0.021	0.027	0.034	0.059	0.025	0.027	0.036	0.041	0.04	0.089	0.044	0.017	T
BN190114	0.724	0.7	0.435	0.406	0.49	0.481	0.483	0.446	0.498	0.4	0.557	0.391	0.293	0.369	0.369	0.464	0.49	0.372	0.452	0.464	0.461	0.176	0.366	0.494	0.357	T
BN190117	0.747	0.718	0.479	0.578	0.642	0.674	0.685	0.67	0.677	0.481	0.71	0.541	0.455	0.439	0.521	0.638	0.641	0.625	0.678	0.586	0.662	0.4	0.668	0.67	0.483	N
BN190119	0.713	0.705	0.927	0.934	0.933	0.927	0.942	0.937	0.903	0.873	0.95	0.872	0.882	0.915	0.927	0.926	0.937	0.928	0.932	0.926	0.932	NA	0.924	0.928	0.914	T
BN190120	0.696	0.729	0.181	0.278	0.303	0.296	0.311	0.343	0.362	0.319	0.475	0.336	0.221	0.194	0.202	0.247	0.313	0.206	0.214	0.235	0.221	0.033	0.246	0.262	0.157	N
BN190121	0.705	0.689	0.074	0.139	0.193	0.193	0.205	0.185	0.282	0.273	0.354	0.216	0.116	0.116	0.065	0.148	0.204	0.094	0.126	0.096	0.101	0	0.134	0.127	0.075	T
BN190122	0.736	0.714	0.016	0.024	0.033	0.051	0.035	0.064	0.038	0.022	0.088	0.03	0.013	0.014	0.011	0.024	0.03	0.041	0.052	0.024	0.032	0.035	0.036	0.024	0.02	N
BN190125	0.717	0.699	0.024	0.044	0.062	0.063	0.082	0.068	0.093	0.087	0.149	0.078	0.038	0.031	0.028	0.046	0.065	0.045	0.043	0.032	0.038	0.01	0.037	0.072	0.024	T
BN190128	0.739	0.689	0.022	0.045	0.042	0.023	0.057	0.053	0.099	0.069	0.198	0.069	0.022	0.044	0.014	0.062	0.053	0.04	0.036	0.016	0.015	0	0.034	0.08	0.045	N
BN190131	0.693	0.742	0.043	0.037	0.11	0.11	0.092	0.154	0.176	0.125	0.273	0.11	0.093	0.037	0.056	0.055	0.08	0.099	0.086	0.055	0.076	NA	0.075	0.092	0.043	T
BN190133	NA	NA	NA	NA	NA	NA	NA	NA	NA	NA	NA	NA	NA	NA	NA	NA	NA	NA	NA	NA	NA	NA	NA	NA	NA	N
BN190135	0.742	0.733	0.328	0.405	0.445	0.466	0.482	0.434	0.495	0.391	0.549	0.373	0.363	0.29	0.346	0.383	0.439	0.342	0.368	0.344	0.332	0.182	0.379	0.393	0.285	T
BN190137	0.762	0.693	0.087	0.116	0.092	0.12	0.125	0.104	0.107	0.094	0.192	0.109	0.081	0.085	0.064	0.094	0.096	0.083	0.107	0.087	0.078	0	0.077	0.096	0.061	N
BN190141	0.683	0.718	0.077	0.164	0.178	0.192	0.196	0.202	0.225	0.21	0.357	0.217	0.157	0.14	0.116	0.178	0.171	0.102	0.164	0.164	0.141	0.062	0.17	0.202	0.108	T
BN190142	0.755	0.721	0.025	0.08	0.107	0.11	0.119	0.122	0.154	0.127	0.188	0.112	0.062	0.055	0.054	0.08	0.095	0.058	0.065	0.076	0.069	0	0.067	0.065	0.036	N
BN190147	0.71	0.743	0.147	0.426	0.401	0.537	0.587	0.528	0.599	0.458	0.597	0.437	0.23	0.215	0.282	0.328	0.441	0.289	0.524	0.452	0.47	0.111	0.407	0.436	0.277	T
BN190149	0.757	0.706	0.115	0.417	0.376	0.522	0.482	0.489	0.521	0.406	0.553	0.42	0.222	0.215	0.214	0.29	0.424	0.235	0.486	0.4	0.372	0.094	0.303	0.395	0.245	N
BN190150	0.788	0.769	0.058	0.137	0.192	0.154	0.231	0.115	0.255	0.118	0.327	0.14	0.118	0.096	0.135	0.135	0.16	0.096	0.096	0.058	0.042	NA	0.14	0.118	0.038	T
BN190151	0.74	0.721	0.08	0.158	0.179	0.192	0.224	0.241	0.268	0.253	0.347	0.23	0.087	0.11	0.09	0.151	0.19	0.097	0.131	0.105	0.113	0.016	0.123	0.136	0.069	T
BN190155	0.745	0.701	0.039	0.105	0.126	0.165	0.143	0.152	0.143	0.12	0.248	0.115	0.12	0.091	0.052	0.1	0.122	0.1	0.082	0.074	0.116	0	0.127	0.104	0.057	N
BN190158	0.716	0.732	0.052	0.133	0.212	0.206	0.225	0.325	0.4	0.264	0.442	0.286	0.117	0.118	0.154	0.252	0.223	0.221	0.207	0.302	0.196	0.018	0.319	0.271	0.145	T
BN190159	NA	NA	NA	NA	NA	NA	NA	NA	NA	NA	NA	NA	NA	NA	NA	NA	NA	NA	NA	NA	NA	NA	NA	NA	NA	N
BN190162	NA	NA	NA	NA	NA	NA	NA	NA	NA	NA	NA	NA	NA	NA	NA	NA	NA	NA	NA	NA	NA	NA	NA	NA	NA	T
BN190163	0.724	0.713	0.056	0.266	0.303	0.302	0.322	0.326	0.334	0.269	0.394	0.199	0.171	0.07	0.09	0.247	0.283	0.147	0.191	0.173	0.143	0.036	0.111	0.114	0.047	N
BN190164	0.694	0.729	0.422	0.708	0.725	0.797	0.795	0.762	0.768	0.656	0.804	0.688	0.566	0.64	0.676	0.774	0.759	0.499	0.726	0.755	0.744	0.25	0.678	0.719	0.564	T
BN190166	0.728	0.705	0.521	0.589	0.608	0.623	0.623	0.618	0.631	0.516	0.689	0.516	0.397	0.45	0.43	0.554	0.598	0.453	0.571	0.55	0.553	0.171	0.522	0.566	0.496	N
BN190168	0.728	0.693	0.024	0.07	0.081	0.121	0.122	0.109	0.16	0.134	0.224	0.124	0.053	0.047	0.05	0.097	0.113	0.061	0.087	0.052	0.037	0.018	0.07	0.091	0.039	T
BN190170	0.725	0.701	0.109	0.172	0.193	0.199	0.216	0.21	0.229	0.194	0.305	0.197	0.143	0.131	0.164	0.207	0.235	0.171	0.198	0.187	0.175	0.043	0.178	0.168	0.103	T
BN190171	0.733	0.738	0.042	0.047	0.072	0.065	0.061	0.077	0.056	0.076	0.092	0.042	0.054	0.042	0.035	0.074	0.065	0.063	0.064	0.048	0.039	0	0.045	0.047	0.045	N
BN190172	0.763	0.715	0.041	0.22	0.235	0.255	0.251	0.094	0.279	0.243	0.382	0.239	0.063	0.075	0.058	0.225	0.161	0.236	0.155	0.241	0.094	0	0.247	0.146	0.041	T
BN190175	NA	NA	NA	NA	NA	NA	NA	NA	NA	NA	NA	NA	NA	NA	NA	NA	NA	NA	NA	NA	NA	NA	NA	NA	NA	N
BN190179	0.737	0.717	0.055	0.284	0.27	0.297	0.318	0.241	0.325	0.274	0.432	0.256	0.186	0.183	0.184	0.237	0.299	0.172	0.264	0.197	0.188	0.071	0.177	0.217	0.106	T
BN190180	0.758	0.694	0.039	0.097	0.091	0.075	0.088	0.09	0.124	0.112	0.201	0.092	0.074	0.068	0.074	0.081	0.105	0.058	0.097	0.065	0.065	0	0.05	0.079	0.047	N
BN190181	0.751	0.676	0.022	0.038	0.043	0.031	0.058	0.047	0.088	0.048	0.083	0.057	0.025	0.02	0.018	0.009	0.054	0.032	0.05	0.036	0.038	0	0.048	0.036	0.056	T
BN190184	0.748	0.667	0.024	0.062	0.046	0.073	0.062	0.082	0.103	0.094	0.144	0.08	0.054	0.028	0.036	0.073	0.066	0.078	0.077	0.065	0.047	0.045	0.057	0.077	0.044	N
BN190186	0.743	0.707	0.135	0.26	0.298	0.357	0.354	0.349	0.391	0.322	0.467	0.292	0.197	0.174	0.2	0.285	0.296	0.176	0.255	0.226	0.221	0	0.244	0.309	0.175	T
BN190189	0.762	0.651	0.08	0.087	0.096	0.125	0.103	0.109	0.167	0.096	0.174	0.118	0.055	0.097	0.074	0.109	0.09	0.094	0.126	0.103	0.088	0	0.066	0.074	0.077	N
BN190191	0.749	0.7	0.58	0.821	0.853	0.873	0.877	0.867	0.839	0.765	0.876	0.777	0.733	0.766	0.793	0.844	0.861	0.793	0.87	0.869	0.878	0.533	0.833	0.859	0.823	T
BN190192	0.68	0.721	0.504	0.752	0.79	0.829	0.828	0.797	0.761	0.674	0.844	0.694	0.736	0.691	0.728	0.779	0.827	0.738	0.823	0.816	0.823	NA	0.8	0.827	0.754	N
BN190193	0.73	0.73	0.026	0.029	0.05	0.046	0.049	0.049	0.048	0.044	0.109	0.045	0.024	0.026	0.031	0.041	0.049	0.036	0.035	0.02	0.022	0	0.035	0.036	0.019	T
BN190195	0.738	0.701	0.019	0.019	0.036	0.064	0.044	0.042	0.063	0.039	0.083	0.067	0.036	0.031	0.02	0.037	0.03	0.034	0.064	0.036	0.016	0	0.024	0.032	0.039	N
BN190198	0.739	0.682	0.094	0.096	0.181	0.218	0.191	0.198	0.227	0.172	0.281	0.182	0.107	0.153	0.126	0.181	0.172	0.158	0.221	0.112	0.077	0.033	0.16	0.123	0.078	T
BN190199	NA	NA	NA	NA	NA	NA	NA	NA	NA	NA	NA	NA	NA	NA	NA	NA	NA	NA	NA	NA	NA	NA	NA	NA	NA	N
BN190200	0.769	0.611	0.009	0.046	0.028	0.046	0.028	0.019	0.046	0.037	0.084	0.057	0.009	0.028	0.019	0.056	0.028	0.019	0.028	0.019	0.01	NA	0	0.037	0.009	T
BN190201	0.708	0.706	0.041	0.049	0.073	0.072	0.069	0.087	0.094	0.08	0.138	0.074	0.042	0.042	0.043	0.06	0.061	0.05	0.057	0.041	0.045	0.016	0.052	0.06	0.038	N
BN190202	0.72	0.697	0.03	0.292	0.183	0.466	0.513	0.286	0.484	0.276	0.407	0.322	0.085	0.112	0.106	0.19	0.36	0.136	0.402	0.366	0.358	0.139	0.209	0.37	0.133	T
BN190203	0.681	0.7	0.103	0.22	0.301	0.287	0.33	0.31	0.342	0.313	0.433	0.309	0.163	0.145	0.157	0.232	0.287	0.176	0.261	0.234	0.224	0.04	0.263	0.257	0.147	T
BN190206	0.694	0.706	0.023	0.064	0.079	0.121	0.127	0.106	0.108	0.103	0.156	0.061	0.055	0.04	0.045	0.086	0.115	0.058	0.06	0.033	0.06	0	0.078	0.076	0.058	N
BN190209	0.739	0.733	0.033	0.061	0.067	0.133	0.111	0.073	0.112	0.068	0.123	0.057	0.011	0.039	0.056	0.083	0.089	0.056	0.122	0.072	0.055	0	0.069	0.094	0.039	N
BN190210	0.722	0.712	0.507	0.558	0.579	0.566	0.575	0.578	0.514	0.444	0.604	0.434	0.536	0.39	0.533	0.552	0.566	0.534	0.547	0.54	0.496	0.261	0.544	0.537	0.517	T
BN190211	0.738	0.694	0.429	0.404	0.444	0.449	0.473	0.476	0.417	0.343	0.513	0.34	0.43	0.408	0.411	0.426	0.432	0.413	0.43	0.409	0.433	0.117	0.409	0.43	0.395	T
BN190213	0.751	0.7	0.032	0.02	0.024	0.063	0.024	0.055	0.057	0.032	0.111	0.036	0.012	0.016	0.028	0.028	0.032	0.008	0.048	0.02	0.029	0	0.024	0.036	0.024	N
BN190215	0.705	0.693	0.474	0.508	0.529	0.615	0.596	0.569	0.594	0.523	0.7	0.536	0.539	0.47	0.511	0.599	0.618	0.606	0.622	0.602	0.57	0.167	0.55	0.565	0.516	T
BN190218	0.696	0.698	0.195	0.26	0.288	0.304	0.298	0.308	0.314	0.297	0.444	0.296	0.243	0.212	0.239	0.337	0.349	0.282	0.277	0.222	0.234	0.05	0.238	0.274	0.204	N
BN190219	0.737	0.709	0.028	0.135	0.164	0.153	0.2	0.222	0.253	0.216	0.332	0.221	0.097	0.096	0.077	0.134	0.169	0.083	0.105	0.112	0.112	0.019	0.124	0.141	0.058	T
BN190221	0.749	0.706	0.024	0.068	0.067	0.098	0.088	0.095	0.15	0.109	0.173	0.091	0.06	0.046	0.034	0.068	0.085	0.059	0.067	0.062	0.06	0.039	0.067	0.076	0.041	N
BN190223	0.741	0.681	0.239	0.329	0.35	0.375	0.381	0.386	0.407	0.366	0.5	0.326	0.269	0.272	0.252	0.317	0.35	0.258	0.299	0.291	0.286	0.098	0.304	0.301	0.252	T
BN190225	0.712	0.7	0.064	0.081	0.113	0.113	0.124	0.145	0.174	0.157	0.212	0.142	0.065	0.067	0.07	0.099	0.14	0.084	0.102	0.078	0.075	NA	0.074	0.083	0.048	N
BN190227	0.705	0.737	0.037	0.082	0.109	0.091	0.104	0.105	0.148	0.132	0.205	0.138	0.06	0.065	0.054	0.076	0.106	0.06	0.057	0.084	0.064	0.061	0.07	0.082	0.047	T
BN190229	0.714	0.648	0.03	0.095	0.106	0.09	0.106	0.106	0.123	0.12	0.196	0.084	0.061	0.075	0.082	0.09	0.111	0.071	0.101	0.102	0.074	NA	0.087	0.095	0.05	N
BN190231	0.717	0.696	0.365	0.395	0.425	0.398	0.426	0.426	0.423	0.357	0.509	0.322	0.358	0.364	0.348	0.382	0.426	0.372	0.364	0.357	0.368	0.039	0.37	0.386	0.341	T
BN190233	0.733	0.699	0.083	0.129	0.12	0.158	0.15	0.129	0.109	0.11	0.235	0.118	0.105	0.083	0.105	0.113	0.09	0.098	0.12	0.131	0.121	NA	0.125	0.158	0.098	N
BN190235	0.693	0.745	0.08	0.188	0.199	0.24	0.268	0.204	0.293	0.263	0.34	0.241	0.109	0.083	0.062	0.136	0.217	0.165	0.182	0.155	0.137	0.024	0.166	0.126	0.056	T
BN190238	0.73	0.69	0.052	0.145	0.132	0.184	0.167	0.159	0.182	0.138	0.232	0.129	0.078	0.041	0.055	0.124	0.151	0.134	0.125	0.101	0.093	0.048	0.137	0.115	0.09	N
BN190240	0.701	0.72	0.118	0.256	0.268	0.291	0.307	0.299	0.339	0.293	0.463	0.282	0.173	0.181	0.144	0.243	0.257	0.204	0.227	0.211	0.193	0.023	0.231	0.228	0.125	T
BN190241	0.718	0.698	0.147	0.159	0.176	0.213	0.212	0.219	0.246	0.202	0.317	0.161	0.165	0.149	0.143	0.193	0.196	0.153	0.17	0.148	0.147	0.062	0.17	0.172	0.144	N
BN190242	0.718	0.712	0.024	0.049	0.058	0.056	0.064	0.067	0.075	0.072	0.106	0.058	0.029	0.036	0.024	0.055	0.059	0.032	0.044	0.039	0.035	0	0.038	0.039	0.021	T
BN190244	0.71	0.715	0.122	0.24	0.257	0.274	0.301	0.311	0.318	0.291	0.44	0.261	0.21	0.175	0.18	0.229	0.249	0.15	0.187	0.186	0.204	0.056	0.217	0.204	0.131	T
BN190245	0.735	0.72	0.131	0.16	0.169	0.188	0.172	0.182	0.161	0.145	0.249	0.127	0.157	0.147	0.134	0.165	0.168	0.138	0.167	0.154	0.145	0.043	0.141	0.158	0.137	N
BN190247	0.726	0.702	0.012	0.035	0.06	0.092	0.06	0.071	0.074	0.053	0.131	0.047	0.042	0.017	0.03	0.04	0.064	0.048	0.054	0.035	0.034	0.05	0.045	0.035	0.034	T
BN190248	0.709	0.661	0.799	0.8	0.796	0.809	0.81	0.801	0.76	0.697	0.821	0.698	0.788	0.789	0.79	0.801	0.811	0.797	0.797	0.803	0.806	0.481	0.789	0.808	0.779	T
BN190249	0.707	0.685	0.608	0.483	0.644	0.605	0.647	0.605	0.652	0.589	0.683	0.567	0.41	0.212	0.539	0.628	0.629	0.602	0.622	0.589	0.613	0.2	0.605	0.607	0.585	T
BN190251	0.744	0.701	0.047	0.125	0.151	0.156	0.148	0.18	0.225	0.186	0.305	0.178	0.092	0.07	0.061	0.094	0.146	0.082	0.085	0.093	0.083	0.041	0.095	0.098	0.049	T
BN190252	0.714	0.677	0.013	0.023	0.024	0.031	0.038	0.032	0.052	0.035	0.086	0.035	0.015	0.017	0.014	0.022	0.032	0.024	0.025	0.022	0.018	0	0.019	0.019	0.019	T
BN190255	0.698	0.69	0.031	0.041	0.061	0.072	0.064	0.074	0.084	0.067	0.143	0.069	0.033	0.027	0.015	0.058	0.043	0.039	0.058	0.028	0.033	0.011	0.039	0.057	0.041	N
BN190256	0.748	0.687	0.011	0.018	0.036	0.018	0.018	0.04	0.048	0.055	0.065	0.036	0.015	0.004	0.015	0.018	0.044	0.011	0.022	0.007	0.008	0	0.015	0.029	0	T
BN190257	0.716	0.673	0.016	0.045	0.05	0.061	0.046	0.063	0.083	0.066	0.11	0.059	0.032	0.032	0.024	0.031	0.055	0.046	0.056	0.035	0.035	0.017	0.043	0.045	0.027	N
BN190258	0.719	0.711	0.403	0.494	0.509	0.534	0.574	0.517	0.58	0.493	0.607	0.484	0.356	0.349	0.37	0.47	0.498	0.397	0.496	0.479	0.491	0.164	0.487	0.514	0.445	T
BN190260	0.704	0.679	0.05	0.093	0.117	0.121	0.123	0.141	0.166	0.147	0.236	0.099	0.073	0.062	0.06	0.099	0.122	0.076	0.076	0.056	0.052	0	0.074	0.093	0.057	N
BN190262	0.718	0.685	0.023	0.015	0.05	0.029	0.025	0.038	0.045	0.04	0.075	0.026	0.022	0.022	0.029	0.039	0.028	0.035	0.025	0.016	0.027	0	0.027	0.041	0.015	N
BN190264	0.685	0.684	0.03	0.056	0.075	0.081	0.073	0.073	0.102	0.084	0.144	0.1	0.054	0.039	0.044	0.071	0.069	0.048	0.073	0.054	0.05	0.016	0.054	0.123	0.089	N
BN190265	0.71	0.682	0.473	0.405	0.486	0.692	0.734	0.656	0.704	0.665	0.741	0.56	0.688	0.284	0.443	0.685	0.724	0.458	0.727	0.615	0.585	0.4	0.576	0.532	0.344	T
BN190266	0.737	0.675	0.049	0.07	0.124	0.172	0.178	0.171	0.239	0.194	0.279	0.165	0.13	0.081	0.09	0.156	0.18	0.116	0.182	0.095	0.094	0.022	0.098	0.144	0.05	N
BN190267	0.724	0.711	0.103	0.276	0.231	0.327	0.365	0.303	0.373	0.275	0.383	0.265	0.139	0.147	0.156	0.201	0.274	0.176	0.275	0.269	0.25	0.031	0.237	0.323	0.149	T
BN190269	0.698	0.674	0.097	0.097	0.123	0.146	0.121	0.127	0.149	0.112	0.195	0.147	0.051	0.064	0.07	0.11	0.091	0.1	0.15	0.105	0.117	0	0.113	0.115	0.108	N
BN190270	0.687	0.708	0.031	0.054	0.053	0.056	0.064	0.064	0.084	0.076	0.127	0.054	0.036	0.031	0.026	0.06	0.064	0.027	0.033	0.034	0.032	0	0.039	0.046	0.031	T
BN190271	0.636	0.697	0.078	0.101	0.109	0.098	0.086	0.096	0.096	0.101	0.164	0.084	0.084	0.063	0.078	0.098	0.081	0.086	0.091	0.094	0.069	0.056	0.095	0.086	0.109	N
BN190274	0.716	0.698	0.254	0.331	0.394	0.379	0.412	0.426	0.46	0.397	0.596	0.378	0.24	0.257	0.235	0.3	0.294	0.265	0.344	0.295	0.272	0.128	0.313	0.326	0.251	T
BN190278	0.712	0.682	0.768	0.751	0.75	0.751	0.764	0.751	0.722	0.602	0.772	0.587	0.723	0.72	0.725	0.735	0.749	0.728	0.733	0.721	0.733	0.267	0.714	0.726	0.719	T
BN190279	0.724	0.716	0.02	0.038	0.049	0.06	0.037	0.049	0.072	0.067	0.154	0.08	0.045	0.026	0.029	0.045	0.042	0.031	0.05	0.03	0.036	0.018	0.029	0.033	0.024	N
BN190280	0.701	0.704	0.019	0.099	0.131	0.176	0.179	0.144	0.426	0.436	0.495	0.317	0.077	0.096	0.087	0.227	0.334	0.09	0.229	0.087	0.058	0.176	0.049	0.086	0.016	T
BN190283	0.733	0.716	0.045	0.091	0.131	0.12	0.15	0.107	0.19	0.15	0.253	0.156	0.073	0.088	0.062	0.093	0.127	0.087	0.123	0.066	0.05	0	0.102	0.124	0.043	N
BN190284	0.721	0.679	0.405	0.413	0.424	0.447	0.458	0.431	0.436	0.347	0.541	0.346	0.362	0.338	0.367	0.4	0.41	0.371	0.412	0.387	0.386	0.111	0.39	0.404	0.376	T
BN190285	0.701	0.715	0.066	0.095	0.088	0.131	0.12	0.153	0.2	0.144	0.285	0.164	0.059	0.051	0.04	0.143	0.11	0.062	0.107	0.085	0.081	NA	0.068	0.103	0.062	N
BN190286	0.728	0.704	0.28	0.406	0.407	0.438	0.435	0.441	0.436	0.376	0.513	0.322	0.374	0.304	0.284	0.387	0.423	0.395	0.43	0.386	0.347	0.095	0.375	0.395	0.355	T
BN190287	0.74	0.685	0.066	0.199	0.122	0.144	0.116	0.199	0.186	0.162	0.227	0.13	0.123	0.144	0.072	0.083	0.172	0.061	0.161	0.083	0.036	NA	0.045	0.099	0.067	N
BN190288	0.752	0.694	0.117	0.241	0.228	0.29	0.274	0.251	0.341	0.277	0.411	0.286	0.123	0.147	0.121	0.209	0.289	0.176	0.19	0.112	0.08	0.067	0.068	0.13	0.088	T
BN190290	0.717	0.672	0.372	0.398	0.441	0.446	0.439	0.505	0.461	0.42	0.541	0.382	0.384	0.35	0.384	0.453	0.491	0.385	0.453	0.434	0.421	0.125	0.434	0.452	0.321	N
BN190292	0.707	0.711	0.155	0.336	0.297	0.345	0.369	0.381	0.375	0.251	0.442	0.259	0.204	0.284	0.197	0.249	0.31	0.258	0.326	0.337	0.309	0	0.322	0.313	0.141	T
BN190293	NA	NA	NA	NA	NA	NA	NA	NA	NA	NA	NA	NA	NA	NA	NA	NA	NA	NA	NA	NA	NA	NA	NA	NA	NA	N
BN190296	0.748	0.707	0.085	0.254	0.266	0.288	0.332	0.329	0.395	0.319	0.438	0.314	0.159	0.163	0.12	0.2	0.268	0.12	0.209	0.135	0.145	0	0.166	0.211	0.098	T
BN190298	0.706	0.685	0.201	0.226	0.23	0.245	0.23	0.234	0.246	0.185	0.294	0.178	0.192	0.198	0.191	0.224	0.224	0.208	0.211	0.189	0.193	0	0.203	0.239	0.188	N
BN190300	0.768	0.711	0.761	0.775	0.782	0.782	0.782	0.796	0.738	0.597	0.806	0.592	0.775	0.796	0.783	0.803	0.794	0.761	0.794	0.803	0.806	NA	0.784	0.803	0.775	T
BN190303	0.745	0.696	0.209	0.196	0.201	0.223	0.222	0.21	0.192	0.131	0.282	0.152	0.203	0.187	0.194	0.213	0.221	0.195	0.193	0.17	0.186	0.05	0.191	0.209	0.172	N
BN190305	0.737	0.707	0.076	0.125	0.161	0.183	0.152	0.163	0.178	0.163	0.279	0.144	0.091	0.089	0.088	0.092	0.139	0.121	0.116	0.126	0.108	0	0.111	0.135	0.092	T
BN190308	0.73	0.747	0.116	0.103	0.137	0.154	0.13	0.154	0.143	0.137	0.218	0.073	0.079	0.068	0.065	0.123	0.134	0.075	0.11	0.072	0.071	NA	0.083	0.106	0.085	N
BN190310	0.718	0.681	0.015	0.058	0.091	0.074	0.075	0.069	0.096	0.082	0.146	0.084	0.055	0.05	0.055	0.064	0.092	0.038	0.076	0.037	0.071	0	0.056	0.088	0.042	N
BN190312	0.719	0.727	0.745	0.747	0.743	0.756	0.741	0.749	0.685	0.596	0.765	0.596	0.72	0.727	0.737	0.733	0.741	0.726	0.742	0.72	0.735	0.3	0.718	0.739	0.721	T
BN190313	0.732	0.691	0.032	0.081	0.095	0.106	0.108	0.102	0.125	0.119	0.161	0.115	0.048	0.065	0.052	0.081	0.087	0.058	0.073	0.066	0.058	0	0.061	0.079	0.047	T
BN190314	0.692	0.672	0.049	0.079	0.087	0.097	0.075	0.071	0.107	0.099	0.149	0.085	0.039	0.078	0.06	0.111	0.122	0.066	0.136	0.068	0.049	0.05	0.061	0.066	0.051	N
BN190315	0.711	0.712	0.022	0.057	0.063	0.06	0.066	0.081	0.132	0.075	0.174	0.06	0.05	0.028	0.035	0.048	0.069	0.045	0.064	0.045	0.04	0	0.054	0.043	0.038	N
BN190319	0.701	0.719	0.045	0.098	0.116	0.126	0.147	0.138	0.181	0.154	0.232	0.159	0.08	0.061	0.06	0.095	0.126	0.065	0.087	0.084	0.076	0.012	0.079	0.114	0.056	T
BN190322	0.69	0.705	0.254	0.313	0.36	0.389	0.392	0.394	0.411	0.347	0.479	0.315	0.234	0.217	0.206	0.299	0.321	0.267	0.318	0.305	0.31	0.161	0.307	0.318	0.256	T
BN190323	0.7	0.696	0.03	0.096	0.123	0.139	0.128	0.152	0.208	0.171	0.254	0.176	0.086	0.06	0.048	0.1	0.13	0.073	0.092	0.068	0.06	0	0.078	0.092	0.046	T
position	27945351	27945364	27945381	27945414	27945419	27945423	27945425	27945430	27945438	27945444	27945452	27945454	27945465	27945469	27945476	27945481	27945488	27945514	27945524	27945532	27945534	27945535	27945543	27945552	27945555	
