14	0.45	0.397	0.184	0.237	0.175	0.236	0.143	0.168	0.276	0.214	0.214	0.258	0.268	0.204	0.233	0.234	0.22	0.243	0.161	0.106	0.123	0.166	0.16	0.256	0.367	0.339	0.3	0.334	T
15	0.434	0.395	0.236	0.264	0.212	0.281	0.166	0.174	0.235	0.171	0.212	0.221	0.234	0.193	0.186	0.188	0.206	0.201	0.177	0.096	0.084	0.123	0.198	0.241	0.374	0.318	0.312	0.339	N
17	0.444	0.427	0.088	0.094	0.069	0.09	0.061	0.06	0.1	0.087	0.09	0.073	0.084	0.058	0.068	0.073	0.069	0.077	0.054	0.043	0.051	0.061	0.104	0.123	0.164	0.155	0.121	0.126	N
172	0.458	0.411	0.08	0.089	0.066	0.08	0.05	0.057	0.091	0.069	0.085	0.078	0.082	0.066	0.076	0.087	0.074	0.08	0.065	0.046	0.041	0.042	0.066	0.081	0.112	0.127	0.106	0.101	T
177	0.424	0.428	0.349	0.352	0.309	0.376	0.249	0.267	0.241	0.291	0.331	0.234	0.349	0.291	0.296	0.3	0.316	0.293	0.27	0.165	0.171	0.13	0.271	0.339	0.438	0.301	0.347	0.378	T
18	0.486	0.423	0.466	0.529	0.495	0.524	0.38	0.466	0.512	0.471	0.524	0.534	0.546	0.486	0.457	0.493	0.529	0.498	0.44	0.304	0.266	0.322	0.471	0.558	0.644	0.577	0.567	0.591	T
19	0.421	0.394	0.529	0.544	0.512	0.535	0.455	0.499	0.538	0.51	0.547	0.533	0.532	0.512	0.506	0.496	0.531	0.516	0.492	0.443	0.426	0.438	0.499	0.545	0.608	0.581	0.475	0.554	N
22	0.449	0.403	0.056	0.06	0.053	0.072	0.038	0.042	0.073	0.04	0.051	0.069	0.054	0.054	0.056	0.068	0.067	0.075	0.044	0.026	0.043	0.051	0.067	0.096	0.142	0.124	0.093	0.09	N
25	0.625	0.417	0.292	0.292	0.25	0.25	0.167	0.208	0.208	0.167	0.167	0.292	0.292	0.208	0.208	0.261	0.25	0.125	0.25	0.125	0.042	0.167	0.208	0.25	0.417	0.333	0.25	0.375	N
27	0.456	0.445	0.412	0.439	0.361	0.443	0.2	0.26	0.394	0.26	0.36	0.393	0.404	0.326	0.358	0.367	0.364	0.351	0.352	0.192	0.152	0.185	0.358	0.339	0.541	0.496	0.465	0.499	T
31	0.412	0.43	0.696	0.696	0.681	0.713	0.633	0.675	0.71	0.705	0.715	0.709	0.702	0.687	0.681	0.663	0.675	0.504	0.677	0.603	0.595	0.665	0.671	0.727	0.789	0.753	0.751	0.745	T
32	0.456	0.407	0.078	0.072	0.074	0.067	0.057	0.061	0.103	0.071	0.09	0.067	0.093	0.077	0.075	0.071	0.082	0.087	0.075	0.052	0.046	0.043	0.076	0.094	0.123	0.105	0.113	0.102	N
34	0.45	0.477	0.081	0.089	0.07	0.083	0.057	0.06	0.106	0.071	0.08	0.078	0.091	0.073	0.064	0.071	0.073	0.071	0.047	0.042	0.05	0.047	0.085	0.124	0.161	0.166	0.102	0.12	N
36	0.428	0.423	0.057	0.087	0.057	0.089	0.052	0.047	0.083	0.059	0.062	0.078	0.093	0.062	0.074	0.075	0.083	0.072	0.058	0.036	0.033	0.053	0.073	0.116	0.148	0.144	0.107	0.121	N
39	0.438	0.413	0.389	0.416	0.386	0.425	0.342	0.39	0.42	0.395	0.408	0.426	0.408	0.41	0.401	0.42	0.416	0.402	0.392	0.343	0.253	0.23	0.327	0.336	0.472	0.456	0.441	0.456	T
50	0.43	0.416	0.047	0.066	0.038	0.052	0.019	0.03	0.052	0.042	0.049	0.046	0.054	0.047	0.037	0.038	0.038	0.039	0.041	0.024	0.043	0.026	0.056	0.104	0.127	0.142	0.124	0.126	N
55	0.439	0.417	0.512	0.594	0.538	0.577	0.482	0.51	0.573	0.463	0.575	0.564	0.572	0.514	0.502	0.582	0.567	0.575	0.524	0.38	0.345	0.352	0.521	0.587	0.66	0.647	0.639	0.646	T
56	NA	NA	NA	NA	NA	NA	NA	NA	NA	NA	NA	NA	NA	NA	NA	NA	NA	NA	NA	NA	NA	NA	NA	NA	NA	NA	NA	NA	N
63	0.434	0.422	0.098	0.116	0.093	0.114	0.064	0.08	0.109	0.086	0.112	0.108	0.124	0.087	0.094	0.089	0.098	0.079	0.087	0.053	0.062	0.067	0.11	0.142	0.191	0.166	0.143	0.162	T
67	NA	NA	NA	NA	NA	NA	NA	NA	NA	NA	NA	NA	NA	NA	NA	NA	NA	NA	NA	NA	NA	NA	NA	NA	NA	NA	NA	NA	T
81	0.431	0.42	0.241	0.274	0.206	0.271	0.137	0.167	0.227	0.189	0.219	0.226	0.266	0.201	0.198	0.212	0.244	0.189	0.179	0.118	0.13	0.129	0.233	0.277	0.386	0.354	0.295	0.332	T
88	0.456	0.44	0.049	0.052	0.039	0.051	0.023	0.033	0.061	0.031	0.049	0.061	0.056	0.042	0.037	0.042	0.044	0.047	0.038	0.027	0.026	0.04	0.045	0.072	0.111	0.093	0.059	0.078	N
89	NA	NA	NA	NA	NA	NA	NA	NA	NA	NA	NA	NA	NA	NA	NA	NA	NA	NA	NA	NA	NA	NA	NA	NA	NA	NA	NA	NA	T
93	NA	NA	NA	NA	NA	NA	NA	NA	NA	NA	NA	NA	NA	NA	NA	NA	NA	NA	NA	NA	NA	NA	NA	NA	NA	NA	NA	NA	T
94	0.267	0.6	0.133	0.133	0	0.133	0.2	0.133	0.2	0.133	0.133	0.2	0.133	0.133	0.133	0	0.133	0.133	0.2	0	0.133	0.267	0.2	0.2	0.2	0.133	0	0.2	N
BN190001	0.44	0.419	0.237	0.252	0.192	0.265	0.123	0.13	0.204	0.147	0.178	0.16	0.209	0.127	0.14	0.138	0.159	0.173	0.126	0.066	0.091	0.092	0.197	0.227	0.347	0.323	0.265	0.288	T
BN190002	0.42	0.399	0.097	0.109	0.079	0.111	0.061	0.059	0.113	0.077	0.098	0.102	0.105	0.075	0.084	0.087	0.092	0.079	0.082	0.05	0.035	0.041	0.107	0.097	0.154	0.137	0.112	0.155	N
BN190003	0.42	0.429	0.076	0.084	0.062	0.09	0.049	0.078	0.081	0.059	0.073	0.074	0.096	0.052	0.058	0.06	0.051	0.049	0.038	0.028	0.038	0.034	0.096	0.09	0.155	0.14	0.106	0.112	T
BN190005	0.409	0.412	0.064	0.084	0.05	0.09	0.036	0.047	0.095	0.059	0.056	0.09	0.075	0.053	0.033	0.05	0.062	0.066	0.041	0.027	0.041	0.03	0.061	0.12	0.134	0.113	0.106	0.106	N
BN190006	0.437	0.422	0.091	0.117	0.085	0.108	0.057	0.066	0.105	0.084	0.093	0.102	0.114	0.077	0.082	0.086	0.096	0.075	0.059	0.038	0.053	0.062	0.101	0.133	0.202	0.164	0.147	0.166	T
BN190007	0.409	0.416	0.056	0.064	0.046	0.077	0.033	0.041	0.073	0.049	0.049	0.053	0.062	0.038	0.039	0.045	0.048	0.048	0.041	0.024	0.031	0.03	0.064	0.075	0.122	0.098	0.081	0.083	N
BN190008	0.405	0.358	0.143	0.154	0.122	0.162	0.108	0.133	0.187	0.14	0.154	0.122	0.14	0.118	0.133	0.126	0.126	0.129	0.119	0.086	0.097	0.116	0.151	0.201	0.248	0.205	0.226	0.248	T
BN190010	0.427	0.423	0.129	0.145	0.109	0.133	0.099	0.113	0.145	0.12	0.143	0.142	0.138	0.119	0.123	0.122	0.122	0.11	0.104	0.065	0.061	0.081	0.116	0.142	0.216	0.191	0.168	0.186	N
BN190011	0.427	0.411	0.345	0.449	0.385	0.435	0.233	0.512	0.569	0.291	0.427	0.539	0.401	0.279	0.324	0.31	0.323	0.35	0.097	0.107	0.046	0.214	0.258	0.39	0.497	0.552	0.46	0.459	T
BN190012	0.363	0.495	0.087	0.068	0.029	0.058	0.01	0.01	0.039	0.029	0.01	0.049	0.049	0.049	0.019	0.019	0.058	0.049	0.039	0.01	0.049	0.049	0.049	0.087	0.136	0.107	0.097	0.068	N
BN190014	0.44	0.443	0.311	0.36	0.305	0.345	0.231	0.275	0.346	0.31	0.338	0.331	0.354	0.265	0.26	0.288	0.269	0.262	0.199	0.118	0.112	0.107	0.238	0.324	0.444	0.413	0.361	0.39	T
BN190015	0.479	0.371	0.135	0.153	0.105	0.138	0.098	0.113	0.172	0.142	0.123	0.126	0.154	0.108	0.12	0.126	0.123	0.129	0.123	0.083	0.062	0.077	0.141	0.18	0.252	0.202	0.16	0.19	N
BN190017	0.467	0.441	0.214	0.216	0.162	0.227	0.111	0.13	0.166	0.14	0.174	0.165	0.205	0.149	0.158	0.178	0.164	0.134	0.124	0.079	0.102	0.119	0.166	0.228	0.348	0.299	0.248	0.277	N
BN190018	0.428	0.432	0.188	0.209	0.18	0.206	0.144	0.183	0.206	0.202	0.217	0.189	0.22	0.182	0.164	0.184	0.2	0.197	0.18	0.076	0.176	0.2	0.213	0.244	0.254	0.258	0.234	0.258	T
BN190019	0.419	0.424	0.303	0.327	0.292	0.333	0.221	0.255	0.297	0.254	0.284	0.301	0.325	0.262	0.279	0.195	0.267	0.27	0.154	0.197	0.212	0.212	0.207	0.35	0.432	0.408	0.356	0.369	T
BN190023	0.416	0.438	0.124	0.135	0.124	0.124	0.045	0.056	0.09	0.057	0.067	0.079	0.146	0.079	0.067	0.091	0.068	0.112	0.09	0.045	0.022	0.101	0.101	0.09	0.225	0.202	0.157	0.213	N
BN190024	0.446	0.434	0.667	0.673	0.664	0.672	0.65	0.644	0.656	0.652	0.655	0.669	0.672	0.664	0.653	0.663	0.657	0.659	0.664	0.636	0.645	0.659	0.692	0.715	0.731	0.749	0.719	0.719	T
BN190026	0.432	0.441	0.199	0.222	0.211	0.201	0.192	0.199	0.22	0.209	0.204	0.211	0.219	0.2	0.206	0.208	0.213	0.204	0.205	0.178	0.191	0.181	0.187	0.258	0.26	0.243	0.242	0.244	N
BN190028	0.441	0.434	0.087	0.068	0.064	0.086	0.038	0.051	0.086	0.06	0.073	0.07	0.067	0.054	0.037	0.05	0.049	0.044	0.042	0.026	0.027	0.044	0.078	0.085	0.15	0.127	0.114	0.126	T
BN190029	0.373	0.441	0.075	0.087	0.081	0.13	0.056	0.056	0.106	0.087	0.112	0.112	0.112	0.093	0.062	0.087	0.05	0.093	0.075	0.031	0.062	0.025	0.05	0.062	0.093	0.144	0.087	0.13	N
BN190030	NA	NA	NA	NA	NA	NA	NA	NA	NA	NA	NA	NA	NA	NA	NA	NA	NA	NA	NA	NA	NA	NA	NA	NA	NA	NA	NA	NA	N
BN190031	NA	NA	NA	NA	NA	NA	NA	NA	NA	NA	NA	NA	NA	NA	NA	NA	NA	NA	NA	NA	NA	NA	NA	NA	NA	NA	NA	NA	T
BN190032	0.456	0.387	0.235	0.279	0.225	0.242	0.143	0.152	0.214	0.181	0.196	0.218	0.254	0.167	0.202	0.202	0.237	0.207	0.193	0.087	0.082	0.101	0.204	0.256	0.343	0.292	0.26	0.278	N
BN190033	0.35	0.475	0.062	0.2	0.15	0.175	0.051	0.1	0.212	0.15	0.125	0.1	0.15	0.062	0.087	0.113	0.138	0.125	0.062	0.025	0.025	0.05	0.113	0.2	0.263	0.188	0.113	0.188	T
BN190034	0.434	0.421	0.141	0.15	0.093	0.185	0.078	0.156	0.287	0.183	0.299	0.322	0.26	0.135	0.109	0.152	0.127	0.101	0.117	0.061	0.101	0.168	0.26	0.344	0.487	0.403	0.372	0.394	T
BN190036	0.341	0.505	0.088	0.132	0.099	0.143	0.088	0.066	0.121	0.088	0.121	0.11	0.11	0.055	0.066	0.099	0.143	0.055	0.077	0.088	0.011	0.077	0.121	0.176	0.286	0.209	0.231	0.22	T
BN190037	0.44	0.36	0.16	0.24	0.2	0.2	0.16	0.2	0.2	0.24	0.2	0.2	0.2	0.2	0.2	0.208	0.16	0.16	0.12	0.12	0.12	0	0.16	0.08	0.2	0.24	0.28	0.24	N
BN190038	NA	NA	NA	NA	NA	NA	NA	NA	NA	NA	NA	NA	NA	NA	NA	NA	NA	NA	NA	NA	NA	NA	NA	NA	NA	NA	NA	NA	N
BN190039	0.44	0.411	0.268	0.279	0.266	0.27	0.251	0.26	0.282	0.261	0.274	0.279	0.276	0.263	0.265	0.273	0.272	0.265	0.259	0.243	0.247	0.251	0.279	0.304	0.328	0.316	0.306	0.315	T
BN190040	0.417	0.438	0.135	0.159	0.127	0.146	0.123	0.123	0.151	0.132	0.132	0.155	0.15	0.124	0.131	0.138	0.148	0.151	0.135	0.109	0.101	0.119	0.143	0.167	0.223	0.177	0.167	0.176	N
BN190041	0.42	0.423	0.129	0.162	0.125	0.165	0.078	0.107	0.156	0.127	0.13	0.143	0.15	0.105	0.112	0.121	0.131	0.126	0.106	0.057	0.063	0.069	0.148	0.185	0.252	0.203	0.158	0.196	T
BN190042	0.427	0.439	0.079	0.084	0.074	0.085	0.046	0.064	0.079	0.059	0.063	0.075	0.074	0.058	0.055	0.068	0.073	0.058	0.063	0.04	0.041	0.052	0.078	0.106	0.159	0.125	0.126	0.131	N
BN190044	0.458	0.454	0.743	0.734	0.717	0.739	0.691	0.705	0.733	0.713	0.73	0.715	0.729	0.693	0.705	0.711	0.723	0.731	0.706	0.635	0.49	0.484	0.7	0.734	0.748	0.746	0.744	0.745	T
BN190046	0.5	0.425	0.325	0.375	0.425	0.45	0.325	0.425	0.375	0.35	0.385	0.375	0.45	0.375	0.4	0.4	0.45	0.4	0.35	0.1	0.125	0.1	0.375	0.45	0.475	0.425	0.45	0.4	T
BN190047	0.438	0.424	0.095	0.116	0.076	0.106	0.057	0.082	0.097	0.081	0.095	0.086	0.118	0.075	0.075	0.093	0.09	0.084	0.065	0.04	0.052	0.054	0.103	0.12	0.197	0.176	0.132	0.152	N
BN190048	0.426	0.374	0.303	0.316	0.293	0.348	0.08	0.251	0.256	0.228	0.285	0.251	0.271	0.229	0.197	0.199	0.253	0.265	0.246	0.193	0.205	0.226	0.322	0.366	0.447	0.393	0.349	0.377	T
BN190049	0.429	0.402	0.199	0.203	0.125	0.153	0.044	0.146	0.162	0.02	0.024	0.024	0.123	0.035	0.077	0.063	0.095	0.124	0.107	0.035	0.008	0.033	0.146	0.227	0.286	0.232	0.315	0.348	T
BN190050	0.443	0.438	0.146	0.173	0.135	0.169	0.091	0.101	0.14	0.101	0.129	0.113	0.16	0.105	0.11	0.137	0.137	0.129	0.109	0.061	0.075	0.075	0.112	0.15	0.203	0.172	0.185	0.19	N
BN190051	0.439	0.465	0.287	0.292	0.231	0.287	0.134	0.225	0.293	0.22	0.262	0.223	0.263	0.24	0.247	0.239	0.257	0.23	0.25	0.093	0.074	0.109	0.275	0.33	0.415	0.376	0.355	0.37	T
BN190052	0.446	0.431	0.209	0.199	0.162	0.215	0.1	0.18	0.215	0.167	0.203	0.202	0.21	0.178	0.17	0.164	0.178	0.136	0.163	0.057	0.088	0.089	0.191	0.239	0.313	0.271	0.259	0.281	N
BN190054	0.42	0.437	0.018	0.018	0.016	0.009	0.015	0.019	0.025	0.03	0.021	0.024	0.024	0.018	0.015	0.021	0.024	0.012	0.009	0.019	0.024	0.016	0.027	0.038	0.078	0.035	0.028	0.03	T
BN190055	NA	NA	NA	NA	NA	NA	NA	NA	NA	NA	NA	NA	NA	NA	NA	NA	NA	NA	NA	NA	NA	NA	NA	NA	NA	NA	NA	NA	T
BN190056	0.467	0.44	0.111	0.116	0.097	0.109	0.073	0.077	0.123	0.069	0.085	0.101	0.094	0.081	0.074	0.085	0.077	0.085	0.088	0.03	0.05	0.06	0.083	0.118	0.167	0.136	0.115	0.122	N
BN190057	0.437	0.398	0.093	0.114	0.084	0.109	0.054	0.07	0.104	0.069	0.094	0.097	0.111	0.08	0.067	0.081	0.084	0.08	0.058	0.037	0.049	0.066	0.077	0.1	0.147	0.139	0.118	0.131	T
BN190059	0.406	0.406	0.047	0.047	0.031	0.062	0.016	0.016	0.047	0.047	0.047	0.031	0.078	0.031	0.047	0.062	0.031	0.125	0.047	0.031	0.016	0.047	0.109	0.143	0.188	0.109	0.047	0.079	N
BN190062	0.435	0.435	0.036	0.036	0.036	0.047	0.023	0.021	0.051	0.032	0.048	0.05	0.048	0.03	0.038	0.038	0.056	0.036	0.026	0.017	0.014	0.02	0.06	0.078	0.095	0.084	0.047	0.069	N
BN190068	0.448	0.42	0.064	0.074	0.048	0.059	0.039	0.058	0.089	0.055	0.059	0.066	0.068	0.047	0.055	0.063	0.065	0.054	0.043	0.028	0.025	0.048	0.063	0.088	0.112	0.094	0.074	0.092	N
BN190071	0.454	0.429	0.166	0.17	0.146	0.171	0.08	0.116	0.186	0.124	0.151	0.138	0.182	0.163	0.114	0.159	0.148	0.144	0.121	0.055	0.057	0.045	0.105	0.168	0.246	0.232	0.187	0.208	N
BN190072	0.273	0.455	0.318	0.227	0.136	0.227	0.136	0.227	0.182	0.227	0.364	0.273	0.182	0.182	0.136	0.182	0.143	0.182	0.091	0.136	0.182	0.045	0.136	0.19	0.182	0.182	0.182	0.227	N
BN190073	NA	NA	NA	NA	NA	NA	NA	NA	NA	NA	NA	NA	NA	NA	NA	NA	NA	NA	NA	NA	NA	NA	NA	NA	NA	NA	NA	NA	T
BN190075	0.449	0.405	0.047	0.06	0.041	0.056	0.029	0.027	0.051	0.037	0.036	0.051	0.045	0.037	0.045	0.042	0.045	0.041	0.035	0.024	0.017	0.029	0.041	0.08	0.118	0.094	0.072	0.086	N
BN190077	0.431	0.421	0.586	0.6	0.576	0.587	0.546	0.566	0.583	0.571	0.589	0.582	0.585	0.565	0.575	0.585	0.565	0.569	0.569	0.539	0.526	0.476	0.547	0.598	0.652	0.635	0.626	0.645	T
BN190080	0.471	0.377	0.055	0.058	0.082	0.069	0.053	0.056	0.069	0.077	0.066	0.079	0.077	0.061	0.058	0.061	0.058	0.037	0.053	0.053	0.05	0.04	0.066	0.1	0.127	0.106	0.082	0.095	N
BN190083	0.437	0.446	0.193	0.225	0.19	0.235	0.1	0.131	0.186	0.144	0.165	0.181	0.209	0.146	0.143	0.173	0.17	0.156	0.132	0.069	0.084	0.086	0.173	0.216	0.346	0.322	0.27	0.293	T
BN190085	0.435	0.42	0.084	0.096	0.078	0.079	0.045	0.054	0.088	0.055	0.063	0.079	0.104	0.066	0.069	0.068	0.073	0.062	0.066	0.038	0.038	0.05	0.092	0.117	0.169	0.159	0.117	0.149	N
BN190087	0.457	0.417	0.276	0.288	0.249	0.296	0.218	0.224	0.257	0.245	0.265	0.263	0.286	0.254	0.252	0.258	0.256	0.239	0.224	0.174	0.188	0.193	0.272	0.303	0.374	0.348	0.313	0.328	T
BN190089	0.455	0.449	0.555	0.546	0.556	0.574	0.504	0.524	0.559	0.562	0.561	0.571	0.569	0.559	0.551	0.552	0.554	0.552	0.546	0.495	0.424	0.393	0.535	0.55	0.647	0.613	0.616	0.586	N
BN190090	0.438	0.423	0.284	0.294	0.287	0.29	0.1	0.228	0.299	0.294	0.304	0.297	0.286	0.281	0.253	0.285	0.269	0.232	0.239	0.092	0.086	0.284	0.312	0.32	0.345	0.335	0.321	0.33	T
BN190092	0.414	0.394	0.15	0.168	0.15	0.205	0.042	0.079	0.165	0.156	0.145	0.152	0.149	0.128	0.061	0.154	0.136	0.131	0.11	0.019	0.051	0.163	0.182	0.176	0.192	0.193	0.166	0.18	N
BN190094	0.442	0.404	0.04	0.042	0.035	0.04	0.022	0.027	0.059	0.032	0.039	0.038	0.047	0.028	0.034	0.033	0.036	0.028	0.032	0.017	0.028	0.03	0.048	0.071	0.088	0.063	0.052	0.066	T
BN190096	0.46	0.424	0.047	0.06	0.03	0.041	0.032	0.02	0.056	0.027	0.045	0.043	0.047	0.029	0.028	0.033	0.033	0.03	0.026	0.021	0.025	0.039	0.053	0.088	0.11	0.081	0.058	0.081	N
BN190098	0.418	0.443	0.16	0.181	0.156	0.172	0.093	0.108	0.146	0.118	0.144	0.15	0.191	0.147	0.124	0.151	0.156	0.134	0.125	0.072	0.085	0.101	0.148	0.18	0.255	0.252	0.201	0.216	N
BN190099	0.407	0.428	0.192	0.229	0.176	0.206	0.132	0.145	0.2	0.163	0.175	0.2	0.183	0.17	0.171	0.172	0.193	0.178	0.153	0.098	0.089	0.09	0.179	0.235	0.319	0.305	0.246	0.264	T
BN190101	0.467	0.425	0.121	0.117	0.101	0.116	0.075	0.093	0.13	0.088	0.104	0.134	0.118	0.092	0.104	0.114	0.119	0.106	0.113	0.078	0.081	0.075	0.115	0.132	0.176	0.163	0.139	0.161	N
BN190106	0.2	0.467	0.067	0	0.067	0.067	0	0.067	0.067	0.067	0.067	0.067	0.067	0.067	0.067	0.067	0.067	0.067	0.067	0.067	0.067	0	0.067	0.067	0.2	0.133	0.067	0.2	T
BN190109	0.438	0.416	0.036	0.031	0.025	0.029	0.017	0.026	0.038	0.023	0.025	0.035	0.031	0.018	0.017	0.029	0.021	0.016	0.019	0.023	0.012	0.027	0.036	0.056	0.08	0.054	0.044	0.059	N
BN190111	0.438	0.425	0.039	0.033	0.027	0.055	0.019	0.027	0.047	0.03	0.04	0.045	0.046	0.037	0.025	0.042	0.046	0.047	0.032	0.021	0.02	0.017	0.057	0.07	0.102	0.099	0.047	0.073	T
BN190114	0.44	0.416	0.224	0.195	0.138	0.211	0.104	0.195	0.238	0.199	0.243	0.238	0.265	0.18	0.157	0.227	0.212	0.211	0.17	0.033	0.096	0.117	0.225	0.275	0.403	0.284	0.22	0.296	T
BN190117	0.432	0.403	0.3	0.296	0.245	0.292	0.205	0.248	0.296	0.232	0.308	0.3	0.306	0.207	0.241	0.256	0.255	0.215	0.213	0.079	0.078	0.214	0.271	0.332	0.419	0.328	0.353	0.374	N
BN190119	0.469	0.431	0.805	0.89	0.747	0.888	0.518	0.764	0.914	0.887	0.915	0.902	0.871	0.794	0.883	0.885	0.875	0.882	0.801	0.525	0.388	0.564	0.671	0.778	0.945	0.915	0.934	0.928	T
BN190120	0.447	0.416	0.292	0.319	0.256	0.329	0.186	0.21	0.27	0.238	0.257	0.28	0.303	0.238	0.244	0.257	0.271	0.242	0.223	0.146	0.139	0.171	0.264	0.315	0.419	0.393	0.352	0.356	N
BN190121	0.381	0.352	0.171	0.19	0.162	0.19	0.076	0.143	0.152	0.124	0.2	0.171	0.238	0.2	0.133	0.171	0.21	0.181	0.162	0.087	0.086	0.076	0.181	0.221	0.419	0.381	0.305	0.4	T
BN190122	0.438	0.421	0.099	0.114	0.105	0.107	0.056	0.083	0.115	0.068	0.077	0.093	0.104	0.081	0.091	0.089	0.075	0.083	0.067	0.042	0.04	0.037	0.094	0.109	0.156	0.125	0.106	0.123	N
BN190125	0.431	0.416	0.05	0.06	0.039	0.059	0.026	0.034	0.07	0.032	0.042	0.044	0.058	0.036	0.046	0.058	0.05	0.045	0.04	0.02	0.024	0.041	0.061	0.086	0.097	0.098	0.071	0.088	T
BN190128	0.382	0.43	0.039	0.051	0.036	0.064	0.042	0.022	0.064	0.031	0.053	0.054	0.053	0.062	0.045	0.056	0.05	0.037	0.034	0.025	0.048	0.045	0.051	0.093	0.106	0.124	0.112	0.082	N
BN190131	0.429	0.333	0	0.095	0	0.095	0	0	0.048	0	0.048	0.095	0.143	0.048	0.095	0.1	0.048	0.048	0.048	0	0	0	0.048	0.286	0.143	0.19	0.048	0.143	T
BN190133	0.364	0.455	0.091	0.091	0.091	0.364	0.091	0.091	0.091	0.091	0.091	0.091	0.091	0.182	0.091	0.182	0.182	0.091	0.091	0.091	0	0.273	0.364	0.636	0.273	0.091	0.273	0.364	N
BN190135	0.453	0.416	0.416	0.44	0.393	0.445	0.33	0.347	0.393	0.352	0.387	0.417	0.413	0.377	0.371	0.384	0.391	0.379	0.384	0.263	0.294	0.286	0.379	0.407	0.514	0.484	0.439	0.467	T
BN190137	0.408	0.41	0.114	0.127	0.1	0.135	0.099	0.091	0.107	0.106	0.113	0.125	0.097	0.096	0.106	0.107	0.107	0.104	0.098	0.084	0.084	0.109	0.11	0.157	0.179	0.168	0.143	0.156	N
BN190141	0.423	0.422	0.232	0.266	0.224	0.255	0.172	0.202	0.237	0.208	0.238	0.237	0.255	0.212	0.216	0.215	0.232	0.223	0.211	0.147	0.159	0.15	0.233	0.284	0.369	0.324	0.289	0.317	T
BN190142	0.421	0.416	0.487	0.496	0.475	0.499	0.428	0.473	0.488	0.474	0.498	0.479	0.487	0.484	0.48	0.486	0.487	0.482	0.45	0.441	0.445	0.425	0.501	0.534	0.572	0.573	0.548	0.554	N
BN190147	0.436	0.431	0.22	0.284	0.237	0.264	0.114	0.19	0.249	0.193	0.244	0.254	0.196	0.151	0.222	0.236	0.189	0.169	0.155	0.057	0.058	0.081	0.196	0.232	0.361	0.322	0.294	0.314	T
BN190149	0.453	0.405	0.124	0.202	0.16	0.164	0.095	0.147	0.222	0.164	0.204	0.192	0.157	0.092	0.173	0.151	0.121	0.128	0.092	0.042	0.037	0.071	0.135	0.193	0.275	0.264	0.251	0.251	N
BN190150	0.431	0.439	0.242	0.272	0.228	0.273	0.148	0.175	0.237	0.199	0.211	0.229	0.235	0.211	0.195	0.231	0.252	0.199	0.182	0.104	0.11	0.138	0.211	0.297	0.393	0.346	0.322	0.337	T
BN190151	0.442	0.438	0.293	0.339	0.287	0.333	0.213	0.24	0.289	0.251	0.273	0.291	0.328	0.274	0.275	0.29	0.314	0.26	0.246	0.148	0.138	0.168	0.257	0.332	0.442	0.406	0.357	0.391	T
BN190155	0.46	0.421	0.144	0.174	0.122	0.16	0.091	0.116	0.152	0.141	0.144	0.145	0.147	0.125	0.126	0.142	0.144	0.121	0.11	0.066	0.065	0.076	0.116	0.16	0.243	0.212	0.185	0.218	N
BN190158	0.437	0.428	0.145	0.18	0.151	0.229	0.087	0.1	0.263	0.119	0.23	0.148	0.171	0.144	0.188	0.12	0.141	0.225	0.157	0.054	0.081	0.065	0.259	0.308	0.366	0.342	0.29	0.314	T
BN190159	NA	NA	NA	NA	NA	NA	NA	NA	NA	NA	NA	NA	NA	NA	NA	NA	NA	NA	NA	NA	NA	NA	NA	NA	NA	NA	NA	NA	N
BN190162	NA	NA	NA	NA	NA	NA	NA	NA	NA	NA	NA	NA	NA	NA	NA	NA	NA	NA	NA	NA	NA	NA	NA	NA	NA	NA	NA	NA	T
BN190163	0.444	0.667	0.444	0.556	0.5	0.5	0.5	0.444	0.556	0.444	0.389	0.5	0.444	0.5	0.389	0.389	0.389	0.389	0.5	0.167	0.167	0.278	0.389	0.5	0.611	0.556	0.389	0.278	N
BN190164	0.457	0.453	0.67	0.72	0.674	0.704	0.564	0.652	0.725	0.707	0.726	0.694	0.687	0.671	0.7	0.719	0.679	0.696	0.664	0.525	0.363	0.329	0.562	0.652	0.759	0.75	0.75	0.75	T
BN190166	0.456	0.442	0.509	0.538	0.496	0.523	0.419	0.49	0.535	0.487	0.53	0.516	0.518	0.5	0.495	0.517	0.515	0.521	0.511	0.405	0.371	0.218	0.401	0.533	0.602	0.552	0.575	0.585	N
BN190168	0.457	0.432	0.132	0.14	0.108	0.148	0.053	0.076	0.148	0.085	0.114	0.133	0.139	0.105	0.089	0.107	0.103	0.087	0.081	0.034	0.037	0.046	0.09	0.127	0.202	0.2	0.141	0.162	T
BN190170	0.436	0.423	0.147	0.157	0.115	0.166	0.082	0.118	0.137	0.113	0.131	0.146	0.148	0.122	0.113	0.135	0.136	0.119	0.109	0.044	0.05	0.064	0.101	0.142	0.221	0.192	0.156	0.177	T
BN190171	0.435	0.424	0.047	0.045	0.032	0.035	0.022	0.034	0.062	0.027	0.033	0.046	0.041	0.035	0.048	0.047	0.041	0.039	0.018	0.033	0.026	0.036	0.039	0.068	0.098	0.069	0.053	0.07	N
BN190172	0.444	0.407	0.038	0.041	0.025	0.036	0.014	0.012	0.046	0.03	0.035	0.027	0.03	0.036	0.027	0.032	0.031	0.024	0.025	0.016	0.022	0.05	0.198	0.32	0.184	0.132	0.187	0.094	T
BN190175	0.471	0.588	0	0	0	0	0.059	0	0.118	0	0	0	0	0	0	0	0	0	0	0.059	0	0.059	0.059	0	0.118	0.059	0.059	0	N
BN190179	0.412	0.473	0.385	0.419	0.385	0.365	0.203	0.374	0.452	0.385	0.446	0.405	0.459	0.372	0.446	0.426	0.446	0.451	0.405	0.182	0.162	0.095	0.392	0.453	0.608	0.601	0.574	0.595	T
BN190180	0.427	0.429	0.073	0.1	0.093	0.089	0.06	0.081	0.111	0.088	0.091	0.099	0.093	0.083	0.079	0.079	0.079	0.084	0.062	0.07	0.057	0.047	0.079	0.101	0.124	0.116	0.112	0.113	N
BN190181	0.446	0.394	0.061	0.064	0.042	0.066	0.031	0.029	0.062	0.034	0.058	0.056	0.061	0.039	0.031	0.032	0.033	0.03	0.034	0.021	0.025	0.028	0.035	0.076	0.123	0.117	0.061	0.058	T
BN190184	0.435	0.404	0.067	0.091	0.071	0.09	0.042	0.043	0.08	0.067	0.069	0.087	0.083	0.057	0.062	0.057	0.065	0.049	0.044	0.023	0.026	0.044	0.076	0.11	0.155	0.139	0.099	0.113	N
BN190186	0.453	0.418	0.299	0.323	0.266	0.316	0.183	0.22	0.272	0.23	0.269	0.285	0.298	0.256	0.247	0.28	0.283	0.253	0.232	0.127	0.15	0.134	0.267	0.313	0.417	0.371	0.34	0.352	T
BN190189	0.364	0.545	0.045	0.045	0.045	0.045	0.023	0.023	0.045	0	0.045	0.091	0.114	0	0.023	0.114	0.023	0.068	0.023	0.023	0.045	0.023	0.136	0.091	0.159	0.091	0.045	0.159	N
BN190191	0.44	0.434	0.587	0.617	0.588	0.587	0.501	0.554	0.606	0.597	0.614	0.603	0.603	0.582	0.582	0.604	0.599	0.592	0.551	0.403	0.286	0.457	0.504	0.544	0.662	0.632	0.63	0.639	T
BN190192	0.467	0.267	0.533	0.6	0.533	0.6	0.6	0.6	0.6	0.6	0.6	0.667	0.667	0.6	0.533	0.667	0.667	0.733	0.6	0.533	0.533	0.6	0.533	0.6	0.6	0.467	0.667	0.667	N
BN190193	0.43	0.416	0.032	0.025	0.025	0.034	0.018	0.031	0.045	0.023	0.028	0.029	0.03	0.021	0.019	0.026	0.021	0.02	0.016	0.011	0.015	0.022	0.042	0.074	0.077	0.064	0.05	0.062	T
BN190195	0.426	0.418	0.018	0.024	0.016	0.024	0.012	0.012	0.046	0.022	0.025	0.022	0.031	0.007	0.018	0.021	0.016	0.017	0.025	0.008	0.019	0.025	0.031	0.031	0.066	0.048	0.028	0.046	N
BN190198	0.434	0.425	0.322	0.222	0.174	0.319	0.142	0.237	0.341	0.219	0.286	0.298	0.333	0.311	0.288	0.306	0.322	0.279	0.231	0.115	0.162	0.088	0.262	0.238	0.4	0.334	0.358	0.359	T
BN190199	NA	NA	NA	NA	NA	NA	NA	NA	NA	NA	NA	NA	NA	NA	NA	NA	NA	NA	NA	NA	NA	NA	NA	NA	NA	NA	NA	NA	N
BN190200	0.43	0.421	0.062	0.074	0.05	0.08	0.037	0.034	0.067	0.04	0.052	0.061	0.065	0.051	0.041	0.049	0.043	0.066	0.041	0.019	0.023	0.032	0.053	0.075	0.129	0.12	0.095	0.094	T
BN190201	0.448	0.435	0.077	0.103	0.065	0.099	0.034	0.057	0.075	0.064	0.081	0.081	0.077	0.056	0.062	0.07	0.074	0.059	0.073	0.04	0.049	0.048	0.064	0.096	0.148	0.138	0.096	0.12	N
BN190202	0.428	0.433	0.276	0.284	0.3	0.301	0.158	0.242	0.362	0.299	0.355	0.355	0.373	0.213	0.305	0.372	0.341	0.358	0.243	0.099	0.087	0.159	0.313	0.389	0.617	0.499	0.42	0.411	T
BN190203	0.481	0.38	0.354	0.392	0.253	0.38	0.152	0.215	0.218	0.241	0.291	0.278	0.241	0.177	0.203	0.228	0.278	0.203	0.215	0.114	0.101	0.077	0.215	0.266	0.43	0.354	0.253	0.304	T
BN190206	0.44	0.427	0.055	0.045	0.041	0.066	0.023	0.023	0.058	0.028	0.048	0.04	0.074	0.049	0.042	0.048	0.065	0.028	0.027	0.025	0.032	0.025	0.069	0.091	0.12	0.103	0.094	0.113	N
BN190209	0.422	0.406	0.059	0.066	0.028	0.038	0.019	0.026	0.066	0.028	0.056	0.049	0.056	0.033	0.035	0.035	0.047	0.05	0.033	0.023	0.033	0.026	0.082	0.092	0.132	0.115	0.099	0.11	N
BN190210	0.438	0.418	0.442	0.456	0.44	0.454	0.426	0.441	0.459	0.438	0.462	0.46	0.462	0.431	0.457	0.463	0.459	0.46	0.449	0.265	0.255	0.284	0.451	0.474	0.501	0.494	0.483	0.488	T
BN190211	0.436	0.42	0.7	0.732	0.663	0.663	0.567	0.525	0.608	0.528	0.659	0.558	0.697	0.531	0.56	0.679	0.694	0.698	0.61	0.423	0.248	0.609	0.557	0.592	0.783	0.629	0.739	0.751	T
BN190213	0.442	0.432	0.038	0.05	0.026	0.034	0.034	0.039	0.057	0.04	0.046	0.04	0.045	0.029	0.038	0.053	0.04	0.046	0.038	0.028	0.022	0.037	0.045	0.055	0.074	0.08	0.053	0.066	N
BN190215	0.45	0.433	0.106	0.116	0.098	0.127	0.062	0.068	0.128	0.099	0.116	0.104	0.118	0.09	0.074	0.1	0.087	0.101	0.092	0.047	0.04	0.054	0.121	0.157	0.208	0.184	0.133	0.156	T
BN190218	0.418	0.381	0.121	0.133	0.103	0.131	0.073	0.097	0.131	0.08	0.094	0.112	0.139	0.092	0.092	0.104	0.115	0.108	0.088	0.046	0.063	0.062	0.128	0.167	0.238	0.2	0.171	0.188	N
BN190219	0.261	0.348	0.261	0.217	0.217	0.13	0	0.043	0.13	0.043	0.087	0.043	0.043	0.087	0.13	0.043	0.13	0.13	0.13	0	0.13	0.043	0.174	0.545	0.522	0.304	0.13	0.13	T
BN190221	0.454	0.44	0.082	0.1	0.074	0.093	0.033	0.049	0.084	0.064	0.079	0.078	0.091	0.059	0.059	0.058	0.075	0.059	0.042	0.026	0.031	0.033	0.075	0.105	0.176	0.14	0.119	0.124	N
BN190223	0.447	0.409	0.328	0.366	0.318	0.362	0.265	0.305	0.358	0.312	0.327	0.323	0.338	0.304	0.312	0.323	0.333	0.313	0.305	0.208	0.197	0.212	0.297	0.353	0.451	0.427	0.388	0.411	T
BN190225	0.404	0.404	0.021	0.043	0.021	0.021	0.021	0.043	0.106	0.021	0.043	0.064	0.043	0.021	0.043	0.021	0.043	0.064	0.043	0.043	0.021	0	0.064	0.064	0.043	0.043	0.085	0.128	N
BN190227	0.434	0.414	0.12	0.141	0.112	0.134	0.069	0.082	0.119	0.093	0.109	0.11	0.127	0.096	0.102	0.106	0.106	0.093	0.092	0.051	0.051	0.05	0.125	0.158	0.215	0.184	0.15	0.162	T
BN190229	0.445	0.432	0.098	0.115	0.082	0.101	0.058	0.072	0.097	0.077	0.08	0.089	0.107	0.079	0.094	0.086	0.087	0.083	0.076	0.04	0.047	0.057	0.094	0.114	0.182	0.155	0.118	0.134	N
BN190231	0.445	0.408	0.113	0.146	0.11	0.142	0.06	0.082	0.111	0.096	0.109	0.117	0.118	0.088	0.104	0.108	0.112	0.09	0.068	0.043	0.06	0.06	0.112	0.157	0.215	0.203	0.15	0.168	T
BN190233	0.459	0.439	0.045	0.056	0.049	0.036	0.026	0.036	0.048	0.042	0.036	0.048	0.054	0.044	0.04	0.036	0.043	0.03	0.038	0.022	0.031	0.015	0.045	0.061	0.12	0.098	0.085	0.086	N
BN190235	0.303	0.394	0.182	0.227	0.182	0.288	0.167	0.152	0.242	0.273	0.197	0.227	0.273	0.182	0.106	0.121	0.182	0.121	0.167	0.091	0.045	0.076	0.167	0.246	0.333	0.303	0.258	0.273	T
BN190238	0.445	0.42	0.117	0.125	0.107	0.11	0.078	0.079	0.104	0.079	0.106	0.116	0.133	0.101	0.104	0.125	0.115	0.095	0.101	0.048	0.042	0.056	0.104	0.119	0.154	0.15	0.127	0.15	N
BN190240	0.452	0.414	0.264	0.299	0.239	0.293	0.16	0.188	0.236	0.194	0.238	0.25	0.257	0.205	0.22	0.234	0.253	0.234	0.203	0.108	0.103	0.115	0.224	0.278	0.397	0.357	0.306	0.333	T
BN190241	0.434	0.415	0.125	0.14	0.117	0.14	0.075	0.096	0.143	0.101	0.156	0.111	0.182	0.11	0.14	0.11	0.11	0.119	0.113	0.045	0.053	0.084	0.151	0.144	0.232	0.233	0.179	0.198	N
BN190242	0.437	0.436	0.048	0.064	0.047	0.062	0.03	0.039	0.066	0.039	0.045	0.046	0.058	0.036	0.041	0.04	0.043	0.04	0.039	0.024	0.031	0.028	0.057	0.077	0.109	0.082	0.07	0.073	T
BN190244	0.442	0.426	0.252	0.302	0.248	0.294	0.163	0.213	0.268	0.224	0.251	0.258	0.286	0.216	0.225	0.23	0.251	0.233	0.222	0.141	0.114	0.169	0.253	0.316	0.414	0.371	0.332	0.348	T
BN190245	0.437	0.429	0.146	0.16	0.142	0.156	0.12	0.129	0.165	0.154	0.159	0.15	0.156	0.15	0.144	0.155	0.157	0.146	0.143	0.12	0.094	0.114	0.136	0.181	0.204	0.193	0.171	0.194	N
BN190247	0.453	0.414	0.04	0.047	0.031	0.041	0.021	0.03	0.045	0.028	0.036	0.06	0.055	0.031	0.032	0.053	0.058	0.037	0.041	0.019	0.016	0.024	0.045	0.055	0.097	0.091	0.065	0.094	T
BN190248	0.449	0.44	0.733	0.739	0.722	0.744	0.711	0.706	0.721	0.72	0.729	0.722	0.732	0.705	0.699	0.727	0.731	0.712	0.695	0.646	0.651	0.689	0.694	0.743	0.766	0.763	0.752	0.755	T
BN190249	0.454	0.426	0.284	0.303	0.275	0.303	0.248	0.26	0.27	0.181	0.288	0.232	0.294	0.27	0.271	0.278	0.27	0.269	0.257	0.114	0.212	0.118	0.267	0.352	0.398	0.362	0.332	0.344	T
BN190251	0.429	0.403	0.169	0.212	0.161	0.205	0.098	0.125	0.168	0.126	0.145	0.177	0.17	0.124	0.122	0.134	0.148	0.145	0.119	0.062	0.072	0.081	0.154	0.183	0.282	0.26	0.208	0.232	T
BN190252	0.441	0.425	0.385	0.408	0.356	0.326	0.081	0.378	0.411	0.274	0.344	0.27	0.264	0.24	0.236	0.25	0.252	0.234	0.233	0.197	0.044	0.057	0.373	0.443	0.516	0.477	0.47	0.455	T
BN190255	0.434	0.418	0.062	0.071	0.056	0.064	0.026	0.034	0.084	0.043	0.051	0.063	0.074	0.04	0.049	0.053	0.058	0.043	0.048	0.025	0.031	0.041	0.084	0.12	0.163	0.145	0.11	0.117	N
BN190256	0.1	0.3	0.5	0.3	0.3	0.3	0.2	0.1	0.4	0.2	0.2	0.4	0.1	0.2	0	0.2	0.2	0.4	0.1	0	0	0	0.5	0.5	0.7	0.6	0.7	0.6	T
BN190257	0.448	0.424	0.085	0.084	0.07	0.091	0.037	0.041	0.092	0.057	0.07	0.069	0.075	0.051	0.06	0.061	0.066	0.057	0.052	0.025	0.026	0.038	0.084	0.106	0.161	0.13	0.125	0.133	N
BN190258	0.447	0.431	0.399	0.452	0.347	0.445	0.279	0.314	0.435	0.394	0.443	0.421	0.438	0.367	0.406	0.426	0.395	0.424	0.341	0.172	0.134	0.169	0.289	0.356	0.511	0.486	0.439	0.448	T
BN190260	0.439	0.433	0.161	0.168	0.125	0.185	0.089	0.113	0.159	0.117	0.142	0.144	0.159	0.122	0.136	0.131	0.134	0.129	0.115	0.056	0.065	0.072	0.14	0.179	0.252	0.224	0.184	0.191	N
BN190262	0.438	0.426	0.028	0.027	0.025	0.024	0.025	0.02	0.052	0.021	0.031	0.025	0.034	0.022	0.022	0.038	0.019	0.034	0.027	0.012	0.018	0.016	0.03	0.041	0.056	0.054	0.036	0.045	N
BN190264	0.456	0.426	0.157	0.166	0.142	0.176	0.091	0.096	0.142	0.108	0.12	0.119	0.174	0.106	0.129	0.128	0.136	0.097	0.097	0.051	0.065	0.081	0.143	0.187	0.265	0.25	0.194	0.252	N
BN190265	0.442	0.415	0.06	0.075	0.038	0.053	0.028	0.043	0.077	0.044	0.056	0.069	0.096	0.043	0.064	0.121	0.105	0.08	0.047	0.033	0.226	0.054	0.3	0.328	0.364	0.357	0.325	0.341	T
BN190266	0.37	0.435	0.087	0.065	0.065	0.065	0.065	0.043	0.065	0.089	0.065	0.043	0.065	0.022	0.13	0.087	0.022	0	0.065	0.109	0.043	0.043	0.13	0.089	0.13	0.13	0.087	0.109	N
BN190267	0.426	0.44	0.223	0.243	0.186	0.233	0.133	0.201	0.25	0.21	0.239	0.227	0.256	0.208	0.232	0.256	0.236	0.23	0.195	0.1	0.072	0.085	0.222	0.307	0.391	0.329	0.318	0.328	T
BN190269	0.438	0.391	0.104	0.105	0.084	0.115	0.066	0.074	0.108	0.075	0.085	0.095	0.083	0.078	0.087	0.089	0.101	0.074	0.083	0.053	0.061	0.056	0.104	0.109	0.167	0.144	0.144	0.13	N
BN190270	0.437	0.42	0.058	0.077	0.059	0.066	0.031	0.037	0.074	0.05	0.064	0.057	0.065	0.048	0.047	0.04	0.049	0.047	0.043	0.02	0.021	0.037	0.063	0.084	0.129	0.098	0.073	0.096	T
BN190271	0.482	0.441	0.115	0.131	0.116	0.119	0.111	0.121	0.143	0.125	0.134	0.145	0.147	0.124	0.129	0.123	0.141	0.122	0.132	0.097	0.105	0.119	0.146	0.166	0.178	0.193	0.165	0.16	N
BN190274	0.451	0.413	0.422	0.431	0.42	0.45	0.311	0.341	0.385	0.334	0.375	0.339	0.338	0.29	0.277	0.372	0.344	0.309	0.272	0.163	0.231	0.299	0.36	0.437	0.562	0.477	0.447	0.477	T
BN190278	0.424	0.414	0.599	0.612	0.593	0.608	0.487	0.601	0.621	0.622	0.622	0.621	0.613	0.598	0.605	0.606	0.61	0.614	0.588	0.558	0.489	0.504	0.578	0.608	0.66	0.652	0.648	0.665	T
BN190279	0.426	0.408	0.088	0.104	0.081	0.107	0.059	0.084	0.124	0.09	0.108	0.099	0.11	0.09	0.087	0.105	0.101	0.074	0.077	0.039	0.037	0.051	0.07	0.126	0.171	0.15	0.114	0.13	N
BN190280	0.43	0.409	0.627	0.627	0.612	0.615	0.44	0.597	0.618	0.59	0.612	0.6	0.6	0.51	0.609	0.615	0.612	0.496	0.468	0.315	0.311	0.151	0.364	0.506	0.67	0.522	0.621	0.635	T
BN190283	0.459	0.408	0.116	0.147	0.115	0.143	0.075	0.101	0.142	0.082	0.089	0.133	0.138	0.093	0.096	0.113	0.114	0.11	0.096	0.052	0.061	0.063	0.124	0.156	0.209	0.204	0.152	0.176	N
BN190284	0.458	0.428	0.39	0.48	0.38	0.465	0.297	0.374	0.471	0.412	0.437	0.443	0.452	0.381	0.423	0.412	0.403	0.399	0.314	0.223	0.21	0.259	0.398	0.446	0.547	0.53	0.48	0.487	T
BN190285	0.462	0.462	0.132	0.141	0.115	0.134	0.076	0.095	0.139	0.132	0.12	0.141	0.166	0.129	0.122	0.117	0.151	0.117	0.09	0.054	0.068	0.083	0.129	0.188	0.232	0.2	0.156	0.22	N
BN190286	0.432	0.444	0.543	0.531	0.469	0.543	0.296	0.568	0.617	0.506	0.588	0.588	0.494	0.469	0.42	0.432	0.444	0.487	0.432	0.173	0.074	0.284	0.593	0.58	0.58	0.568	0.605	0.593	T
BN190287	0.49	0.379	0.041	0.074	0.044	0.057	0.024	0.041	0.096	0.05	0.059	0.074	0.052	0.041	0.052	0.046	0.057	0.044	0.057	0.033	0.059	0.039	0.087	0.162	0.148	0.133	0.096	0.136	N
BN190288	0.453	0.386	0.116	0.121	0.115	0.124	0.075	0.102	0.114	0.086	0.107	0.118	0.155	0.08	0.092	0.098	0.114	0.102	0.093	0.064	0.063	0.121	0.139	0.232	0.33	0.209	0.206	0.204	T
BN190290	0.461	0.429	0.317	0.34	0.316	0.349	0.272	0.285	0.32	0.27	0.326	0.297	0.327	0.303	0.303	0.305	0.308	0.295	0.299	0.178	0.201	0.231	0.295	0.332	0.383	0.376	0.342	0.355	N
BN190292	NA	NA	NA	NA	NA	NA	NA	NA	NA	NA	NA	NA	NA	NA	NA	NA	NA	NA	NA	NA	NA	NA	NA	NA	NA	NA	NA	NA	T
BN190293	0.357	0.429	0.286	0.357	0.286	0.357	0.143	0.214	0.214	0.231	0.214	0.214	0.286	0.286	0.357	0.286	0.214	0.357	0.143	0.071	0.143	0.286	0.214	0.286	0.429	0.643	0.5	0.5	N
BN190296	0.445	0.399	0.402	0.442	0.372	0.456	0.277	0.33	0.397	0.363	0.393	0.388	0.412	0.353	0.359	0.363	0.366	0.359	0.337	0.226	0.223	0.242	0.393	0.441	0.551	0.522	0.48	0.459	T
BN190298	0.447	0.427	0.294	0.305	0.279	0.3	0.252	0.26	0.289	0.281	0.288	0.294	0.288	0.275	0.271	0.282	0.29	0.282	0.269	0.18	0.249	0.254	0.289	0.323	0.349	0.339	0.305	0.313	N
BN190300	0.454	0.432	0.691	0.666	0.636	0.684	0.58	0.638	0.636	0.608	0.655	0.679	0.674	0.656	0.643	0.648	0.671	0.667	0.627	0.472	0.637	0.664	0.693	0.697	0.717	0.704	0.704	0.721	T
BN190303	0.432	0.441	0.148	0.154	0.135	0.139	0.118	0.129	0.147	0.143	0.149	0.144	0.158	0.14	0.141	0.144	0.149	0.137	0.128	0.096	0.103	0.128	0.149	0.187	0.221	0.206	0.158	0.175	N
BN190305	0.436	0.426	0.171	0.188	0.141	0.178	0.106	0.121	0.152	0.133	0.154	0.165	0.169	0.112	0.125	0.132	0.144	0.116	0.106	0.064	0.089	0.084	0.159	0.186	0.273	0.257	0.206	0.219	T
BN190308	0.443	0.433	0.159	0.187	0.143	0.17	0.12	0.138	0.154	0.145	0.145	0.15	0.152	0.155	0.153	0.145	0.163	0.15	0.138	0.137	0.147	0.139	0.161	0.174	0.223	0.189	0.162	0.192	N
BN190310	0.418	0.414	0.107	0.133	0.115	0.119	0.087	0.099	0.092	0.087	0.1	0.092	0.139	0.089	0.088	0.094	0.085	0.08	0.071	0.062	0.056	0.067	0.085	0.133	0.191	0.163	0.12	0.139	N
BN190312	0.625	0.312	0.562	0.5	0.5	0.5	0.5	0.5	0.5	0.5	0.5	0.562	0.625	0.562	0.562	0.562	0.438	0.533	0.5	0.467	0.562	0.375	0.5	0.562	0.5	0.5	0.562	0.625	T
BN190313	0.487	0.424	0.581	0.598	0.581	0.595	0.541	0.568	0.585	0.596	0.605	0.387	0.447	0.543	0.572	0.562	0.585	0.597	0.574	0.552	0.186	0.222	0.591	0.654	0.692	0.676	0.682	0.685	T
BN190314	0.438	0.424	0.058	0.076	0.045	0.069	0.031	0.042	0.079	0.036	0.051	0.058	0.07	0.055	0.058	0.053	0.075	0.064	0.043	0.02	0.037	0.073	0.062	0.099	0.133	0.125	0.073	0.087	N
BN190315	0.426	0.423	0.126	0.146	0.123	0.132	0.083	0.094	0.143	0.081	0.104	0.134	0.139	0.1	0.117	0.129	0.121	0.107	0.106	0.073	0.066	0.074	0.139	0.148	0.192	0.179	0.149	0.176	N
BN190319	0.435	0.42	0.331	0.351	0.31	0.36	0.17	0.253	0.322	0.187	0.295	0.313	0.318	0.27	0.282	0.306	0.324	0.287	0.28	0.123	0.145	0.213	0.307	0.377	0.458	0.419	0.37	0.4	T
BN190322	0.368	0.395	0.474	0.421	0.263	0.395	0.132	0.289	0.474	0.316	0.342	0.342	0.368	0.316	0.342	0.289	0.368	0.316	0.316	0.132	0.026	0.026	0.289	0.342	0.421	0.447	0.342	0.316	T
BN190323	0.444	0.419	0.047	0.053	0.041	0.048	0.026	0.033	0.052	0.043	0.045	0.04	0.047	0.035	0.04	0.045	0.044	0.039	0.031	0.017	0.019	0.021	0.045	0.053	0.068	0.067	0.052	0.056	T
position	30038599	30038604	30038615	30038619	30038621	30038624	30038628	30038637	30038644	30038647	30038649	30038652	30038657	30038669	30038672	30038675	30038677	30038685	30038692	30038705	30038725	30038760	30038788	30038797	30038811	30038814	30038820	30038822	
