14	0.768	0.519	0.431	0.424	0.452	0.444	0.473	0.496	0.41	0.42	0.393	0.385	0.414	0.397	0.387	0.569	0.586	0.632	0.627	0.549	0.579	0.645	0.82	NA	0.731	0.766	0.675	NA	T
15	0.685	0.306	0.181	0.184	0.219	0.158	0.215	0.243	0.112	0.185	0.13	0.16	0.165	0.137	0.174	0.341	0.39	0.46	0.432	0.375	0.421	0.521	0.652	NA	0.525	0.573	0.482	NA	N
17	0.736	0.19	0.109	0.09	0.109	0.08	0.109	0.13	0.1	0.1	0.08	0.1	0.104	0.075	0.134	0.15	0.121	0.159	0.159	0.176	0.242	0.194	0.328	NA	0.224	0.174	0.258	NA	N
172	0.717	0.853	0.844	0.835	0.856	0.789	0.812	0.841	0.813	0.829	0.802	0.829	0.82	0.822	0.796	0.831	0.839	0.845	0.843	0.835	0.843	0.847	0.885	0.727	0.837	0.869	0.766	NA	T
177	0.697	0.6	0.491	0.515	0.533	0.394	0.539	0.545	0.4	0.467	0.43	0.417	0.448	0.436	0.458	0.634	0.629	0.691	0.701	0.454	0.644	0.634	0.829	NA	0.624	0.758	0.515	NA	T
18	0.722	0.567	0.555	0.555	0.551	0.522	0.543	0.555	0.51	0.543	0.506	0.516	0.52	0.539	0.544	0.559	0.591	0.631	0.643	0.636	0.667	0.675	0.788	NA	0.69	0.743	0.66	NA	T
19	0.711	0.779	0.739	0.752	0.76	0.739	0.745	0.762	0.699	0.738	0.703	0.729	0.73	0.726	0.706	0.776	0.771	0.796	0.808	0.761	0.787	0.812	0.866	NA	0.794	0.809	0.748	NA	N
22	0.681	0.126	0.063	0.058	0.099	0.058	0.063	0.141	0.079	0.105	0.042	0.068	0.063	0.063	0.111	0.168	0.148	0.201	0.188	0.157	0.174	0.284	0.384	NA	0.236	0.325	0.326	NA	N
25	0.738	0.445	0.391	0.384	0.42	0.399	0.407	0.442	0.367	0.411	0.359	0.377	0.378	0.4	0.395	0.451	0.482	0.528	0.509	0.447	0.501	0.507	0.673	NA	0.512	0.589	0.534	NA	N
27	0.767	0.558	0.475	0.475	0.504	0.358	0.542	0.55	0.303	0.467	0.35	0.45	0.4	0.433	0.418	0.65	0.739	0.767	0.792	0.538	0.69	0.754	0.853	NA	0.742	0.817	0.63	NA	T
31	0.727	0.887	0.893	0.903	0.906	0.777	0.897	0.928	0.784	0.912	0.849	0.904	0.909	0.893	0.875	0.909	0.925	0.893	0.921	0.718	0.715	0.89	0.957	NA	0.893	0.912	0.711	NA	T
32	0.701	0.119	0.054	0.059	0.076	0.054	0.059	0.087	0.011	0.07	0.059	0.043	0.049	0.054	0.076	0.124	0.124	0.173	0.141	0.131	0.11	0.238	0.316	NA	0.195	0.216	0.137	NA	N
34	0.636	0.152	0.106	0.106	0.182	0.045	0.091	0.167	0.106	0.123	0.091	0.121	0.076	0.106	0.123	0.125	0.154	0.227	0.258	0.182	0.182	0.219	0.406	NA	0.273	0.258	0.188	NA	N
36	0.712	0.165	0.107	0.097	0.129	0.094	0.104	0.175	0.065	0.101	0.081	0.081	0.1	0.094	0.134	0.221	0.246	0.318	0.262	0.328	0.327	0.347	0.52	NA	0.333	0.414	0.276	NA	N
39	0.698	0.684	0.637	0.628	0.609	0.623	0.645	0.66	0.591	0.609	0.609	0.61	0.591	0.642	0.571	0.709	0.667	0.716	0.692	0.643	0.686	0.692	0.772	NA	0.702	0.762	0.708	NA	T
50	0.735	0.134	0.044	0.055	0.071	0.032	0.054	0.061	0.037	0.041	0.031	0.028	0.037	0.039	0.082	0.096	0.112	0.155	0.134	0.197	0.264	0.222	0.328	0.1	0.144	0.174	0.175	NA	N
55	0.693	0.74	0.698	0.702	0.725	0.662	0.717	0.742	0.637	0.677	0.635	0.666	0.68	0.562	0.639	0.776	0.783	0.816	0.803	0.745	0.76	0.782	0.879	0.667	0.794	0.82	0.681	0.417	T
56	NA	NA	NA	NA	NA	NA	NA	NA	NA	NA	NA	NA	NA	NA	NA	NA	NA	NA	NA	NA	NA	NA	NA	NA	NA	NA	NA	NA	N
63	0.714	0.326	0.263	0.269	0.286	0.247	0.259	0.307	0.219	0.259	0.223	0.243	0.227	0.254	0.277	0.365	0.351	0.445	0.407	0.372	0.473	0.481	0.592	NA	0.409	0.498	0.376	NA	T
67	0.735	0.148	0.116	0.09	0.09	0.045	0.135	0.19	0.09	0.148	0.097	0.077	0.11	0.058	0.135	0.232	0.185	0.284	0.221	0.213	0.278	0.29	0.393	NA	0.351	0.284	0.325	NA	T
81	0.735	0.447	0.32	0.311	0.365	0.272	0.34	0.429	0.239	0.327	0.239	0.258	0.283	0.25	0.267	0.558	0.581	0.642	0.622	0.404	0.494	0.538	0.739	0.2	0.548	0.643	0.452	NA	T
88	0.717	0.121	0.049	0.058	0.063	0.027	0.072	0.095	0.036	0.085	0.045	0.085	0.072	0.068	0.054	0.135	0.135	0.179	0.139	0.085	0.17	0.215	0.374	NA	0.224	0.224	0.236	NA	N
89	NA	NA	NA	NA	NA	NA	NA	NA	NA	NA	NA	NA	NA	NA	NA	NA	NA	NA	NA	NA	NA	NA	NA	NA	NA	NA	NA	NA	T
93	0.729	0.865	0.808	0.808	0.816	0.8	0.85	0.853	0.774	0.789	0.789	0.822	0.811	0.812	0.81	0.906	0.906	0.936	0.917	0.842	0.86	0.884	0.952	NA	0.902	0.944	0.86	NA	T
94	0.748	0.374	0.317	0.325	0.35	0.276	0.325	0.374	0.311	0.341	0.309	0.317	0.325	0.32	0.296	0.488	0.496	0.541	0.463	0.426	0.516	0.595	0.684	NA	0.48	0.537	0.537	NA	N
BN190001	0.728	0.391	0.221	0.272	0.305	0.211	0.287	0.374	0.172	0.267	0.203	0.241	0.227	0.217	0.251	0.488	0.524	0.638	0.586	0.396	0.46	0.463	0.773	0.25	0.552	0.656	0.468	NA	T
BN190002	0.741	0.142	0.069	0.069	0.078	0.065	0.078	0.082	0.06	0.073	0.047	0.065	0.06	0.074	0.057	0.152	0.132	0.216	0.199	0.126	0.185	0.222	0.335	NA	0.199	0.237	0.212	NA	N
BN190003	0.702	0.767	0.729	0.62	0.752	0.633	0.761	0.778	0.7	0.716	0.579	0.633	0.673	0.694	0.683	0.819	0.796	0.86	0.844	0.763	0.794	0.81	0.942	NA	0.848	0.91	0.792	NA	T
BN190005	0.729	0.224	0.159	0.159	0.188	0.135	0.171	0.2	0.136	0.182	0.124	0.119	0.147	0.114	0.205	0.271	0.25	0.382	0.302	0.202	0.293	0.357	0.487	NA	0.391	0.441	0.337	NA	N
BN190006	0.713	0.598	0.556	0.571	0.587	0.547	0.575	0.6	0.469	0.551	0.495	0.52	0.529	0.532	0.513	0.646	0.659	0.746	0.705	0.599	0.647	0.715	0.86	0.667	0.776	0.788	0.696	NA	T
BN190007	0.715	0.269	0.204	0.205	0.223	0.212	0.238	0.266	0.205	0.215	0.189	0.219	0.227	0.219	0.232	0.292	0.248	0.331	0.31	0.301	0.375	0.362	0.459	0.3	0.388	0.354	0.327	NA	N
BN190008	0.74	0.375	0.232	0.24	0.271	0.208	0.323	0.302	0.229	0.271	0.208	0.189	0.263	0.198	0.207	0.385	0.326	0.448	0.385	0.242	0.316	0.347	0.527	NA	0.302	0.406	0.385	NA	T
BN190010	0.71	0.428	0.325	0.324	0.351	0.257	0.346	0.389	0.256	0.311	0.245	0.303	0.3	0.3	0.292	0.417	0.393	0.451	0.43	0.379	0.412	0.443	0.587	0.15	0.441	0.512	0.439	NA	N
BN190011	0.674	0.889	0.796	0.801	0.853	0.785	0.791	0.848	0.681	0.785	0.618	0.8	0.78	0.602	0.782	0.874	0.86	0.853	0.938	0.854	0.846	0.872	0.955	NA	0.785	0.864	0.721	NA	T
BN190012	0.725	0.11	0.062	0.04	0.067	0.049	0.043	0.097	0.051	0.078	0.04	0.051	0.035	0.051	0.065	0.073	0.095	0.148	0.144	0.132	0.174	0.204	0.3	0	0.188	0.204	0.16	NA	N
BN190014	0.754	0.327	0.246	0.266	0.262	0.19	0.246	0.333	0.202	0.246	0.202	0.235	0.234	0.239	0.248	0.382	0.36	0.446	0.456	0.378	0.412	0.423	0.643	NA	0.425	0.484	0.381	NA	T
BN190015	0.768	0.153	0.054	0.08	0.08	0.089	0.063	0.117	0.098	0.08	0.054	0.062	0.045	0.062	0.108	0.143	0.179	0.196	0.189	0.125	0.264	0.304	0.49	NA	0.321	0.324	0.207	NA	N
BN190017	0.727	0.306	0.186	0.176	0.199	0.181	0.213	0.245	0.144	0.171	0.12	0.157	0.125	0.116	0.168	0.412	0.435	0.532	0.474	0.366	0.456	0.495	0.704	NA	0.569	0.611	0.446	NA	N
BN190018	0.686	0.539	0.527	0.543	0.532	0.496	0.538	0.538	0.48	0.527	0.434	0.489	0.505	0.471	0.488	0.565	0.513	0.593	0.578	0.467	0.557	0.563	0.707	NA	0.609	0.657	0.556	NA	T
BN190019	0.738	0.518	0.426	0.454	0.444	0.373	0.444	0.486	0.401	0.43	0.38	0.417	0.246	0.246	0.239	0.62	0.594	0.683	0.606	0.567	0.579	0.586	0.789	NA	0.57	0.746	0.614	NA	T
BN190023	0.649	0.178	0.084	0.094	0.094	0.055	0.081	0.142	0.078	0.11	0.087	0.091	0.087	0.091	0.137	0.149	0.177	0.159	0.155	0.158	0.254	0.277	0.354	NA	0.227	0.262	0.251	NA	N
BN190024	0.715	0.91	0.894	0.875	0.897	0.862	0.887	0.92	0.839	0.869	0.837	0.88	0.862	0.902	0.883	0.915	0.909	0.922	0.911	0.891	0.858	0.899	0.956	NA	0.902	0.932	0.889	NA	T
BN190026	0.72	0.358	0.27	0.276	0.277	0.276	0.264	0.321	0.214	0.262	0.234	0.23	0.252	0.285	0.287	0.361	0.344	0.447	0.42	0.347	0.34	0.379	0.602	0.091	0.393	0.502	0.404	NA	N
BN190028	0.686	0.129	0.062	0.057	0.055	0.045	0.057	0.093	0.053	0.062	0.024	0.062	0.06	0.05	0.082	0.098	0.118	0.177	0.14	0.146	0.219	0.282	0.343	0.267	0.239	0.224	0.228	NA	T
BN190029	0.708	0.142	0.038	0.057	0.066	0.047	0.047	0.066	0.048	0.048	0.047	0.085	0.038	0.028	0.048	0.085	0.077	0.094	0.066	0.094	0.142	0.257	0.357	NA	0.245	0.189	0.132	NA	N
BN190030	NA	NA	NA	NA	NA	NA	NA	NA	NA	NA	NA	NA	NA	NA	NA	NA	NA	NA	NA	NA	NA	NA	NA	NA	NA	NA	NA	NA	N
BN190031	0.9	0.2	0.2	0.2	0.2	0.2	0.2	0.2	0.2	0.3	0.2	0.2	0.2	0.2	0.2	0.2	0.1	0.3	0.2	NA	0.3	0.3	NA	NA	0.4	0.2	0.3	NA	T
BN190032	0.711	0.373	0.325	0.349	0.301	0.253	0.313	0.415	0.229	0.325	0.241	0.253	0.241	0.229	0.247	0.59	0.457	0.627	0.566	0.333	0.55	0.61	0.842	NA	0.602	0.795	0.5	NA	N
BN190033	0.7	0.548	0.456	0.472	0.49	0.431	0.461	0.531	0.45	0.468	0.411	0.444	0.443	0.459	0.44	0.569	0.529	0.595	0.604	0.516	0.531	0.602	0.74	NA	0.603	0.7	0.574	NA	T
BN190034	0.92	0.44	0.2	0.2	0.32	0.2	0.16	0.24	0.2	0.2	0.2	0.16	0.12	0.16	0.167	0.32	0.36	0.52	0.4	0.25	0.44	0.542	0.625	NA	0.48	0.6	0.28	NA	T
BN190036	0.707	0.266	0.192	0.178	0.226	0.13	0.188	0.264	0.155	0.202	0.159	0.173	0.145	0.164	0.191	0.37	0.396	0.462	0.457	0.382	0.396	0.459	0.644	NA	0.462	0.524	0.401	NA	T
BN190037	0.726	0.223	0.191	0.189	0.186	0.139	0.185	0.202	0.156	0.185	0.16	0.185	0.181	0.173	0.194	0.227	0.24	0.29	0.273	0.212	0.3	0.322	0.448	NA	0.265	0.328	0.191	NA	N
BN190038	NA	NA	NA	NA	NA	NA	NA	NA	NA	NA	NA	NA	NA	NA	NA	NA	NA	NA	NA	NA	NA	NA	NA	NA	NA	NA	NA	NA	N
BN190039	0.722	0.617	0.607	0.602	0.615	0.495	0.598	0.606	0.593	0.609	0.563	0.571	0.492	0.58	0.546	0.581	0.587	0.609	0.604	0.609	0.582	0.612	0.69	0.2	0.639	0.626	0.622	NA	T
BN190040	0.739	0.347	0.263	0.255	0.29	0.205	0.256	0.307	0.217	0.227	0.19	0.232	0.212	0.214	0.237	0.332	0.316	0.376	0.368	0.342	0.32	0.332	0.493	0.12	0.367	0.436	0.365	NA	N
BN190041	0.723	0.43	0.301	0.283	0.343	0.26	0.373	0.44	0.243	0.329	0.278	0.311	0.331	0.305	0.31	0.555	0.52	0.627	0.624	0.483	0.484	0.505	0.764	NA	0.622	0.7	0.532	NA	T
BN190042	0.71	0.173	0.131	0.102	0.131	0.081	0.117	0.148	0.095	0.134	0.074	0.141	0.113	0.093	0.125	0.167	0.221	0.261	0.233	0.171	0.189	0.216	0.413	NA	0.23	0.3	0.26	NA	N
BN190044	0.725	0.944	0.938	0.947	0.948	0.942	0.948	0.956	0.942	0.942	0.934	0.939	0.941	0.938	0.924	0.947	0.948	0.951	0.948	0.939	0.95	0.948	0.98	NA	0.917	0.957	0.933	NA	T
BN190046	0.739	0.396	0.272	0.315	0.326	0.207	0.293	0.489	0.228	0.304	0.207	0.261	0.293	0.304	0.311	0.522	0.553	0.615	0.511	0.424	0.544	0.528	0.829	NA	0.696	0.728	0.533	NA	T
BN190047	0.7	0.114	0.066	0.056	0.07	0.06	0.076	0.116	0.07	0.093	0.043	0.073	0.043	0.04	0.063	0.15	0.134	0.196	0.179	0.191	0.178	0.291	0.363	NA	0.27	0.292	0.235	NA	N
BN190048	0.755	0.495	0.365	0.391	0.361	0.349	0.403	0.474	0.304	0.349	0.328	0.396	0.33	0.34	0.375	0.597	0.528	0.656	0.594	0.468	0.551	0.588	0.691	NA	0.597	0.651	0.553	NA	T
BN190049	0.644	0.814	0.78	0.831	0.797	0.627	0.847	0.814	0.712	0.814	0.831	0.81	0.814	0.831	0.804	0.78	0.784	0.78	0.847	0.559	0.684	0.672	0.821	NA	0.661	0.746	0.627	NA	T
BN190050	0.728	0.287	0.258	0.233	0.254	0.201	0.24	0.273	0.196	0.23	0.181	0.191	0.212	0.194	0.215	0.337	0.321	0.428	0.363	0.265	0.33	0.384	0.515	NA	0.353	0.428	0.268	NA	N
BN190051	0.706	0.375	0.413	0.394	0.414	0.316	0.409	0.479	0.297	0.357	0.216	0.255	0.335	0.234	0.34	0.594	0.574	0.646	0.631	0.489	0.595	0.574	0.768	NA	0.487	0.593	0.509	NA	T
BN190052	0.711	0.384	0.326	0.325	0.366	0.31	0.356	0.352	0.301	0.334	0.211	0.242	0.32	0.241	0.28	0.413	0.409	0.5	0.462	0.336	0.398	0.422	0.563	0.182	0.378	0.431	0.375	NA	N
BN190054	0.709	0.964	0.978	0.966	0.952	0.755	0.887	0.954	0.915	0.973	0.848	0.915	0.959	0.961	0.977	0.966	0.976	0.942	0.964	0.856	0.972	0.967	0.978	NA	0.913	0.971	0.728	NA	T
BN190055	0.545	0.545	0.318	0.364	0.409	0.364	0.333	0.455	0.318	0.364	0.364	0.381	0.364	0.409	0.35	0.455	0.4	0.545	0.5	0.5	0.5	0.476	0.619	NA	0.545	0.636	0.455	NA	T
BN190056	0.713	0.181	0.13	0.125	0.167	0.106	0.134	0.144	0.083	0.106	0.074	0.106	0.098	0.134	0.094	0.176	0.139	0.209	0.228	0.167	0.224	0.235	0.358	0.1	0.264	0.282	0.23	NA	N
BN190057	0.709	0.153	0.105	0.104	0.138	0.083	0.135	0.169	0.092	0.098	0.074	0.114	0.107	0.089	0.113	0.202	0.173	0.252	0.212	0.188	0.238	0.219	0.379	NA	0.267	0.344	0.243	NA	T
BN190059	0.696	0.088	0.044	0.066	0.077	0.017	0.05	0.122	0.072	0.066	0.083	0.044	0.05	0.022	0.055	0.1	0.157	0.183	0.166	0.101	0.233	0.242	0.363	NA	0.193	0.161	0.141	NA	N
BN190062	0.658	0.147	0.12	0.109	0.116	0.112	0.109	0.147	0.075	0.101	0.071	0.083	0.09	0.082	0.129	0.172	0.177	0.233	0.229	0.192	0.241	0.309	0.43	0.077	0.244	0.363	0.26	NA	N
BN190068	0.734	0.169	0.084	0.091	0.097	0.071	0.097	0.183	0.097	0.084	0.058	0.098	0.065	0.078	0.136	0.162	0.164	0.279	0.227	0.169	0.204	0.234	0.4	NA	0.182	0.34	0.253	NA	N
BN190071	0.693	0.126	0.076	0.065	0.105	0.058	0.087	0.152	0.087	0.097	0.032	0.079	0.079	0.054	0.088	0.126	0.116	0.177	0.152	0.152	0.255	0.235	0.373	NA	0.271	0.268	0.278	NA	N
BN190072	0.725	0.239	0.116	0.099	0.187	0.116	0.148	0.29	0.102	0.197	0.123	0.141	0.174	0.131	0.171	0.243	0.213	0.289	0.26	0.18	0.294	0.315	0.419	NA	0.327	0.338	0.367	NA	N
BN190073	NA	NA	NA	NA	NA	NA	NA	NA	NA	NA	NA	NA	NA	NA	NA	NA	NA	NA	NA	NA	NA	NA	NA	NA	NA	NA	NA	NA	T
BN190075	0.744	0.174	0.071	0.058	0.058	0.035	0.07	0.07	0.058	0.07	0.058	0.058	0.058	0.07	0.094	0.128	0.094	0.163	0.14	0.116	0.188	0.163	0.366	NA	0.186	0.221	0.207	NA	N
BN190077	NA	NA	NA	NA	NA	NA	NA	NA	NA	NA	NA	NA	NA	NA	NA	NA	NA	NA	NA	NA	NA	NA	NA	NA	NA	NA	NA	NA	T
BN190080	0.751	0.136	0.059	0.068	0.072	0.045	0.072	0.099	0.054	0.059	0.045	0.059	0.05	0.09	0.132	0.1	0.164	0.153	0.117	0.118	0.168	0.208	0.307	0	0.216	0.275	0.268	NA	N
BN190083	0.731	0.527	0.442	0.446	0.481	0.331	0.435	0.519	0.227	0.412	0.315	0.386	0.378	0.346	0.34	0.635	0.539	0.673	0.641	0.516	0.661	0.599	0.785	NA	0.619	0.688	0.488	NA	T
BN190085	0.694	0.122	0.143	0.143	0.122	0.082	0.102	0.184	0.082	0.143	0.102	0.083	0.082	0.082	0.082	0.327	0.306	0.347	0.286	0.265	0.286	0.354	0.468	NA	0.327	0.408	0.367	NA	N
BN190087	0.665	0.418	0.291	0.311	0.327	0.291	0.355	0.378	0.24	0.287	0.224	0.228	0.279	0.287	0.272	0.474	0.481	0.522	0.48	0.373	0.47	0.496	0.67	NA	0.514	0.574	0.407	NA	T
BN190089	0.725	0.535	0.477	0.492	0.488	0.453	0.502	0.527	0.416	0.446	0.434	0.461	0.45	0.496	0.449	0.55	0.561	0.589	0.59	0.535	0.618	0.533	0.711	NA	0.609	0.638	0.514	NA	N
BN190090	0.691	0.527	0.509	0.455	0.455	0.345	0.455	0.509	0.309	0.491	0.309	0.491	0.455	0.509	0.52	0.509	0.569	0.6	0.618	0.537	0.538	0.455	0.577	NA	0.593	0.618	0.527	NA	T
BN190092	0.652	0.255	0.224	0.23	0.236	0.219	0.236	0.225	0.186	0.217	0.143	0.224	0.211	0.205	0.191	0.263	0.231	0.292	0.244	0.252	0.242	0.245	0.345	NA	0.287	0.311	0.316	NA	N
BN190094	0.746	0.643	0.587	0.587	0.587	0.58	0.58	0.648	0.573	0.559	0.566	0.573	0.573	0.545	0.529	0.676	0.664	0.671	0.685	0.671	0.681	0.704	0.833	NA	0.79	0.755	0.718	NA	T
BN190096	0.699	0.306	0.197	0.218	0.245	0.192	0.228	0.301	0.182	0.177	0.161	0.178	0.177	0.212	0.227	0.427	0.353	0.477	0.391	0.286	0.439	0.407	0.654	NA	0.508	0.539	0.385	NA	N
BN190098	0.674	0.263	0.165	0.165	0.175	0.151	0.172	0.173	0.102	0.145	0.091	0.14	0.126	0.151	0.168	0.319	0.345	0.425	0.398	0.23	0.333	0.382	0.494	0.385	0.358	0.418	0.309	NA	N
BN190099	0.74	0.358	0.242	0.242	0.311	0.237	0.312	0.378	0.221	0.28	0.151	0.215	0.224	0.202	0.229	0.477	0.425	0.502	0.512	0.35	0.431	0.436	0.726	NA	0.516	0.61	0.452	NA	T
BN190101	0.706	0.144	0.097	0.059	0.076	0.043	0.091	0.123	0.054	0.075	0.048	0.075	0.091	0.086	0.097	0.172	0.216	0.246	0.23	0.161	0.222	0.234	0.382	NA	0.257	0.31	0.267	NA	N
BN190106	0.728	0.587	0.545	0.542	0.474	0.497	0.513	0.545	0.502	0.539	0.462	0.535	0.487	0.548	0.491	0.567	0.517	0.556	0.561	0.554	0.518	0.5	0.615	NA	0.596	0.628	0.54	NA	T
BN190109	0.756	0.333	0.222	0.244	0.2	0.244	0.267	0.267	0.178	0.2	0.089	0.2	0.133	0.244	0.159	0.311	0.295	0.333	0.267	0.295	0.295	0.244	0.444	NA	0.311	0.378	0.356	NA	N
BN190111	0.733	0.097	0.028	0.023	0.055	0.014	0.041	0.032	0.028	0.023	0.028	0.046	0.028	0.023	0.055	0.083	0.125	0.129	0.092	0.092	0.164	0.184	0.322	NA	0.23	0.207	0.167	NA	T
BN190114	0.781	0.48	0.35	0.363	0.418	0.301	0.376	0.451	0.279	0.363	0.319	0.347	0.358	0.376	0.364	0.52	0.572	0.659	0.64	0.507	0.532	0.615	0.84	NA	0.673	0.712	0.572	NA	T
BN190117	0.651	0.655	0.643	0.612	0.624	0.522	0.635	0.667	0.529	0.639	0.525	0.579	0.594	0.588	0.552	0.722	0.663	0.776	0.752	0.629	0.656	0.694	0.831	NA	0.733	0.792	0.635	NA	N
BN190119	0.711	0.894	0.905	0.896	0.884	0.79	0.857	0.902	0.629	0.872	0.775	0.858	0.897	0.888	0.872	0.905	0.922	0.912	0.905	0.908	0.916	0.839	0.939	NA	0.69	0.878	0.538	NA	T
BN190120	0.687	0.45	0.403	0.37	0.403	0.322	0.374	0.438	0.3	0.318	0.275	0.29	0.303	0.275	0.282	0.624	0.632	0.72	0.664	0.524	0.6	0.63	0.765	NA	0.654	0.754	0.64	NA	N
BN190121	0.74	0.363	0.295	0.308	0.31	0.267	0.314	0.41	0.244	0.304	0.248	0.288	0.26	0.266	0.25	0.495	0.519	0.624	0.606	0.494	0.536	0.577	0.782	0.273	0.581	0.703	0.519	NA	T
BN190122	0.724	0.233	0.136	0.153	0.149	0.158	0.159	0.219	0.132	0.146	0.131	0.149	0.149	0.164	0.171	0.221	0.193	0.275	0.241	0.247	0.296	0.281	0.425	0.083	0.34	0.371	0.305	NA	N
BN190125	0.729	0.148	0.08	0.077	0.098	0.061	0.076	0.102	0.051	0.077	0.053	0.063	0.059	0.086	0.132	0.141	0.165	0.19	0.173	0.165	0.187	0.227	0.355	0.111	0.222	0.273	0.201	NA	T
BN190128	0.722	0.229	0.097	0.069	0.153	0.09	0.125	0.167	0.049	0.125	0.083	0.062	0.077	0.104	0.156	0.236	0.27	0.326	0.259	0.204	0.197	0.257	0.496	NA	0.301	0.424	0.292	NA	N
BN190131	0.74	0.291	0.166	0.166	0.182	0.101	0.155	0.19	0.132	0.145	0.101	0.123	0.132	0.078	0.152	0.284	0.281	0.376	0.307	0.275	0.333	0.417	0.592	NA	0.434	0.5	0.369	NA	T
BN190133	NA	NA	NA	NA	NA	NA	NA	NA	NA	NA	NA	NA	NA	NA	NA	NA	NA	NA	NA	NA	NA	NA	NA	NA	NA	NA	NA	NA	N
BN190135	0.693	0.559	0.423	0.438	0.46	0.412	0.445	0.511	0.299	0.401	0.299	0.401	0.336	0.314	0.346	0.691	0.654	0.745	0.709	0.474	0.618	0.634	0.787	NA	0.708	0.765	0.615	NA	T
BN190137	0.702	0.214	0.131	0.119	0.107	0.107	0.131	0.131	0.071	0.095	0.036	0.108	0.095	0.083	0.084	0.202	0.225	0.25	0.238	0.155	0.244	0.301	0.359	NA	0.321	0.274	0.286	NA	N
BN190141	0.734	0.43	0.328	0.32	0.32	0.268	0.338	0.381	0.238	0.29	0.251	0.268	0.256	0.256	0.282	0.46	0.486	0.568	0.578	0.438	0.52	0.504	0.679	NA	0.529	0.648	0.519	NA	T
BN190142	0.693	0.722	0.654	0.658	0.67	0.641	0.663	0.72	0.645	0.687	0.6	0.651	0.636	0.631	0.659	0.742	0.714	0.767	0.767	0.675	0.751	0.761	0.849	NA	0.742	0.81	0.714	NA	N
BN190147	0.675	0.252	0.163	0.212	0.244	0.125	0.206	0.256	0.1	0.163	0.081	0.175	0.151	0.156	0.188	0.277	0.314	0.35	0.327	0.304	0.342	0.412	0.568	NA	0.4	0.525	0.319	NA	T
BN190149	0.717	0.183	0.166	0.158	0.141	0.083	0.174	0.212	0.075	0.145	0.075	0.184	0.155	0.146	0.161	0.195	0.163	0.242	0.241	0.229	0.255	0.324	0.455	NA	0.304	0.402	0.272	NA	N
BN190150	0.706	0.471	0.353	0.294	0.353	0.324	0.265	0.353	0.273	0.294	0.265	0.324	0.324	0.265	0.226	0.5	0.594	0.618	0.529	0.273	0.529	0.545	0.848	NA	0.618	0.735	0.441	NA	T
BN190151	0.706	0.667	0.55	0.555	0.581	0.508	0.569	0.623	0.479	0.543	0.453	0.496	0.491	0.485	0.514	0.767	0.751	0.826	0.805	0.665	0.788	0.75	0.906	NA	0.772	0.877	0.618	NA	T
BN190155	0.763	0.278	0.189	0.213	0.213	0.16	0.195	0.308	0.131	0.178	0.113	0.136	0.172	0.132	0.181	0.325	0.354	0.402	0.367	0.269	0.405	0.438	0.627	0.2	0.402	0.482	0.359	NA	N
BN190158	0.711	0.4	0.226	0.196	0.233	0.167	0.226	0.383	0.174	0.301	0.133	0.187	0.3	0.281	0.309	0.47	0.513	0.607	0.633	0.363	0.374	0.523	0.725	NA	0.47	0.543	0.537	NA	T
BN190159	NA	NA	NA	NA	NA	NA	NA	NA	NA	NA	NA	NA	NA	NA	NA	NA	NA	NA	NA	NA	NA	NA	NA	NA	NA	NA	NA	NA	N
BN190162	NA	NA	NA	NA	NA	NA	NA	NA	NA	NA	NA	NA	NA	NA	NA	NA	NA	NA	NA	NA	NA	NA	NA	NA	NA	NA	NA	NA	T
BN190163	0.644	0.46	0.356	0.345	0.437	0.356	0.333	0.43	0.379	0.368	0.322	0.365	0.356	0.299	0.37	0.471	0.405	0.563	0.54	0.471	0.47	0.488	0.62	NA	0.494	0.621	0.46	NA	N
BN190164	0.706	0.825	0.825	0.825	0.839	0.788	0.839	0.846	0.745	0.832	0.759	0.816	0.781	0.788	0.787	0.861	0.884	0.846	0.809	0.832	0.852	0.846	0.919	NA	0.825	0.898	0.825	NA	T
BN190166	0.709	0.723	0.705	0.695	0.717	0.663	0.696	0.725	0.534	0.696	0.628	0.645	0.644	0.643	0.643	0.737	0.755	0.787	0.756	0.689	0.728	0.734	0.841	NA	0.759	0.811	0.688	NA	N
BN190168	0.715	0.3	0.189	0.203	0.208	0.134	0.196	0.256	0.159	0.2	0.132	0.182	0.171	0.139	0.198	0.248	0.249	0.318	0.28	0.242	0.238	0.303	0.388	0.214	0.248	0.297	0.204	NA	T
BN190170	0.659	0.287	0.205	0.216	0.307	0.159	0.284	0.318	0.182	0.182	0.136	0.205	0.239	0.216	0.259	0.295	0.271	0.398	0.345	0.353	0.337	0.414	0.513	NA	0.33	0.414	0.295	NA	T
BN190171	0.701	0.104	0.058	0.072	0.091	0.078	0.065	0.071	0.039	0.045	0.032	0.052	0.052	0.091	0.117	0.046	0.065	0.123	0.072	0.123	0.11	0.229	0.29	NA	0.182	0.221	0.242	NA	N
BN190172	0.751	0.373	0.343	0.465	0.414	0.315	0.356	0.387	0.125	0.338	0.277	0.327	0.386	0.31	0.455	0.391	0.511	0.417	0.376	0.189	0.232	0.23	0.694	0.1	0.601	0.485	0.366	NA	T
BN190175	NA	NA	NA	NA	NA	NA	NA	NA	NA	NA	NA	NA	NA	NA	NA	NA	NA	NA	NA	NA	NA	NA	NA	NA	NA	NA	NA	NA	N
BN190179	NA	NA	NA	NA	NA	NA	NA	NA	NA	NA	NA	NA	NA	NA	NA	NA	NA	NA	NA	NA	NA	NA	NA	NA	NA	NA	NA	NA	T
BN190180	0.626	0.146	0.135	0.135	0.152	0.123	0.129	0.175	0.111	0.135	0.129	0.152	0.117	0.129	0.125	0.118	0.151	0.187	0.158	0.161	0.202	0.2	0.319	NA	0.241	0.228	0.238	NA	N
BN190181	NA	NA	NA	NA	NA	NA	NA	NA	NA	NA	NA	NA	NA	NA	NA	NA	NA	NA	NA	NA	NA	NA	NA	NA	NA	NA	NA	NA	T
BN190184	0.704	0.159	0.106	0.101	0.119	0.084	0.114	0.17	0.079	0.116	0.073	0.099	0.117	0.122	0.183	0.16	0.168	0.228	0.155	0.176	0.214	0.242	0.397	0.231	0.238	0.289	0.249	NA	N
BN190186	0.671	0.298	0.256	0.252	0.26	0.167	0.301	0.333	0.171	0.24	0.179	0.207	0.238	0.211	0.249	0.461	0.492	0.585	0.559	0.455	0.535	0.568	0.685	NA	0.581	0.573	0.496	NA	T
BN190189	0.733	0.137	0.089	0.077	0.098	0.073	0.069	0.105	0.046	0.068	0.066	0.07	0.072	0.056	0.148	0.116	0.16	0.194	0.147	0.137	0.177	0.289	0.388	0.167	0.197	0.213	0.173	NA	N
BN190191	0.709	0.79	0.742	0.751	0.764	0.709	0.745	0.784	0.712	0.745	0.662	0.742	0.75	0.764	0.716	0.797	0.773	0.803	0.8	0.775	0.799	0.796	0.864	NA	0.8	0.833	0.778	NA	T
BN190192	NA	NA	NA	NA	NA	NA	NA	NA	NA	NA	NA	NA	NA	NA	NA	NA	NA	NA	NA	NA	NA	NA	NA	NA	NA	NA	NA	NA	N
BN190193	0.695	0.123	0.049	0.049	0.055	0.046	0.059	0.098	0.037	0.04	0.049	0.043	0.049	0.059	0.062	0.139	0.126	0.225	0.185	0.164	0.217	0.212	0.368	0.133	0.237	0.308	0.229	NA	T
BN190195	0.694	0.051	0.036	0.026	0.031	0.015	0.041	0.056	0.02	0.026	0.01	0.02	0.026	0.031	0.056	0.077	0.067	0.128	0.112	0.062	0.143	0.154	0.269	NA	0.138	0.199	0.163	NA	N
BN190198	0.716	0.343	0.254	0.254	0.269	0.209	0.242	0.224	0.164	0.254	0.224	0.224	0.284	0.209	0.2	0.343	0.4	0.463	0.403	0.333	0.403	0.433	0.547	NA	0.328	0.418	0.343	NA	T
BN190199	NA	NA	NA	NA	NA	NA	NA	NA	NA	NA	NA	NA	NA	NA	NA	NA	NA	NA	NA	NA	NA	NA	NA	NA	NA	NA	NA	NA	N
BN190200	0.706	0.829	0.736	0.793	0.699	0.669	0.796	0.836	0.726	0.729	0.678	0.783	0.735	0.782	0.77	0.839	0.828	0.853	0.842	0.784	0.826	0.841	0.942	NA	0.819	0.862	0.773	NA	T
BN190201	0.75	0.203	0.143	0.155	0.142	0.122	0.128	0.182	0.081	0.128	0.088	0.11	0.088	0.115	0.103	0.223	0.178	0.257	0.257	0.162	0.291	0.236	0.435	NA	0.23	0.378	0.324	NA	N
BN190202	0.713	0.764	0.713	0.73	0.746	0.666	0.726	0.754	0.494	0.72	0.573	0.679	0.689	0.699	0.664	0.766	0.692	0.763	0.788	0.602	0.752	0.77	0.85	0.462	0.796	0.826	0.659	NA	T
BN190203	0.714	0.355	0.258	0.279	0.317	0.241	0.296	0.371	0.189	0.255	0.175	0.251	0.239	0.207	0.248	0.472	0.471	0.568	0.551	0.405	0.475	0.538	0.758	0.176	0.571	0.671	0.509	NA	T
BN190206	0.579	0.158	0	0	0.053	0.053	0	0.211	0.105	0.105	0	0.105	0.105	0.105	0.053	0.105	0.105	0.158	0.053	0	0.158	0.368	0.471	NA	0.263	0.316	0.158	NA	N
BN190209	0.712	0.14	0.093	0.096	0.119	0.089	0.111	0.133	0.074	0.126	0.081	0.108	0.096	0.093	0.108	0.148	0.175	0.23	0.181	0.184	0.19	0.233	0.324	0.062	0.226	0.196	0.211	NA	N
BN190210	0.729	0.662	0.608	0.503	0.363	0.592	0.617	0.647	0.442	0.615	0.447	0.591	0.575	0.593	0.6	0.616	0.592	0.635	0.622	0.226	0.442	0.427	0.722	0.4	0.597	0.637	0.645	NA	T
BN190211	0.721	0.871	0.877	0.874	0.844	0.813	0.854	0.879	0.835	0.877	0.832	0.858	0.857	0.862	0.85	0.893	0.897	0.903	0.904	0.891	0.901	0.883	0.949	NA	0.888	0.905	0.87	NA	T
BN190213	0.654	0.169	0.103	0.081	0.103	0.081	0.11	0.156	0.096	0.125	0.066	0.03	0.067	0.089	0.157	0.119	0.133	0.193	0.176	0.178	0.172	0.193	0.37	NA	0.206	0.267	0.194	NA	N
BN190215	0.734	0.683	0.634	0.64	0.658	0.609	0.665	0.661	0.562	0.623	0.57	0.617	0.62	0.613	0.603	0.694	0.659	0.729	0.717	0.644	0.688	0.721	0.798	NA	0.697	0.754	0.662	NA	T
BN190218	0.649	0.389	0.226	0.274	0.308	0.255	0.284	0.329	0.232	0.226	0.227	0.256	0.255	0.236	0.243	0.428	0.454	0.481	0.457	0.361	0.469	0.493	0.657	NA	0.44	0.553	0.393	NA	N
BN190219	0.715	0.544	0.462	0.459	0.485	0.327	0.515	0.544	0.402	0.453	0.419	0.427	0.413	0.445	0.421	0.688	0.722	0.776	0.775	0.616	0.685	0.776	0.9	NA	0.79	0.823	0.695	NA	T
BN190221	0.739	0.252	0.158	0.184	0.193	0.166	0.176	0.213	0.142	0.162	0.137	0.136	0.125	0.136	0.154	0.281	0.276	0.34	0.299	0.279	0.367	0.394	0.522	0.2	0.383	0.402	0.334	NA	N
BN190223	0.742	0.533	0.464	0.449	0.489	0.447	0.506	0.548	0.408	0.438	0.351	0.424	0.414	0.415	0.415	0.575	0.587	0.654	0.642	0.505	0.611	0.617	0.778	NA	0.607	0.722	0.51	NA	T
BN190225	0.721	0.167	0.105	0.11	0.116	0.064	0.097	0.163	0.09	0.148	0.099	0.084	0.094	0.108	0.171	0.146	0.189	0.225	0.217	0.215	0.271	0.34	0.407	0.167	0.284	0.356	0.209	NA	N
BN190227	0.729	0.665	0.632	0.645	0.663	0.619	0.65	0.665	0.57	0.614	0.554	0.591	0.605	0.608	0.591	0.736	0.75	0.805	0.774	0.667	0.748	0.75	0.895	0.7	0.764	0.805	0.727	NA	T
BN190229	0.673	0.364	0.305	0.31	0.332	0.291	0.319	0.362	0.29	0.29	0.254	0.275	0.282	0.273	0.277	0.449	0.422	0.516	0.487	0.381	0.486	0.526	0.622	0.133	0.51	0.57	0.503	NA	N
BN190231	0.706	0.592	0.498	0.535	0.551	0.459	0.524	0.604	0.429	0.523	0.432	0.489	0.48	0.474	0.482	0.661	0.607	0.705	0.708	0.542	0.633	0.631	0.817	NA	0.65	0.762	0.612	NA	T
BN190233	0.794	0.299	0.155	0.219	0.309	0.206	0.237	0.268	0.175	0.208	0.155	0.196	0.124	0.206	0.135	0.299	0.242	0.361	0.258	0.292	0.312	0.281	0.479	NA	0.309	0.381	0.358	NA	N
BN190235	0.7	0.29	0.183	0.185	0.199	0.171	0.201	0.288	0.167	0.211	0.12	0.184	0.179	0.154	0.187	0.332	0.345	0.385	0.365	0.285	0.324	0.445	0.61	0.25	0.459	0.469	0.361	NA	T
BN190238	0.757	0.146	0.104	0.093	0.097	0.082	0.088	0.124	0.097	0.111	0.102	0.088	0.08	0.062	0.113	0.171	0.177	0.225	0.168	0.159	0.164	0.237	0.303	0.071	0.234	0.252	0.202	NA	N
BN190240	0.741	0.534	0.41	0.426	0.436	0.352	0.455	0.501	0.277	0.371	0.286	0.329	0.353	0.319	0.354	0.584	0.578	0.683	0.667	0.452	0.551	0.575	0.763	0.583	0.651	0.722	0.568	NA	T
BN190241	0.721	0.258	0.16	0.145	0.189	0.134	0.182	0.22	0.137	0.199	0.166	0.176	0.193	0.126	0.188	0.298	0.312	0.319	0.292	0.185	0.334	0.345	0.515	0.067	0.324	0.413	0.347	NA	N
BN190242	0.681	0.848	0.815	0.81	0.818	0.779	0.798	0.841	0.754	0.786	0.747	0.759	0.738	0.764	0.725	0.822	0.799	0.876	0.865	0.806	0.81	0.836	0.938	NA	0.835	0.912	0.805	NA	T
BN190244	0.691	0.489	0.357	0.384	0.445	0.317	0.42	0.485	0.25	0.342	0.295	0.322	0.34	0.324	0.318	0.564	0.57	0.656	0.648	0.414	0.565	0.587	0.812	NA	0.624	0.746	0.578	NA	T
BN190245	0.728	0.222	0.132	0.148	0.166	0.124	0.14	0.175	0.137	0.185	0.129	0.137	0.132	0.127	0.131	0.214	0.201	0.24	0.244	0.149	0.241	0.266	0.384	0.077	0.286	0.303	0.213	NA	N
BN190247	0.682	0.205	0.015	0.051	0.051	0.01	0.01	0.057	0.021	0.051	0.01	0.01	0.031	0.056	0.082	0.097	0.169	0.138	0.123	0.128	0.241	0.236	0.366	NA	0.179	0.205	0.15	NA	T
BN190248	0.687	0.897	0.88	0.897	0.89	0.817	0.883	0.91	0.84	0.873	0.853	0.872	0.883	0.89	0.884	0.906	0.902	0.913	0.927	0.893	0.885	0.889	0.944	NA	0.903	0.937	0.775	NA	T
BN190249	0.744	0.512	0.484	0.478	0.473	0.433	0.482	0.51	0.42	0.486	0.406	0.449	0.433	0.443	0.44	0.629	0.537	0.631	0.596	0.548	0.626	0.62	0.838	NA	0.698	0.787	0.679	NA	T
BN190251	0.711	0.359	0.205	0.248	0.26	0.169	0.233	0.283	0.145	0.217	0.145	0.18	0.166	0.14	0.211	0.412	0.451	0.535	0.488	0.359	0.443	0.462	0.682	0.4	0.517	0.584	0.422	NA	T
BN190252	0.755	0.606	0.556	0.571	0.592	0.516	0.564	0.588	0.525	0.543	0.508	0.522	0.535	0.549	0.527	0.652	0.589	0.707	0.683	0.611	0.63	0.645	0.833	NA	0.732	0.759	0.626	NA	T
BN190255	0.692	0.207	0.077	0.095	0.129	0.098	0.106	0.174	0.068	0.122	0.087	0.095	0.108	0.11	0.154	0.202	0.217	0.274	0.243	0.227	0.292	0.274	0.463	0.059	0.274	0.315	0.259	NA	N
BN190256	0.7	0.101	0.076	0.055	0.08	0.063	0.072	0.081	0.034	0.068	0.017	0.051	0.072	0.042	0.081	0.173	0.168	0.267	0.233	0.559	0.609	0.65	0.531	NA	0.295	0.392	0.25	NA	T
BN190257	0.713	0.182	0.064	0.111	0.123	0.053	0.094	0.129	0.047	0.094	0.076	0.111	0.105	0.082	0.088	0.175	0.179	0.253	0.211	0.207	0.192	0.224	0.38	NA	0.263	0.312	0.263	NA	N
BN190258	0.694	0.743	0.644	0.65	0.685	0.588	0.652	0.729	0.585	0.634	0.557	0.58	0.592	0.631	0.653	0.779	0.749	0.81	0.792	0.65	0.695	0.746	0.883	NA	0.661	0.775	0.619	NA	T
BN190260	0.685	0.347	0.217	0.23	0.288	0.207	0.29	0.344	0.239	0.286	0.203	0.248	0.234	0.203	0.279	0.324	0.313	0.423	0.36	0.297	0.394	0.368	0.543	NA	0.318	0.41	0.357	NA	N
BN190262	0.688	0.168	0.127	0.075	0.087	0.081	0.098	0.145	0.064	0.11	0.058	0.047	0.075	0.081	0.118	0.22	0.151	0.243	0.227	0.158	0.202	0.246	0.4	NA	0.237	0.353	0.308	NA	N
BN190264	0.72	0.175	0.063	0.077	0.07	0.056	0.091	0.119	0.056	0.056	0.035	0.07	0.063	0.077	0.098	0.162	0.15	0.189	0.189	0.161	0.175	0.273	0.289	NA	0.161	0.266	0.197	NA	N
BN190265	0.687	0.785	0.757	0.771	0.766	0.776	0.776	0.78	0.779	0.774	0.766	0.775	0.761	0.766	0.73	0.798	0.769	0.79	0.804	0.748	0.783	0.771	0.826	NA	0.743	0.784	0.771	NA	T
BN190266	0.751	0.342	0.291	0.247	0.298	0.234	0.278	0.3	0.215	0.269	0.214	0.258	0.256	0.249	0.279	0.333	0.287	0.409	0.372	0.284	0.35	0.415	0.553	0.154	0.421	0.454	0.347	NA	N
BN190267	0.679	0.506	0.439	0.42	0.428	0.388	0.439	0.471	0.311	0.385	0.285	0.37	0.373	0.39	0.39	0.553	0.532	0.612	0.573	0.464	0.591	0.559	0.739	NA	0.567	0.667	0.434	NA	T
BN190269	0.686	0.197	0.145	0.11	0.127	0.081	0.116	0.162	0.087	0.121	0.098	0.099	0.121	0.105	0.117	0.162	0.228	0.279	0.22	0.244	0.25	0.282	0.406	NA	0.277	0.318	0.295	NA	N
BN190270	0.742	0.642	0.595	0.611	0.588	0.564	0.611	0.666	0.536	0.615	0.536	0.571	0.561	0.578	0.555	0.628	0.587	0.662	0.635	0.565	0.553	0.637	0.775	NA	0.632	0.716	0.545	NA	T
BN190271	0.735	0.184	0.102	0.122	0.122	0.082	0.143	0.184	0.122	0.143	0.122	0.102	0.143	0.122	0.143	0.163	0.163	0.229	0.224	0.184	0.191	0.271	0.348	NA	0.265	0.388	0.146	NA	N
BN190274	0.719	0.697	0.601	0.621	0.651	0.555	0.647	0.704	0.5	0.569	0.472	0.552	0.574	0.528	0.577	0.755	0.698	0.797	0.821	0.556	0.767	0.715	0.915	0.583	0.772	0.865	0.686	NA	T
BN190278	0.706	0.826	0.831	0.824	0.815	0.738	0.817	0.84	0.806	0.819	0.77	0.803	0.809	0.81	0.79	0.814	0.806	0.821	0.807	0.71	0.799	0.8	0.842	NA	0.806	0.833	0.765	NA	T
BN190279	0.733	0.281	0.225	0.234	0.241	0.18	0.218	0.284	0.163	0.211	0.184	0.203	0.18	0.178	0.235	0.257	0.23	0.276	0.277	0.236	0.281	0.314	0.423	0	0.279	0.34	0.257	NA	N
BN190280	0.699	0.907	0.896	0.914	0.907	0.816	0.914	0.918	0.82	0.899	0.885	0.909	0.91	0.898	0.906	0.913	0.915	0.935	0.921	0.906	0.935	0.941	0.963	NA	0.924	0.939	0.865	NA	T
BN190283	0.74	0.332	0.164	0.168	0.197	0.159	0.199	0.231	0.121	0.159	0.139	0.15	0.135	0.13	0.16	0.317	0.293	0.375	0.377	0.311	0.335	0.35	0.675	NA	0.469	0.534	0.382	NA	N
BN190284	0.662	0.775	0.725	0.662	0.738	0.75	0.7	0.8	0.65	0.713	0.65	0.675	0.637	0.688	0.69	0.8	0.771	0.785	0.8	0.816	0.731	0.769	0.883	NA	0.75	0.812	0.709	NA	T
BN190285	0.796	0.153	0.112	0.102	0.138	0.087	0.148	0.19	0.102	0.143	0.071	0.092	0.128	0.092	0.136	0.19	0.223	0.251	0.265	0.215	0.256	0.301	0.412	NA	0.27	0.347	0.259	NA	N
BN190286	0.758	0.206	0.183	0.166	0.204	0.142	0.196	0.314	0.193	0.279	0.211	0.22	0.393	0.215	0.261	0.679	0.697	0.723	0.719	0.66	0.655	0.712	0.773	0.333	0.714	0.677	0.642	NA	T
BN190287	0.746	0.343	0.299	0.284	0.313	0.254	0.313	0.288	0.209	0.284	0.284	0.288	0.209	0.273	0.303	0.284	0.288	0.269	0.299	0.299	0.323	0.409	0.47	NA	0.313	0.448	0.299	NA	N
BN190288	0.685	0.636	0.519	0.537	0.586	0.444	0.543	0.636	0.457	0.537	0.512	0.484	0.503	0.543	0.51	0.611	0.607	0.698	0.627	0.541	0.616	0.568	0.764	NA	0.63	0.71	0.58	NA	T
BN190290	0.741	0.627	0.566	0.566	0.61	0.579	0.586	0.627	0.522	0.61	0.557	0.571	0.586	0.527	0.515	0.654	0.623	0.678	0.696	0.571	0.644	0.665	0.785	NA	0.671	0.715	0.558	NA	N
BN190292	NA	NA	NA	NA	NA	NA	NA	NA	NA	NA	NA	NA	NA	NA	NA	NA	NA	NA	NA	NA	NA	NA	NA	NA	NA	NA	NA	NA	T
BN190293	NA	NA	NA	NA	NA	NA	NA	NA	NA	NA	NA	NA	NA	NA	NA	NA	NA	NA	NA	NA	NA	NA	NA	NA	NA	NA	NA	NA	N
BN190296	0.668	0.514	0.438	0.394	0.466	0.397	0.455	0.483	0.397	0.393	0.345	0.35	0.372	0.351	0.387	0.668	0.679	0.769	0.734	0.602	0.687	0.649	0.822	NA	0.717	0.779	0.64	NA	T
BN190298	0.665	0.396	0.335	0.341	0.324	0.335	0.335	0.401	0.33	0.379	0.324	0.331	0.335	0.324	0.324	0.412	0.378	0.429	0.423	0.436	0.412	0.427	0.521	NA	0.44	0.451	0.417	NA	N
BN190300	0.698	0.827	0.833	0.833	0.845	0.821	0.84	0.815	0.809	0.82	0.846	0.852	0.827	0.815	0.83	0.864	0.838	0.858	0.852	0.839	0.812	0.83	0.85	NA	0.84	0.846	0.858	NA	T
BN190303	0.691	0.283	0.26	0.257	0.231	0.217	0.243	0.295	0.228	0.238	0.237	0.227	0.243	0.266	0.276	0.33	0.311	0.405	0.373	0.337	0.332	0.401	0.599	0.231	0.429	0.497	0.368	NA	N
BN190305	0.692	0.348	0.287	0.258	0.293	0.235	0.289	0.303	0.159	0.223	0.104	0.188	0.168	0.191	0.241	0.379	0.36	0.445	0.437	0.32	0.394	0.41	0.623	NA	0.485	0.57	0.387	NA	T
BN190308	0.736	0.185	0.158	0.147	0.154	0.143	0.151	0.178	0.127	0.143	0.116	0.112	0.116	0.12	0.137	0.147	0.141	0.175	0.171	0.19	0.195	0.222	0.354	NA	0.221	0.232	0.251	NA	N
BN190310	0.669	0.179	0.136	0.156	0.156	0.113	0.148	0.156	0.122	0.148	0.089	0.113	0.136	0.125	0.202	0.23	0.201	0.245	0.187	0.208	0.261	0.31	0.389	NA	0.257	0.319	0.297	NA	N
BN190312	0.654	0.628	0.577	0.59	0.59	0.59	0.615	0.61	0.551	0.59	0.564	0.566	0.564	0.487	0.548	0.623	0.58	0.641	0.667	0.627	0.61	0.64	0.627	NA	0.628	0.615	0.603	NA	T
BN190313	0.752	0.784	0.788	0.784	0.814	0.693	0.634	0.798	0.726	0.769	0.744	0.742	0.751	0.747	0.74	0.825	0.839	0.875	0.87	0.688	0.848	0.851	0.928	NA	0.851	0.901	0.733	NA	T
BN190314	0.556	0.159	0.133	0.133	0.111	0.133	0.091	0.267	0.133	0.133	0.067	0.111	0.178	0.156	0.119	0.156	0.182	0.244	0.244	0.233	0.244	0.286	0.488	NA	0.422	0.467	0.267	NA	N
BN190315	0.767	0.244	0.194	0.2	0.222	0.194	0.2	0.267	0.152	0.217	0.167	0.202	0.2	0.235	0.25	0.272	0.277	0.328	0.274	0.289	0.313	0.356	0.444	NA	0.263	0.341	0.317	NA	N
BN190319	0.746	0.639	0.551	0.586	0.601	0.556	0.599	0.608	0.518	0.581	0.509	0.536	0.535	0.52	0.516	0.662	0.64	0.706	0.709	0.632	0.68	0.693	0.828	NA	0.716	0.777	0.676	NA	T
BN190322	0.672	0.46	0.372	0.393	0.406	0.299	0.387	0.423	0.29	0.334	0.264	0.315	0.32	0.306	0.329	0.546	0.554	0.637	0.611	0.514	0.578	0.619	0.768	NA	0.629	0.714	0.538	NA	T
BN190323	NA	NA	NA	NA	NA	NA	NA	NA	NA	NA	NA	NA	NA	NA	NA	NA	NA	NA	NA	NA	NA	NA	NA	NA	NA	NA	NA	NA	T
position	28226981	28226994	28227010	28227012	28227014	28227020	28227027	28227048	28227055	28227059	28227069	28227080	28227086	28227092	28227094	28227128	28227135	28227143	28227145	28227166	28227180	28227189	28227199	28227200	28227208	28227211	28227221	28227222	
