14	0.535	0.208	0.173	0.188	0.262	0.228	0.202	0.166	0.13	0.348	0.287	0.352	0.285	0.337	0.193	0.192	0.226	0.189	0.163	0.089	0.066	0.12	T
15	0.574	0.179	0.139	0.113	0.257	0.18	0.165	0.188	0.124	0.267	0.234	0.318	0.259	0.327	0.09	0.13	0.129	0.085	0.082	0.08	0.059	0.111	N
17	0.631	0.266	0.199	0.169	0.264	0.233	0.186	0.165	0.136	0.314	0.308	0.367	0.289	0.253	0.132	0.159	0.112	0.082	0.076	0.13	0.087	0.106	N
172	0.57	0.681	0.652	0.565	0.707	0.659	0.642	0.661	0.564	0.701	0.682	0.711	0.68	0.69	0.623	0.646	0.647	0.646	0.635	0.568	0.59	0.447	T
177	0.557	0.214	0.09	0.097	0.302	0.205	0.229	0.208	0.223	0.446	0.436	0.449	0.37	0.46	0.143	0.188	0.181	0.138	0.149	0.046	0.035	0.146	T
18	0.591	0.535	0.464	0.479	0.582	0.498	0.451	0.49	0.366	0.551	0.564	0.597	0.51	0.576	0.504	0.514	0.513	0.475	0.481	0.365	0.308	0.464	T
19	0.624	0.684	0.663	0.676	0.72	0.703	0.688	0.701	0.548	0.724	0.717	0.74	0.698	0.702	0.667	0.666	0.675	0.665	0.669	0.57	0.584	0.624	N
22	0.627	0.209	0.163	0.16	0.172	0.194	0.112	0.152	0.107	0.27	0.218	0.291	0.224	0.217	0.08	0.105	0.122	0.086	0.095	0.099	0.053	0.099	N
25	0.629	0.386	0.357	0.335	0.408	0.393	0.349	0.374	0.318	0.418	0.395	0.448	0.395	0.369	0.322	0.333	0.333	0.317	0.332	0.296	0.298	0.303	N
27	0.607	0.202	0.158	0.262	0.335	0.264	0.268	0.247	0.158	0.324	0.273	0.333	0.306	0.366	0.115	0.23	0.317	0.188	0.137	0.044	0.038	0.165	T
31	0.614	0.728	0.407	0.472	0.847	0.831	0.827	0.779	0.586	0.9	0.903	0.903	0.863	0.809	0.397	0.494	0.752	0.682	0.677	0.341	0.405	0.801	T
32	NA	0.239	0.143	0.152	0.203	0.181	0.137	0.161	0.11	0.332	0.215	0.338	0.269	0.319	0.11	0.11	0.137	0.059	0.083	0.117	0.083	0.132	N
34	0.599	0.272	0.202	0.21	0.293	0.243	0.167	0.225	0.191	0.316	0.235	0.366	0.293	0.312	0.127	0.146	0.164	0.11	0.141	0.154	0.104	0.164	N
36	0.597	0.138	0.109	0.117	0.17	0.139	0.1	0.112	0.079	0.21	0.171	0.208	0.16	0.15	0.064	0.096	0.089	0.056	0.067	0.046	0.021	0.056	N
39	0.611	0.322	0.194	0.113	0.527	0.487	0.476	0.499	0.347	0.54	0.53	0.566	0.539	0.532	0.412	0.475	0.483	0.465	0.437	0.124	0.133	0.348	T
50	0.597	0.17	0.174	0.109	0.246	0.213	0.145	0.123	0.076	0.237	0.156	0.253	0.225	0.227	0.071	0.131	0.125	0.054	0.079	0.065	0.031	0.084	N
55	0.599	0.497	0.445	0.485	0.536	0.487	0.478	0.493	0.448	0.54	0.521	0.563	0.539	0.563	0.462	0.478	0.493	0.465	0.451	0.331	0.282	0.425	T
56	NA	NA	NA	NA	NA	NA	NA	NA	NA	NA	NA	NA	NA	NA	NA	NA	NA	NA	NA	NA	NA	NA	N
63	0.623	0.234	0.211	0.201	0.277	0.228	0.177	0.256	0.166	0.295	0.26	0.326	0.282	0.288	0.136	0.17	0.188	0.147	0.163	0.089	0.061	0.134	T
67	0.679	0.246	0.129	0.143	0.208	0.101	0.118	0.13	0.098	0.258	0.222	0.268	0.245	0.264	0.076	0.101	0.084	0.065	0.059	0.079	0.045	0.084	T
81	0.622	0.187	0.182	0.182	0.292	0.187	0.208	0.223	0.122	0.275	0.235	0.345	0.262	0.322	0.115	0.149	0.175	0.12	0.11	0.084	0.07	0.133	T
88	0.601	0.283	0.174	0.152	0.187	0.199	0.104	0.154	0.128	0.29	0.226	0.303	0.258	0.23	0.095	0.111	0.112	0.067	0.082	0.1	0.042	0.098	N
89	NA	NA	NA	NA	NA	NA	NA	NA	NA	NA	NA	NA	NA	NA	NA	NA	NA	NA	NA	NA	NA	NA	T
93	0.633	0.885	0.884	0.868	0.903	0.899	0.905	0.891	0.887	0.895	0.886	0.907	0.893	0.888	0.881	0.884	0.889	0.887	0.875	0.863	0.862	0.865	T
94	0.644	0.385	0.379	0.411	0.461	0.415	0.41	0.396	0.335	0.456	0.416	0.487	0.404	0.439	0.327	0.35	0.357	0.337	0.325	0.324	0.304	0.352	N
BN190001	0.611	0.095	0.099	0.116	0.223	0.165	0.153	0.158	0.099	0.232	0.22	0.27	0.186	0.257	0.063	0.089	0.115	0.058	0.057	0.027	0.027	0.064	T
BN190002	0.634	0.189	0.117	0.16	0.155	0.125	0.091	0.096	0.102	0.2	0.184	0.235	0.164	0.162	0.055	0.074	0.073	0.039	0.059	0.057	0.039	0.073	N
BN190003	0.55	0.595	0.578	0.568	0.608	0.559	0.607	0.613	0.543	0.639	0.62	0.662	0.63	0.624	0.585	0.559	0.598	0.568	0.581	0.509	0.551	0.568	T
BN190005	0.593	0.359	0.198	0.146	0.149	0.215	0.131	0.251	0.142	0.331	0.23	0.315	0.238	0.274	0.149	0.154	0.105	0.102	0.097	0.113	0.093	0.126	N
BN190006	0.587	0.401	0.325	0.361	0.379	0.309	0.224	0.319	0.33	0.445	0.438	0.468	0.418	0.462	0.357	0.369	0.375	0.347	0.321	0.205	0.129	0.189	T
BN190007	0.606	0.275	0.248	0.283	0.272	0.232	0.177	0.219	0.221	0.374	0.311	0.374	0.339	0.334	0.215	0.225	0.228	0.194	0.194	0.146	0.092	0.143	N
BN190008	0.6	0.328	0.239	0.285	0.362	0.284	0.197	0.313	0.253	0.391	0.348	0.402	0.379	0.319	0.231	0.218	0.264	0.226	0.217	0.196	0.175	0.171	T
BN190010	0.588	0.423	0.38	0.385	0.452	0.379	0.331	0.358	0.282	0.446	0.418	0.466	0.402	0.447	0.177	0.258	0.307	0.29	0.256	0.242	0.232	0.28	N
BN190011	0.571	0.318	0.28	0.35	0.419	0.333	0.182	0.257	0.246	0.363	0.294	0.377	0.337	0.378	0.114	0.115	0.218	0.18	0.098	0.204	0.208	0.239	T
BN190012	0.639	0.252	0.161	0.14	0.194	0.191	0.131	0.154	0.098	0.281	0.203	0.293	0.241	0.212	0.09	0.101	0.096	0.065	0.082	0.09	0.049	0.116	N
BN190014	0.606	0.238	0.245	0.225	0.285	0.227	0.199	0.252	0.178	0.293	0.261	0.325	0.304	0.307	0.148	0.189	0.188	0.143	0.127	0.085	0.053	0.145	T
BN190015	0.583	0.229	0.206	0.163	0.149	0.105	0.128	0.114	0.092	0.289	0.159	0.298	0.168	0.248	0.092	0.136	0.096	0.035	0.084	0.057	0.048	0.083	N
BN190017	0.619	0.144	0.137	0.116	0.222	0.172	0.143	0.158	0.101	0.268	0.185	0.266	0.23	0.278	0.1	0.108	0.127	0.08	0.071	0.051	0.042	0.056	N
BN190018	0.58	0.47	0.442	0.401	0.426	0.402	0.301	0.449	0.439	0.502	0.438	0.485	0.464	0.425	0.336	0.378	0.406	0.371	0.373	0.248	0.161	0.391	T
BN190019	0.591	0.382	0.347	0.266	0.421	0.361	0.357	0.368	0.317	0.435	0.415	0.471	0.415	0.435	0.267	0.334	0.351	0.308	0.239	0.169	0.147	0.288	T
BN190023	0.646	0.347	0.296	0.272	0.366	0.345	0.266	0.284	0.264	0.401	0.338	0.406	0.386	0.396	0.237	0.24	0.271	0.227	0.222	0.23	0.19	0.254	N
BN190024	0.632	0.734	0.437	0.358	0.451	0.369	0.221	0.551	0.572	0.837	0.84	0.839	0.828	0.835	0.815	0.818	0.821	0.821	0.787	0.538	0.53	0.667	T
BN190026	0.588	0.214	0.143	0.136	0.143	0.165	0.081	0.154	0.126	0.288	0.242	0.29	0.271	0.268	0.176	0.189	0.197	0.165	0.178	0.102	0.11	0.148	N
BN190028	0.613	0.287	0.19	0.146	0.233	0.229	0.146	0.207	0.137	0.329	0.286	0.383	0.31	0.291	0.14	0.158	0.147	0.08	0.068	0.077	0.055	0.101	T
BN190029	0.622	0.366	0.152	0.161	0.304	0.241	0.161	0.25	0.161	0.277	0.277	0.286	0.312	0.234	0.125	0.125	0.152	0.116	0.125	0.062	0.054	0.117	N
BN190030	NA	NA	NA	NA	NA	NA	NA	NA	NA	NA	NA	NA	NA	NA	NA	NA	NA	NA	NA	NA	NA	NA	N
BN190031	0.664	0.237	0.193	0.145	0.239	0.193	0.166	0.158	0.093	0.328	0.297	0.326	0.276	0.246	0.1	0.145	0.176	0.095	0.139	0.112	0.046	0.075	T
BN190032	0.641	0.135	0.089	0.107	0.175	0.155	0.128	0.124	0.082	0.18	0.18	0.234	0.153	0.195	0.06	0.106	0.128	0.066	0.06	0.036	0.033	0.062	N
BN190033	0.639	0.455	0.43	0.428	0.516	0.472	0.465	0.474	0.385	0.503	0.475	0.548	0.478	0.497	0.404	0.382	0.417	0.405	0.406	0.372	0.366	0.406	T
BN190034	0.615	0.178	0.123	0.111	0.423	0.365	0.298	0.463	0.485	0.531	0.528	0.571	0.385	0.425	0.117	0.133	0.141	0.123	0.144	0.033	0.043	0.1	T
BN190036	0.66	0.147	0.118	0.13	0.24	0.157	0.148	0.172	0.106	0.256	0.224	0.322	0.23	0.269	0.087	0.119	0.172	0.105	0.086	0.062	0.051	0.099	T
BN190037	0.64	0.077	0.053	0.061	0.168	0.1	0.1	0.181	0.087	0.226	0.219	0.225	0.169	0.203	0.075	0.09	0.109	0.075	0.093	0.024	0.038	0.066	N
BN190038	0.688	0.161	0.097	0.065	0.151	0.14	0.14	0.108	0.043	0.226	0.151	0.151	0.172	0.129	0.054	0.011	0.032	0.065	0.065	0.065	0.022	0.065	N
BN190039	0.588	0.565	0.529	0.476	0.521	0.518	0.435	0.415	0.482	0.587	0.554	0.589	0.547	0.529	0.463	0.466	0.478	0.474	0.392	0.439	0.421	0.451	T
BN190040	0.593	0.224	0.183	0.172	0.228	0.201	0.157	0.178	0.154	0.245	0.204	0.268	0.2	0.228	0.131	0.146	0.157	0.135	0.119	0.109	0.111	0.13	N
BN190041	0.582	0.207	0.132	0.214	0.28	0.121	0.125	0.258	0.196	0.369	0.339	0.398	0.331	0.343	0.095	0.129	0.159	0.111	0.109	0.038	0.043	0.076	T
BN190042	0.587	0.202	0.138	0.139	0.177	0.159	0.083	0.137	0.091	0.278	0.193	0.287	0.218	0.209	0.082	0.09	0.105	0.056	0.068	0.064	0.034	0.082	N
BN190044	0.606	0.926	0.932	0.928	0.924	0.926	0.928	0.93	0.923	0.924	0.931	0.941	0.931	0.946	0.922	0.934	0.927	0.921	0.915	0.912	0.909	0.919	T
BN190046	0.66	0.592	0.558	0.59	0.628	0.607	0.601	0.607	0.565	0.629	0.628	0.65	0.619	0.636	0.519	0.585	0.606	0.525	0.577	0.414	0.415	0.566	T
BN190047	0.582	0.248	0.177	0.19	0.247	0.15	0.118	0.139	0.099	0.283	0.209	0.351	0.287	0.324	0.09	0.129	0.146	0.079	0.085	0.06	0.041	0.084	N
BN190048	0.605	0.356	0.354	0.319	0.413	0.261	0.259	0.343	0.156	0.404	0.378	0.432	0.38	0.398	0.218	0.251	0.28	0.203	0.195	0.167	0.127	0.169	T
BN190049	0.642	0.908	0.664	0.7	0.719	0.57	0.643	0.725	0.552	0.886	0.861	0.888	0.915	0.874	0.687	0.73	0.849	0.856	0.811	0.498	0.491	0.735	T
BN190050	0.572	0.241	0.208	0.216	0.311	0.266	0.198	0.233	0.161	0.316	0.291	0.345	0.275	0.292	0.162	0.183	0.222	0.174	0.199	0.123	0.131	0.187	N
BN190051	0.596	0.282	0.172	0.182	0.366	0.306	0.259	0.276	0.116	0.415	0.393	0.466	0.344	0.414	0.088	0.142	0.148	0.088	0.079	0.094	0.074	0.193	T
BN190052	0.611	0.248	0.181	0.168	0.294	0.213	0.213	0.278	0.127	0.348	0.321	0.392	0.296	0.358	0.131	0.145	0.173	0.112	0.13	0.1	0.06	0.169	N
BN190054	0.582	0.912	0.764	0.783	0.758	0.461	0.42	0.459	0.226	0.976	0.955	0.976	0.959	0.948	0.618	0.868	0.792	0.744	0.92	0.177	0.219	0.674	T
BN190055	0.7	0.418	0.387	0.387	0.427	0.413	0.387	0.371	0.347	0.516	0.4	0.522	0.489	0.395	0.324	0.348	0.329	0.342	0.305	0.302	0.293	0.324	T
BN190056	0.662	0.167	0.095	0.093	0.186	0.108	0.087	0.108	0.104	0.271	0.199	0.247	0.206	0.26	0.084	0.113	0.11	0.054	0.08	0.097	0.039	0.104	N
BN190057	0.593	0.17	0.107	0.11	0.19	0.133	0.085	0.128	0.083	0.191	0.163	0.22	0.163	0.186	0.066	0.085	0.096	0.046	0.055	0.061	0.048	0.064	T
BN190059	0.597	0.219	0.163	0.116	0.134	0.124	0.069	0.133	0.091	0.292	0.24	0.323	0.211	0.198	0.082	0.129	0.15	0.078	0.048	0.026	0.052	0.06	N
BN190062	0.576	0.141	0.117	0.109	0.17	0.111	0.08	0.089	0.059	0.165	0.122	0.169	0.145	0.137	0.045	0.064	0.07	0.054	0.054	0.04	0.038	0.049	N
BN190068	0.605	0.118	0.104	0.075	0.145	0.112	0.078	0.115	0.08	0.156	0.136	0.179	0.157	0.174	0.073	0.087	0.112	0.072	0.082	0.049	0.044	0.052	N
BN190071	0.615	0.269	0.203	0.166	0.272	0.196	0.101	0.151	0.131	0.333	0.256	0.353	0.327	0.323	0.106	0.143	0.19	0.133	0.124	0.081	0.033	0.112	N
BN190072	0.675	0.238	0.139	0.176	0.212	0.163	0.21	0.151	0.096	0.353	0.252	0.374	0.233	0.276	0.076	0.111	0.108	0.071	0.077	0.094	0.057	0.101	N
BN190073	0.677	0.406	0.264	0.238	0.437	0.289	0.392	0.374	0.186	0.428	0.437	0.519	0.453	0.471	0.161	0.183	0.183	0.068	0.116	0.061	0.051	0.109	T
BN190075	0.621	0.289	0.213	0.17	0.224	0.205	0.137	0.183	0.109	0.301	0.265	0.341	0.265	0.24	0.077	0.108	0.105	0.055	0.077	0.076	0.035	0.093	N
BN190077	0.612	0.611	0.581	0.593	0.624	0.619	0.593	0.623	0.533	0.642	0.612	0.648	0.613	0.638	0.552	0.569	0.574	0.56	0.548	0.497	0.507	0.535	T
BN190080	0.631	0.111	0.084	0.113	0.133	0.127	0.109	0.111	0.072	0.128	0.12	0.164	0.14	0.138	0.078	0.078	0.082	0.056	0.078	0.043	0.047	0.058	N
BN190083	0.594	0.191	0.152	0.149	0.291	0.206	0.219	0.272	0.209	0.34	0.319	0.403	0.321	0.334	0.153	0.178	0.186	0.127	0.131	0.067	0.041	0.102	T
BN190085	0.625	0.33	0.227	0.21	0.3	0.226	0.142	0.218	0.179	0.409	0.327	0.483	0.355	0.356	0.162	0.196	0.216	0.135	0.134	0.126	0.089	0.157	N
BN190087	0.589	0.205	0.188	0.187	0.269	0.236	0.203	0.184	0.068	0.243	0.209	0.274	0.222	0.252	0.155	0.167	0.189	0.148	0.141	0.101	0.091	0.148	T
BN190089	0.671	0.431	0.412	0.43	0.465	0.414	0.412	0.314	0.177	0.489	0.464	0.506	0.447	0.464	0.406	0.414	0.412	0.4	0.356	0.227	0.225	0.353	N
BN190090	0.6	0.612	0.416	0.114	0.595	0.51	0.521	0.596	0.476	0.42	0.462	0.606	0.561	0.585	0.413	0.495	0.359	0.119	0.111	0.156	0.088	0.349	T
BN190092	0.654	0.289	0.227	0.082	0.308	0.259	0.257	0.32	0.146	0.17	0.164	0.349	0.265	0.337	0.137	0.216	0.199	0.082	0.062	0.053	0.032	0.143	N
BN190094	0.635	0.586	0.495	0.508	0.615	0.588	0.578	0.575	0.514	0.599	0.576	0.629	0.601	0.617	0.54	0.558	0.569	0.534	0.51	0.447	0.429	0.52	T
BN190096	0.6	0.181	0.155	0.205	0.27	0.217	0.216	0.188	0.149	0.264	0.251	0.29	0.243	0.259	0.187	0.205	0.193	0.188	0.17	0.105	0.095	0.172	N
BN190098	NA	0.138	0.109	0.135	0.223	0.141	0.128	0.159	0.069	0.238	0.202	0.254	0.195	0.214	0.11	0.119	0.117	0.074	0.074	0.044	0.034	0.071	N
BN190099	0.602	0.124	0.089	0.1	0.222	0.136	0.12	0.149	0.073	0.212	0.189	0.224	0.181	0.235	0.067	0.101	0.115	0.054	0.066	0.03	0.036	0.067	T
BN190101	0.591	0.099	0.083	0.089	0.121	0.11	0.077	0.1	0.062	0.169	0.12	0.196	0.131	0.145	0.038	0.064	0.052	0.035	0.046	0.028	0.026	0.048	N
BN190106	0.665	0.621	0.498	0.582	0.58	0.582	0.484	0.524	0.574	0.667	0.651	0.671	0.623	0.591	0.436	0.577	0.569	0.561	0.514	0.313	0.297	0.566	T
BN190109	0.63	0.151	0.138	0.159	0.168	0.136	0.128	0.135	0.11	0.171	0.181	0.202	0.156	0.165	0.086	0.114	0.106	0.103	0.095	0.076	0.06	0.112	N
BN190111	0.634	0.284	0.216	0.354	0.215	0.178	0.09	0.114	0.094	0.304	0.247	0.365	0.242	0.294	0.059	0.119	0.094	0.057	0.048	0.097	0.029	0.064	T
BN190114	0.617	0.422	0.409	0.411	0.492	0.438	0.415	0.387	0.365	0.452	0.415	0.479	0.451	0.45	0.363	0.404	0.35	0.387	0.366	0.34	0.285	0.374	T
BN190117	0.605	0.471	0.456	0.432	0.531	0.488	0.481	0.457	0.384	0.51	0.498	0.532	0.509	0.504	0.425	0.458	0.457	0.42	0.403	0.364	0.324	0.43	N
BN190119	0.635	0.867	0.763	0.745	0.901	0.863	0.797	0.916	0.796	0.913	0.921	0.931	0.899	0.908	0.83	0.868	0.904	0.903	0.901	0.42	0.474	0.603	T
BN190120	0.602	0.17	0.157	0.161	0.284	0.196	0.218	0.223	0.147	0.269	0.245	0.317	0.288	0.33	0.168	0.2	0.204	0.171	0.154	0.101	0.112	0.153	N
BN190121	0.644	0.171	0.158	0.198	0.275	0.235	0.222	0.239	0.147	0.295	0.276	0.328	0.257	0.304	0.176	0.194	0.206	0.176	0.169	0.088	0.075	0.123	T
BN190122	0.592	0.15	0.124	0.101	0.155	0.161	0.106	0.139	0.111	0.188	0.151	0.184	0.174	0.188	0.097	0.099	0.118	0.098	0.108	0.068	0.076	0.092	N
BN190125	0.605	0.173	0.108	0.11	0.174	0.153	0.102	0.115	0.079	0.208	0.167	0.235	0.171	0.187	0.053	0.067	0.08	0.037	0.054	0.057	0.031	0.079	T
BN190128	0.616	0.26	0.153	0.142	0.244	0.225	0.145	0.164	0.103	0.216	0.169	0.254	0.208	0.177	0.062	0.101	0.091	0.041	0.074	0.049	0.051	0.087	N
BN190131	0.659	0.15	0.1	0.11	0.193	0.142	0.131	0.144	0.074	0.199	0.176	0.225	0.167	0.195	0.034	0.073	0.096	0.05	0.06	0.072	0.023	0.066	T
BN190133	NA	NA	NA	NA	NA	NA	NA	NA	NA	NA	NA	NA	NA	NA	NA	NA	NA	NA	NA	NA	NA	NA	N
BN190135	0.6	0.25	0.202	0.175	0.341	0.209	0.166	0.212	0.142	0.328	0.284	0.364	0.305	0.368	0.188	0.226	0.231	0.19	0.204	0.132	0.15	0.162	T
BN190137	0.602	0.084	0.073	0.052	0.115	0.088	0.066	0.081	0.064	0.167	0.133	0.184	0.13	0.123	0.055	0.082	0.09	0.075	0.065	0.051	0.037	0.049	N
BN190141	0.613	0.181	0.161	0.171	0.275	0.21	0.194	0.197	0.126	0.268	0.215	0.307	0.252	0.279	0.14	0.178	0.177	0.133	0.127	0.089	0.088	0.133	T
BN190142	0.625	0.494	0.44	0.451	0.48	0.462	0.445	0.473	0.399	0.487	0.468	0.521	0.488	0.513	0.411	0.437	0.433	0.399	0.392	0.371	0.359	0.391	N
BN190147	0.591	0.189	0.097	0.111	0.29	0.249	0.182	0.314	0.231	0.391	0.286	0.353	0.331	0.3	0.155	0.153	0.129	0.112	0.135	0.044	0.032	0.162	T
BN190149	0.619	0.145	0.079	0.089	0.237	0.221	0.2	0.276	0.181	0.275	0.255	0.313	0.244	0.268	0.108	0.136	0.142	0.105	0.102	0.037	0.037	0.104	N
BN190150	0.594	0.245	0.193	0.203	0.345	0.232	0.237	0.255	0.151	0.311	0.303	0.376	0.314	0.369	0.199	0.235	0.26	0.193	0.203	0.141	0.151	0.165	T
BN190151	0.612	0.32	0.228	0.274	0.418	0.279	0.299	0.325	0.172	0.358	0.347	0.427	0.378	0.433	0.269	0.302	0.316	0.28	0.278	0.154	0.153	0.241	T
BN190155	0.592	0.185	0.16	0.141	0.244	0.176	0.156	0.198	0.103	0.246	0.203	0.293	0.226	0.252	0.115	0.131	0.129	0.103	0.092	0.095	0.064	0.103	N
BN190158	0.618	0.399	0.296	0.283	0.481	0.274	0.262	0.245	0.077	0.327	0.284	0.38	0.212	0.43	0.054	0.1	0.106	0.057	0.076	0.049	0.035	0.214	T
BN190159	NA	NA	NA	NA	NA	NA	NA	NA	NA	NA	NA	NA	NA	NA	NA	NA	NA	NA	NA	NA	NA	NA	N
BN190162	0.786	0.214	0.143	0.143	0.429	0.214	0.286	0.357	0.214	0.214	0.214	0.357	0.286	0.357	0.214	0.286	0.286	0.286	0.214	0.286	0.214	0.214	T
BN190163	0.667	0.574	0.396	0.303	0.608	0.563	0.5	0.584	0.565	0.614	0.621	0.659	0.624	0.625	0.599	0.601	0.61	0.607	0.567	0.453	0.483	0.568	N
BN190164	0.594	0.628	0.548	0.566	0.778	0.693	0.707	0.757	0.728	0.773	0.765	0.785	0.763	0.775	0.716	0.728	0.732	0.731	0.703	0.227	0.299	0.535	T
BN190166	0.576	0.407	0.467	0.572	0.63	0.577	0.576	0.593	0.524	0.625	0.593	0.635	0.61	0.632	0.547	0.557	0.556	0.54	0.526	0.201	0.251	0.48	N
BN190168	0.577	0.226	0.143	0.156	0.273	0.228	0.212	0.24	0.16	0.312	0.251	0.338	0.24	0.263	0.08	0.086	0.105	0.053	0.073	0.079	0.043	0.094	T
BN190170	0.596	0.313	0.255	0.248	0.273	0.234	0.22	0.247	0.21	0.351	0.322	0.356	0.327	0.323	0.2	0.211	0.235	0.188	0.163	0.167	0.133	0.183	T
BN190171	0.597	0.111	0.118	0.116	0.137	0.141	0.113	0.116	0.093	0.186	0.131	0.175	0.155	0.137	0.091	0.09	0.093	0.072	0.081	0.084	0.062	0.088	N
BN190172	0.605	0.284	0.269	0.306	0.524	0.342	0.457	0.33	0.06	0.339	0.312	0.346	0.302	0.391	0.055	0.084	0.257	0.098	0.07	0.044	0.045	0.201	T
BN190175	NA	NA	NA	NA	NA	NA	NA	NA	NA	NA	NA	NA	NA	NA	NA	NA	NA	NA	NA	NA	NA	NA	N
BN190179	0.636	0.15	0.233	0.39	0.612	0.431	0.301	0.443	0.135	0.69	0.694	0.723	0.638	0.622	0.117	0.192	0.206	0.101	0.102	0.032	0.033	0.112	T
BN190180	0.599	0.112	0.101	0.113	0.169	0.165	0.11	0.127	0.063	0.226	0.202	0.209	0.183	0.176	0.045	0.074	0.079	0.036	0.047	0.029	0.027	0.051	N
BN190181	0.635	0.349	0.187	0.358	0.488	0.293	0.274	0.414	0.686	0.642	0.556	0.635	0.45	0.408	0.057	0.073	0.088	0.066	0.088	0.04	0.029	0.121	T
BN190184	0.605	0.15	0.09	0.107	0.177	0.132	0.106	0.142	0.084	0.195	0.145	0.225	0.176	0.203	0.056	0.083	0.104	0.057	0.056	0.032	0.023	0.076	N
BN190186	0.607	0.196	0.143	0.168	0.267	0.18	0.186	0.236	0.132	0.28	0.256	0.325	0.275	0.327	0.127	0.144	0.172	0.12	0.12	0.077	0.05	0.12	T
BN190189	0.627	0.151	0.111	0.123	0.165	0.143	0.098	0.135	0.084	0.213	0.15	0.216	0.176	0.178	0.059	0.085	0.088	0.053	0.049	0.049	0.032	0.059	N
BN190191	0.624	0.788	0.793	0.786	0.801	0.801	0.702	0.789	0.749	0.814	0.797	0.81	0.804	0.797	0.758	0.769	0.773	0.759	0.754	0.729	0.727	0.743	T
BN190192	0.657	0.614	0.583	0.583	0.635	0.626	0.578	0.626	0.585	0.638	0.63	0.674	0.646	0.646	0.6	0.607	0.6	0.595	0.585	0.529	0.554	0.562	N
BN190193	0.625	0.159	0.097	0.104	0.138	0.161	0.08	0.117	0.099	0.18	0.143	0.233	0.187	0.123	0.059	0.088	0.08	0.042	0.049	0.052	0.026	0.05	T
BN190195	0.636	0.054	0.029	0.069	0.055	0.063	0.041	0.057	0.029	0.075	0.078	0.102	0.084	0.072	0.026	0.033	0.042	0.018	0.036	0.03	0.008	0.023	N
BN190198	0.569	0.3	0.196	0.185	0.323	0.229	0.148	0.323	0.114	0.409	0.387	0.459	0.412	0.407	0.306	0.349	0.37	0.304	0.205	0.256	0.219	0.274	T
BN190199	NA	NA	NA	NA	NA	NA	NA	NA	NA	NA	NA	NA	NA	NA	NA	NA	NA	NA	NA	NA	NA	NA	N
BN190200	0.643	0.732	0.597	0.547	0.736	0.738	0.688	0.753	0.718	0.805	0.809	0.829	0.761	0.807	0.788	0.781	0.775	0.789	0.78	0.407	0.519	0.676	T
BN190201	0.633	0.174	0.144	0.128	0.173	0.138	0.098	0.134	0.072	0.208	0.19	0.226	0.188	0.175	0.066	0.089	0.096	0.054	0.053	0.051	0.033	0.062	N
BN190202	0.603	0.285	0.115	0.1	0.36	0.214	0.175	0.478	0.318	0.683	0.678	0.698	0.604	0.588	0.249	0.289	0.264	0.231	0.286	0.047	0.034	0.235	T
BN190203	0.649	0.155	0.105	0.115	0.229	0.149	0.139	0.156	0.104	0.2	0.163	0.25	0.196	0.258	0.103	0.114	0.155	0.1	0.085	0.042	0.054	0.089	T
BN190206	0.614	0.204	0.137	0.155	0.213	0.199	0.128	0.175	0.113	0.267	0.211	0.299	0.23	0.221	0.085	0.093	0.129	0.065	0.082	0.082	0.025	0.103	N
BN190209	0.657	0.214	0.182	0.143	0.204	0.203	0.142	0.162	0.122	0.317	0.257	0.323	0.288	0.285	0.1	0.122	0.146	0.072	0.107	0.078	0.038	0.09	N
BN190210	0.631	0.529	0.565	0.442	0.61	0.589	0.552	0.567	0.533	0.601	0.578	0.615	0.593	0.565	0.49	0.352	0.357	0.307	0.277	0.325	0.295	0.485	T
BN190211	0.632	0.813	0.749	0.766	0.818	0.784	0.641	0.802	0.76	0.851	0.829	0.848	0.834	0.837	0.764	0.773	0.81	0.77	0.74	0.647	0.558	0.777	T
BN190213	0.627	0.14	0.111	0.091	0.146	0.166	0.087	0.15	0.108	0.146	0.125	0.22	0.137	0.125	0.085	0.079	0.085	0.058	0.079	0.067	0.029	0.053	N
BN190215	0.605	0.5	0.463	0.464	0.495	0.476	0.413	0.493	0.38	0.521	0.508	0.528	0.505	0.525	0.441	0.458	0.46	0.434	0.433	0.34	0.311	0.415	T
BN190218	0.612	0.227	0.204	0.152	0.297	0.226	0.219	0.233	0.166	0.272	0.229	0.328	0.259	0.253	0.164	0.166	0.162	0.151	0.136	0.118	0.1	0.147	N
BN190219	0.675	0.281	0.268	0.274	0.381	0.302	0.312	0.304	0.249	0.355	0.325	0.39	0.33	0.386	0.241	0.262	0.285	0.251	0.25	0.22	0.212	0.227	T
BN190221	0.608	0.178	0.108	0.125	0.181	0.118	0.122	0.106	0.062	0.18	0.149	0.203	0.174	0.2	0.064	0.087	0.099	0.059	0.071	0.052	0.034	0.059	N
BN190223	0.622	0.207	0.195	0.222	0.327	0.275	0.262	0.265	0.221	0.304	0.288	0.346	0.316	0.341	0.218	0.234	0.247	0.212	0.207	0.138	0.134	0.186	T
BN190225	0.638	0.209	0.124	0.099	0.138	0.123	0.089	0.124	0.087	0.186	0.167	0.255	0.157	0.168	0.059	0.083	0.1	0.048	0.055	0.042	0.026	0.054	N
BN190227	0.582	0.533	0.519	0.511	0.591	0.56	0.541	0.541	0.507	0.582	0.554	0.616	0.567	0.605	0.5	0.515	0.529	0.502	0.495	0.456	0.451	0.466	T
BN190229	0.6	0.316	0.299	0.289	0.363	0.342	0.287	0.312	0.287	0.338	0.315	0.376	0.338	0.373	0.264	0.271	0.298	0.263	0.266	0.246	0.223	0.256	N
BN190231	0.604	0.329	0.303	0.318	0.376	0.331	0.316	0.334	0.256	0.351	0.323	0.39	0.333	0.377	0.27	0.288	0.296	0.262	0.255	0.227	0.215	0.242	T
BN190233	0.6	0.17	0.14	0.123	0.175	0.149	0.117	0.161	0.106	0.213	0.192	0.258	0.168	0.174	0.08	0.084	0.083	0.063	0.068	0.087	0.046	0.093	N
BN190235	0.648	0.218	0.134	0.148	0.218	0.16	0.126	0.159	0.105	0.245	0.203	0.275	0.239	0.272	0.108	0.136	0.135	0.09	0.099	0.076	0.063	0.107	T
BN190238	0.61	0.211	0.16	0.127	0.2	0.187	0.107	0.149	0.102	0.26	0.197	0.262	0.193	0.2	0.091	0.083	0.112	0.053	0.08	0.11	0.057	0.1	N
BN190240	0.599	0.164	0.138	0.137	0.265	0.171	0.149	0.223	0.112	0.26	0.233	0.333	0.233	0.298	0.084	0.121	0.151	0.083	0.079	0.052	0.044	0.089	T
BN190241	NA	0.257	0.178	0.143	0.243	0.195	0.142	0.177	0.135	0.34	0.269	0.315	0.289	0.281	0.108	0.15	0.155	0.095	0.104	0.052	0.031	0.089	N
BN190242	0.589	0.664	0.62	0.49	0.646	0.565	0.456	0.471	0.453	0.68	0.655	0.673	0.664	0.685	0.576	0.594	0.608	0.556	0.41	0.442	0.423	0.562	T
BN190244	0.625	0.18	0.125	0.142	0.266	0.214	0.178	0.186	0.101	0.256	0.219	0.261	0.241	0.28	0.138	0.17	0.18	0.142	0.115	0.094	0.086	0.118	T
BN190245	0.592	0.327	0.225	0.164	0.223	0.244	0.191	0.18	0.143	0.348	0.294	0.349	0.283	0.244	0.14	0.154	0.175	0.11	0.115	0.128	0.106	0.14	N
BN190247	0.606	0.323	0.234	0.182	0.205	0.219	0.142	0.135	0.12	0.271	0.185	0.273	0.198	0.156	0.064	0.079	0.072	0.035	0.046	0.064	0.035	0.047	T
BN190248	0.607	0.821	0.74	0.704	0.88	0.875	0.857	0.888	0.854	0.892	0.887	0.898	0.877	0.891	0.886	0.858	0.892	0.889	0.868	0.738	0.817	0.868	T
BN190249	0.619	0.678	0.674	0.666	0.711	0.678	0.674	0.673	0.651	0.696	0.676	0.709	0.683	0.695	0.655	0.637	0.663	0.646	0.65	0.612	0.629	0.631	T
BN190251	0.592	0.221	0.185	0.215	0.282	0.216	0.208	0.213	0.169	0.279	0.234	0.297	0.248	0.302	0.141	0.176	0.188	0.144	0.131	0.106	0.079	0.141	T
BN190252	0.573	0.502	0.491	0.49	0.518	0.525	0.486	0.486	0.452	0.505	0.484	0.536	0.504	0.504	0.449	0.459	0.46	0.452	0.449	0.438	0.437	0.454	T
BN190255	0.588	0.154	0.136	0.107	0.196	0.156	0.099	0.133	0.079	0.208	0.168	0.221	0.209	0.224	0.063	0.099	0.101	0.051	0.064	0.06	0.04	0.083	N
BN190256	0.668	0.284	0.306	0.751	0.327	0.289	0.292	0.765	0.078	0.763	0.628	0.538	0.776	0.719	0.622	0.446	0.301	0.169	0.313	0.242	0.062	0.139	T
BN190257	0.581	0.271	0.194	0.192	0.263	0.174	0.129	0.21	0.116	0.382	0.312	0.408	0.334	0.324	0.116	0.155	0.147	0.106	0.104	0.111	0.07	0.119	N
BN190258	0.592	0.169	0.118	0.154	0.47	0.333	0.419	0.458	0.316	0.545	0.518	0.548	0.461	0.558	0.319	0.385	0.416	0.374	0.318	0.046	0.073	0.172	T
BN190260	0.62	0.154	0.095	0.123	0.2	0.148	0.126	0.147	0.077	0.224	0.187	0.243	0.184	0.237	0.092	0.088	0.116	0.054	0.068	0.049	0.039	0.073	N
BN190262	0.602	0.11	0.089	0.079	0.125	0.105	0.081	0.099	0.075	0.164	0.126	0.176	0.127	0.107	0.081	0.055	0.079	0.06	0.068	0.054	0.031	0.058	N
BN190264	0.604	0.216	0.14	0.189	0.231	0.15	0.142	0.211	0.144	0.307	0.214	0.36	0.312	0.325	0.137	0.17	0.173	0.125	0.123	0.081	0.048	0.136	N
BN190265	0.572	0.525	0.656	0.689	0.709	0.687	0.498	0.675	0.445	0.71	0.695	0.709	0.542	0.697	0.476	0.567	0.495	0.305	0.328	0.363	0.434	0.635	T
BN190266	0.592	0.214	0.154	0.228	0.284	0.195	0.172	0.24	0.112	0.344	0.267	0.353	0.264	0.287	0.113	0.137	0.163	0.132	0.12	0.083	0.078	0.149	N
BN190267	0.63	0.227	0.15	0.17	0.305	0.247	0.209	0.305	0.193	0.366	0.367	0.388	0.336	0.347	0.146	0.198	0.201	0.137	0.148	0.043	0.057	0.133	T
BN190269	0.578	0.268	0.156	0.186	0.219	0.174	0.115	0.176	0.124	0.257	0.221	0.298	0.226	0.243	0.102	0.124	0.097	0.075	0.11	0.057	0.041	0.111	N
BN190270	0.581	0.407	0.23	0.311	0.464	0.317	0.253	0.402	0.299	0.49	0.513	0.529	0.479	0.526	0.295	0.338	0.361	0.317	0.305	0.049	0.031	0.099	T
BN190271	0.682	0.182	0.166	0.136	0.172	0.156	0.105	0.167	0.109	0.206	0.162	0.196	0.182	0.167	0.125	0.118	0.132	0.111	0.108	0.098	0.085	0.115	N
BN190274	0.6	0.316	0.27	0.356	0.405	0.348	0.362	0.352	0.3	0.408	0.387	0.402	0.439	0.465	0.285	0.298	0.323	0.283	0.278	0.226	0.222	0.273	T
BN190278	0.601	0.788	0.778	0.776	0.8	0.792	0.763	0.771	0.748	0.793	0.783	0.806	0.789	0.79	0.755	0.761	0.753	0.756	0.749	0.725	0.724	0.738	T
BN190279	0.584	0.121	0.1	0.123	0.168	0.128	0.116	0.126	0.075	0.192	0.164	0.228	0.187	0.203	0.101	0.131	0.123	0.101	0.096	0.066	0.05	0.078	N
BN190280	0.582	0.755	0.58	0.845	0.856	0.822	0.686	0.681	0.544	0.845	0.85	0.87	0.851	0.862	0.837	0.826	0.849	0.85	0.802	0.583	0.541	0.505	T
BN190283	0.559	0.193	0.137	0.123	0.212	0.241	0.164	0.157	0.098	0.222	0.181	0.248	0.224	0.2	0.08	0.103	0.098	0.051	0.113	0.061	0.022	0.11	N
BN190284	0.618	0.47	0.357	0.295	0.503	0.437	0.389	0.489	0.472	0.598	0.58	0.626	0.559	0.605	0.437	0.463	0.504	0.485	0.451	0.356	0.344	0.442	T
BN190285	0.614	0.274	0.187	0.167	0.241	0.211	0.153	0.183	0.13	0.264	0.225	0.319	0.271	0.279	0.102	0.112	0.144	0.05	0.072	0.086	0.028	0.072	N
BN190286	0.622	0.348	0.313	0.333	0.436	0.366	0.381	0.42	0.145	0.499	0.458	0.494	0.347	0.434	0.201	0.215	0.284	0.207	0.21	0.244	0.197	0.317	T
BN190287	0.59	0.301	0.193	0.164	0.32	0.249	0.168	0.306	0.193	0.358	0.312	0.343	0.346	0.305	0.223	0.262	0.239	0.153	0.149	0.119	0.089	0.182	N
BN190288	0.596	0.331	0.308	0.258	0.456	0.354	0.287	0.421	0.284	0.492	0.499	0.491	0.492	0.523	0.423	0.447	0.398	0.374	0.307	0.133	0.121	0.248	T
BN190290	0.623	0.341	0.35	0.291	0.397	0.314	0.285	0.378	0.298	0.412	0.355	0.453	0.39	0.394	0.31	0.325	0.292	0.25	0.293	0.227	0.221	0.301	N
BN190292	0.668	0.268	0.142	0.125	0.205	0.181	0.123	0.235	0.122	0.252	0.232	0.382	0.345	0.341	0.096	0.235	0.232	0.202	0.151	0.066	0.061	0.207	T
BN190293	0.786	0.286	0.214	0.214	0.214	0.214	0.214	0.286	0.357	0.429	0.5	0.5	0.571	0.615	0.143	0.143	0.143	0.077	0.143	0.143	0.154	0.143	N
BN190296	0.595	0.219	0.207	0.226	0.36	0.256	0.292	0.316	0.204	0.331	0.323	0.351	0.333	0.385	0.194	0.24	0.246	0.21	0.189	0.088	0.093	0.144	T
BN190298	0.626	0.268	0.247	0.21	0.305	0.248	0.247	0.218	0.18	0.37	0.312	0.37	0.313	0.306	0.177	0.214	0.212	0.174	0.17	0.092	0.088	0.129	N
BN190300	0.635	0.756	0.715	0.683	0.803	0.761	0.745	0.758	0.559	0.793	0.79	0.804	0.777	0.781	0.725	0.751	0.775	0.74	0.729	0.443	0.475	0.594	T
BN190303	0.625	0.26	0.187	0.212	0.254	0.202	0.166	0.18	0.138	0.29	0.24	0.245	0.194	0.233	0.114	0.139	0.168	0.139	0.142	0.107	0.101	0.166	N
BN190305	0.592	0.145	0.126	0.138	0.205	0.177	0.13	0.154	0.096	0.191	0.181	0.253	0.177	0.198	0.08	0.093	0.094	0.073	0.073	0.061	0.044	0.092	T
BN190308	0.593	0.218	0.214	0.181	0.23	0.197	0.149	0.175	0.159	0.261	0.23	0.299	0.242	0.206	0.119	0.146	0.145	0.116	0.118	0.131	0.108	0.128	N
BN190310	0.59	0.185	0.132	0.165	0.219	0.15	0.14	0.163	0.106	0.257	0.262	0.286	0.25	0.253	0.09	0.139	0.185	0.075	0.101	0.077	0.041	0.103	N
BN190312	0.643	0.639	0.624	0.474	0.627	0.5	0.432	0.436	0.406	0.674	0.646	0.677	0.663	0.617	0.591	0.604	0.601	0.586	0.573	0.571	0.554	0.577	T
BN190313	0.644	0.562	0.364	0.602	0.681	0.258	0.281	0.641	0.338	0.671	0.651	0.674	0.648	0.687	0.577	0.63	0.628	0.614	0.603	0.079	0.109	0.381	T
BN190314	0.574	0.211	0.132	0.09	0.137	0.126	0.101	0.088	0.087	0.22	0.193	0.196	0.178	0.149	0.096	0.057	0.08	0.054	0.075	0.071	0.033	0.098	N
BN190315	0.583	0.265	0.244	0.219	0.26	0.234	0.207	0.224	0.138	0.321	0.254	0.34	0.321	0.279	0.164	0.165	0.196	0.164	0.153	0.184	0.15	0.167	N
BN190319	0.601	0.471	0.428	0.429	0.495	0.455	0.428	0.463	0.275	0.495	0.49	0.518	0.497	0.512	0.403	0.416	0.436	0.401	0.409	0.349	0.352	0.383	T
BN190322	0.597	0.262	0.19	0.177	0.349	0.258	0.231	0.286	0.19	0.318	0.292	0.353	0.271	0.352	0.208	0.237	0.265	0.221	0.209	0.092	0.097	0.16	T
BN190323	0.608	0.062	0.054	0.052	0.196	0.165	0.103	0.086	0.049	0.513	0.512	0.524	0.398	0.518	0.278	0.365	0.356	0.132	0.276	0.018	0.016	0.05	T
position	134210869	134210895	134210907	134210920	134210947	134210956	134210962	134210976	134210998	134211021	134211023	134211027	134211035	134211041	134211048	134211050	134211056	134211058	134211060	134211084	134211086	134211089	
