
SUMMARISING RUN PARAMETERS
==========================
Input filename: SRR10070129_2.fastq.gz
Trimming mode: paired-end
Trim Galore version: 0.5.0
Cutadapt version: 2.5
Quality Phred score cutoff: 20
Quality encoding type selected: ASCII+33
Adapter sequence: 'AGATCGGAAGAGC' (Illumina TruSeq, Sanger iPCR; user defined)
Maximum trimming error rate: 0.1 (default)
Minimum required adapter overlap (stringency): 1 bp
Minimum required sequence length for both reads before a sequence pair gets removed: 20 bp
All Read 1 sequences will be trimmed by 3 bp from their 5' end to avoid poor qualities or biases
All Read 2 sequences will be trimmed by 6 bp from their 5' end to avoid poor qualities or biases (e.g. M-bias for BS-Seq applications)
Running FastQC on the data once trimming has completed
Output file will be GZIP compressed


This is cutadapt 2.5 with Python 3.7.3
Command line parameters: -f fastq -e 0.1 -q 20 -O 1 -a AGATCGGAAGAGC SRR10070129_2.fastq.gz
WARNING: Option --format is deprecated and ignored because the input file format is always auto-detected
Processing reads on 1 core in single-end mode ...
Finished in 7105.27 s (38 us/read; 1.58 M reads/minute).

=== Summary ===

Total reads processed:             187,551,692
Reads with adapters:               105,355,226 (56.2%)
Reads written (passing filters):   187,551,692 (100.0%)

Total basepairs processed: 28,132,753,800 bp
Quality-trimmed:             123,747,495 bp (0.4%)
Total written (filtered):  26,262,973,313 bp (93.4%)

=== Adapter 1 ===

Sequence: AGATCGGAAGAGC; Type: regular 3'; Length: 13; Trimmed: 105355226 times.

No. of allowed errors:
0-9 bp: 0; 10-13 bp: 1

Bases preceding removed adapters:
  A: 32.8%
  C: 7.0%
  G: 18.7%
  T: 41.4%
  none/other: 0.0%

Overview of removed sequences
length	count	expect	max.err	error counts
1	42862028	46887923.0	0	42862028
2	7329844	11721980.8	0	7329844
3	3281155	2930495.2	0	3281155
4	1912363	732623.8	0	1912363
5	1006198	183155.9	0	1006198
6	923267	45789.0	0	923267
7	956979	11447.2	0	956979
8	1035528	2861.8	0	1035528
9	985271	715.5	0	982482 2789
10	978806	178.9	1	921047 57759
11	1099663	44.7	1	999180 100483
12	1065188	11.2	1	991439 73749
13	939981	2.8	1	880745 59236
14	1029613	2.8	1	954161 75452
15	1027834	2.8	1	940470 87364
16	968072	2.8	1	905548 62524
17	1081616	2.8	1	1006966 74650
18	873867	2.8	1	807718 66149
19	1080173	2.8	1	1008559 71614
20	934564	2.8	1	865341 69223
21	973004	2.8	1	896430 76574
22	903018	2.8	1	851302 51716
23	916864	2.8	1	860910 55954
24	1044450	2.8	1	971982 72468
25	1005759	2.8	1	946891 58868
26	821848	2.8	1	763148 58700
27	879554	2.8	1	809713 69841
28	867061	2.8	1	823392 43669
29	872694	2.8	1	814189 58505
30	837761	2.8	1	796938 40823
31	877649	2.8	1	820756 56893
32	804983	2.8	1	765346 39637
33	825909	2.8	1	774754 51155
34	965809	2.8	1	886347 79462
35	709432	2.8	1	678799 30633
36	884065	2.8	1	808236 75829
37	876470	2.8	1	835987 40483
38	679407	2.8	1	626943 52464
39	810239	2.8	1	769312 40927
40	605532	2.8	1	576956 28576
41	680563	2.8	1	643036 37527
42	875047	2.8	1	831251 43796
43	582129	2.8	1	542740 39389
44	1344196	2.8	1	1282566 61630
45	820126	2.8	1	775372 44754
46	442414	2.8	1	417344 25070
47	923349	2.8	1	887263 36086
48	524372	2.8	1	499884 24488
49	465369	2.8	1	442964 22405
50	422099	2.8	1	404454 17645
51	382977	2.8	1	365736 17241
52	292412	2.8	1	279863 12549
53	429887	2.8	1	412857 17030
54	569798	2.8	1	549929 19869
55	332138	2.8	1	316908 15230
56	423711	2.8	1	407231 16480
57	757762	2.8	1	737675 20087
58	365127	2.8	1	349784 15343
59	294140	2.8	1	282260 11880
60	511808	2.8	1	496047 15761
61	329402	2.8	1	316861 12541
62	259970	2.8	1	249630 10340
63	492032	2.8	1	476836 15196
64	506839	2.8	1	491678 15161
65	322971	2.8	1	311923 11048
66	333266	2.8	1	322662 10604
67	331463	2.8	1	322073 9390
68	211190	2.8	1	204128 7062
69	206680	2.8	1	200652 6028
70	230271	2.8	1	223814 6457
71	147492	2.8	1	143021 4471
72	96971	2.8	1	93612 3359
73	73613	2.8	1	71001 2612
74	64657	2.8	1	62331 2326
75	60388	2.8	1	58138 2250
76	69496	2.8	1	67214 2282
77	64889	2.8	1	62532 2357
78	67468	2.8	1	65207 2261
79	75860	2.8	1	73477 2383
80	81500	2.8	1	79049 2451
81	85538	2.8	1	83031 2507
82	88240	2.8	1	85433 2807
83	93627	2.8	1	90915 2712
84	88646	2.8	1	86044 2602
85	90940	2.8	1	88405 2535
86	77398	2.8	1	75094 2304
87	68296	2.8	1	66253 2043
88	65128	2.8	1	63160 1968
89	59716	2.8	1	57918 1798
90	56599	2.8	1	54941 1658
91	51841	2.8	1	50304 1537
92	48865	2.8	1	47441 1424
93	45663	2.8	1	44275 1388
94	41089	2.8	1	39794 1295
95	37505	2.8	1	36351 1154
96	34702	2.8	1	33624 1078
97	31961	2.8	1	30885 1076
98	29922	2.8	1	28995 927
99	28303	2.8	1	27457 846
100	25688	2.8	1	24919 769
101	21599	2.8	1	20854 745
102	18561	2.8	1	17885 676
103	16348	2.8	1	15804 544
104	14352	2.8	1	13833 519
105	12934	2.8	1	12467 467
106	11782	2.8	1	11344 438
107	10318	2.8	1	9943 375
108	8931	2.8	1	8583 348
109	7748	2.8	1	7439 309
110	6788	2.8	1	6491 297
111	5861	2.8	1	5592 269
112	5360	2.8	1	5110 250
113	4375	2.8	1	4143 232
114	3903	2.8	1	3704 199
115	3181	2.8	1	3015 166
116	2697	2.8	1	2563 134
117	2328	2.8	1	2168 160
118	2194	2.8	1	2054 140
119	1809	2.8	1	1683 126
120	1679	2.8	1	1552 127
121	1514	2.8	1	1407 107
122	1288	2.8	1	1186 102
123	1146	2.8	1	1040 106
124	1085	2.8	1	989 96
125	1061	2.8	1	982 79
126	1178	2.8	1	1089 89
127	991	2.8	1	895 96
128	962	2.8	1	884 78
129	909	2.8	1	828 81
130	996	2.8	1	907 89
131	1081	2.8	1	1006 75
132	1314	2.8	1	1220 94
133	1566	2.8	1	1471 95
134	1233	2.8	1	1150 83
135	1044	2.8	1	978 66
136	1049	2.8	1	973 76
137	1337	2.8	1	1254 83
138	1511	2.8	1	1415 96
139	1409	2.8	1	1307 102
140	1593	2.8	1	1484 109
141	1640	2.8	1	1535 105
142	1803	2.8	1	1640 163
143	1527	2.8	1	1385 142
144	1514	2.8	1	1383 131
145	1743	2.8	1	1574 169
146	2405	2.8	1	2178 227
147	1614	2.8	1	1431 183
148	1535	2.8	1	1309 226
149	865	2.8	1	664 201
150	4538	2.8	1	2322 2216

RUN STATISTICS FOR INPUT FILE: SRR10070129_2.fastq.gz
=============================================
187551692 sequences processed in total

Total number of sequences analysed for the sequence pair length validation: 187551692

Number of sequence pairs removed because at least one read was shorter than the length cutoff (20 bp): 5626457 (3.00%)
