
SUMMARISING RUN PARAMETERS
==========================
Input filename: SRR10070126_1.fastq.gz
Trimming mode: paired-end
Trim Galore version: 0.5.0
Cutadapt version: 2.5
Quality Phred score cutoff: 20
Quality encoding type selected: ASCII+33
Adapter sequence: 'AGATCGGAAGAGC' (Illumina TruSeq, Sanger iPCR; user defined)
Maximum trimming error rate: 0.1 (default)
Minimum required adapter overlap (stringency): 1 bp
Minimum required sequence length for both reads before a sequence pair gets removed: 20 bp
All Read 1 sequences will be trimmed by 3 bp from their 5' end to avoid poor qualities or biases
All Read 2 sequences will be trimmed by 6 bp from their 5' end to avoid poor qualities or biases (e.g. M-bias for BS-Seq applications)
Running FastQC on the data once trimming has completed
Output file will be GZIP compressed


This is cutadapt 2.5 with Python 3.7.3
Command line parameters: -f fastq -e 0.1 -q 20 -O 1 -a AGATCGGAAGAGC SRR10070126_1.fastq.gz
WARNING: Option --format is deprecated and ignored because the input file format is always auto-detected
Processing reads on 1 core in single-end mode ...
Finished in 7017.36 s (36 us/read; 1.68 M reads/minute).

=== Summary ===

Total reads processed:             196,737,990
Reads with adapters:               134,215,747 (68.2%)
Reads written (passing filters):   196,737,990 (100.0%)

Total basepairs processed: 29,510,698,500 bp
Quality-trimmed:             134,658,072 bp (0.5%)
Total written (filtered):  26,068,706,154 bp (88.3%)

=== Adapter 1 ===

Sequence: AGATCGGAAGAGC; Type: regular 3'; Length: 13; Trimmed: 134215747 times.

No. of allowed errors:
0-9 bp: 0; 10-13 bp: 1

Bases preceding removed adapters:
  A: 35.1%
  C: 14.0%
  G: 11.4%
  T: 39.3%
  none/other: 0.1%

Overview of removed sequences
length	count	expect	max.err	error counts
1	45633724	49184497.5	0	45633724
2	4124853	12296124.4	0	4124853
3	2469746	3074031.1	0	2469746
4	1840439	768507.8	0	1840439
5	1394463	192126.9	0	1394463
6	1232542	48031.7	0	1232542
7	1218714	12007.9	0	1218714
8	1349838	3002.0	0	1349838
9	1388867	750.5	0	1386230 2637
10	1289937	187.6	1	1197675 92262
11	1507085	46.9	1	1332593 174492
12	1422122	11.7	1	1289732 132390
13	1316358	2.9	1	1201807 114551
14	1458120	2.9	1	1294659 163461
15	1373892	2.9	1	1252441 121451
16	1467973	2.9	1	1297943 170030
17	1528004	2.9	1	1360047 167957
18	1339486	2.9	1	1227083 112403
19	1352348	2.9	1	1224473 127875
20	1348512	2.9	1	1232409 116103
21	1422691	2.9	1	1285401 137290
22	1318968	2.9	1	1213135 105833
23	1411172	2.9	1	1281513 129659
24	1465566	2.9	1	1300067 165499
25	1302884	2.9	1	1191041 111843
26	1328314	2.9	1	1215770 112544
27	1373269	2.9	1	1252419 120850
28	1270147	2.9	1	1167986 102161
29	1362755	2.9	1	1224183 138572
30	1269954	2.9	1	1168243 101711
31	1243202	2.9	1	1138522 104680
32	1255203	2.9	1	1154526 100677
33	1262175	2.9	1	1145791 116384
34	1268398	2.9	1	1159139 109259
35	1300588	2.9	1	1167369 133219
36	1158210	2.9	1	1066314 91896
37	1204772	2.9	1	1111207 93565
38	1205288	2.9	1	1061781 143507
39	1119251	2.9	1	1024404 94847
40	1110671	2.9	1	1020572 90099
41	1166358	2.9	1	1070147 96211
42	1023381	2.9	1	946616 76765
43	1234972	2.9	1	1111704 123268
44	1248736	2.9	1	1105732 143004
45	1788642	2.9	1	1667067 121575
46	609594	2.9	1	538938 70656
47	865231	2.9	1	796877 68354
48	2524671	2.9	1	2381447 143224
49	1077211	2.9	1	988114 89097
50	651821	2.9	1	584274 67547
51	2112174	2.9	1	1977598 134576
52	882930	2.9	1	814536 68394
53	247499	2.9	1	222325 25174
54	845282	2.9	1	789795 55487
55	1033108	2.9	1	988361 44747
56	831728	2.9	1	785765 45963
57	317655	2.9	1	295085 22570
58	297772	2.9	1	275049 22723
59	982291	2.9	1	927815 54476
60	133900	2.9	1	117078 16822
61	273551	2.9	1	252125 21426
62	630318	2.9	1	600986 29332
63	179619	2.9	1	165829 13790
64	169199	2.9	1	155635 13564
65	469811	2.9	1	438709 31102
66	491235	2.9	1	465767 25468
67	180224	2.9	1	164742 15482
68	446194	2.9	1	419358 26836
69	434468	2.9	1	405858 28610
70	595299	2.9	1	556435 38864
71	88026	2.9	1	75423 12603
72	60025	2.9	1	53418 6607
73	147161	2.9	1	138666 8495
74	231436	2.9	1	219701 11735
75	273618	2.9	1	259225 14393
76	283826	2.9	1	267996 15830
77	280585	2.9	1	264886 15699
78	272574	2.9	1	257261 15313
79	259948	2.9	1	245130 14818
80	253163	2.9	1	238430 14733
81	237231	2.9	1	223486 13745
82	221379	2.9	1	208377 13002
83	211211	2.9	1	199105 12106
84	199759	2.9	1	188463 11296
85	189294	2.9	1	178438 10856
86	178035	2.9	1	167882 10153
87	166981	2.9	1	157735 9246
88	156831	2.9	1	147850 8981
89	147252	2.9	1	138806 8446
90	136049	2.9	1	128486 7563
91	127035	2.9	1	119969 7066
92	116641	2.9	1	110329 6312
93	110321	2.9	1	104470 5851
94	103925	2.9	1	98397 5528
95	96107	2.9	1	91222 4885
96	88987	2.9	1	84489 4498
97	84443	2.9	1	80192 4251
98	74487	2.9	1	70442 4045
99	67730	2.9	1	64290 3440
100	61476	2.9	1	58269 3207
101	55762	2.9	1	52966 2796
102	53250	2.9	1	50598 2652
103	49019	2.9	1	46601 2418
104	42538	2.9	1	40501 2037
105	38211	2.9	1	36426 1785
106	35061	2.9	1	33381 1680
107	31077	2.9	1	29587 1490
108	27294	2.9	1	25893 1401
109	24166	2.9	1	22978 1188
110	21689	2.9	1	20597 1092
111	18661	2.9	1	17737 924
112	17166	2.9	1	16236 930
113	14605	2.9	1	13819 786
114	12397	2.9	1	11695 702
115	10861	2.9	1	10197 664
116	9657	2.9	1	9087 570
117	8655	2.9	1	8130 525
118	7769	2.9	1	7197 572
119	6947	2.9	1	6478 469
120	6059	2.9	1	5589 470
121	5396	2.9	1	5021 375
122	4788	2.9	1	4349 439
123	4253	2.9	1	3927 326
124	4007	2.9	1	3617 390
125	3430	2.9	1	3160 270
126	3444	2.9	1	3118 326
127	3231	2.9	1	2978 253
128	2886	2.9	1	2598 288
129	2648	2.9	1	2402 246
130	2538	2.9	1	2292 246
131	2270	2.9	1	2033 237
132	2746	2.9	1	2476 270
133	3009	2.9	1	2782 227
134	2436	2.9	1	2179 257
135	2536	2.9	1	2199 337
136	2717	2.9	1	2328 389
137	2540	2.9	1	2123 417
138	2183	2.9	1	1869 314
139	2191	2.9	1	1869 322
140	2508	2.9	1	2111 397
141	3497	2.9	1	2903 594
142	5985	2.9	1	5149 836
143	9929	2.9	1	8078 1851
144	6557	2.9	1	5412 1145
145	3225	2.9	1	2468 757
146	2193	2.9	1	1625 568
147	2007	2.9	1	1060 947
148	3048	2.9	1	1363 1685
149	17389	2.9	1	1721 15668
150	3228405	2.9	1	6000 3222405

RUN STATISTICS FOR INPUT FILE: SRR10070126_1.fastq.gz
=============================================
196737990 sequences processed in total

