
SUMMARISING RUN PARAMETERS
==========================
Input filename: SRR10070127_1.fastq.gz
Trimming mode: paired-end
Trim Galore version: 0.5.0
Cutadapt version: 2.5
Quality Phred score cutoff: 20
Quality encoding type selected: ASCII+33
Adapter sequence: 'AGATCGGAAGAGC' (Illumina TruSeq, Sanger iPCR; user defined)
Maximum trimming error rate: 0.1 (default)
Minimum required adapter overlap (stringency): 1 bp
Minimum required sequence length for both reads before a sequence pair gets removed: 20 bp
All Read 1 sequences will be trimmed by 3 bp from their 5' end to avoid poor qualities or biases
All Read 2 sequences will be trimmed by 6 bp from their 5' end to avoid poor qualities or biases (e.g. M-bias for BS-Seq applications)
Running FastQC on the data once trimming has completed
Output file will be GZIP compressed


This is cutadapt 2.5 with Python 3.7.3
Command line parameters: -f fastq -e 0.1 -q 20 -O 1 -a AGATCGGAAGAGC SRR10070127_1.fastq.gz
WARNING: Option --format is deprecated and ignored because the input file format is always auto-detected
Processing reads on 1 core in single-end mode ...
Finished in 6820.55 s (36 us/read; 1.68 M reads/minute).

=== Summary ===

Total reads processed:             191,456,649
Reads with adapters:               131,534,735 (68.7%)
Reads written (passing filters):   191,456,649 (100.0%)

Total basepairs processed: 28,718,497,350 bp
Quality-trimmed:             118,233,667 bp (0.4%)
Total written (filtered):  25,335,541,336 bp (88.2%)

=== Adapter 1 ===

Sequence: AGATCGGAAGAGC; Type: regular 3'; Length: 13; Trimmed: 131534735 times.

No. of allowed errors:
0-9 bp: 0; 10-13 bp: 1

Bases preceding removed adapters:
  A: 35.0%
  C: 13.9%
  G: 11.6%
  T: 39.4%
  none/other: 0.0%

Overview of removed sequences
length	count	expect	max.err	error counts
1	43952299	47864162.2	0	43952299
2	4058659	11966040.6	0	4058659
3	2456658	2991510.1	0	2456658
4	1820120	747877.5	0	1820120
5	1375970	186969.4	0	1375970
6	1238816	46742.3	0	1238816
7	1226096	11685.6	0	1226096
8	1370850	2921.4	0	1370850
9	1394137	730.3	0	1391506 2631
10	1274832	182.6	1	1198532 76300
11	1512052	45.6	1	1361635 150417
12	1409613	11.4	1	1302286 107327
13	1297764	2.9	1	1202240 95524
14	1458113	2.9	1	1312996 145117
15	1362417	2.9	1	1257350 105067
16	1482879	2.9	1	1326140 156739
17	1509736	2.9	1	1365207 144529
18	1344942	2.9	1	1248447 96495
19	1331229	2.9	1	1224409 106820
20	1348298	2.9	1	1245597 102701
21	1404363	2.9	1	1289722 114641
22	1299665	2.9	1	1212215 87450
23	1404267	2.9	1	1290978 113289
24	1448931	2.9	1	1304831 144100
25	1312767	2.9	1	1214762 98005
26	1309989	2.9	1	1214792 95197
27	1350162	2.9	1	1248229 101933
28	1274736	2.9	1	1184945 89791
29	1347728	2.9	1	1226154 121574
30	1259065	2.9	1	1172693 86372
31	1228366	2.9	1	1140959 87407
32	1236072	2.9	1	1151069 85003
33	1261551	2.9	1	1159485 102066
34	1247239	2.9	1	1157603 89636
35	1302618	2.9	1	1186072 116546
36	1137224	2.9	1	1057904 79320
37	1182692	2.9	1	1102639 80053
38	1193749	2.9	1	1070723 123026
39	1127166	2.9	1	1041865 85301
40	1094676	2.9	1	1017258 77418
41	1148365	2.9	1	1066911 81454
42	1032451	2.9	1	965658 66793
43	1203416	2.9	1	1100767 102649
44	1150292	2.9	1	1043814 106478
45	1663163	2.9	1	1561924 101239
46	525739	2.9	1	473770 51969
47	876543	2.9	1	817582 58961
48	1845303	2.9	1	1743413 101890
49	1041927	2.9	1	968561 73366
50	716043	2.9	1	653667 62376
51	1706134	2.9	1	1602332 103802
52	657331	2.9	1	612780 44551
53	392886	2.9	1	367315 25571
54	1055136	2.9	1	996880 58256
55	1190660	2.9	1	1144514 46146
56	851837	2.9	1	807781 44056
57	562097	2.9	1	535417 26680
58	349115	2.9	1	327494 21621
59	1039351	2.9	1	989214 50137
60	199347	2.9	1	185303 14044
61	263436	2.9	1	245421 18015
62	662932	2.9	1	634938 27994
63	362254	2.9	1	345350 16904
64	184609	2.9	1	172233 12376
65	482714	2.9	1	453527 29187
66	603252	2.9	1	577434 25818
67	198124	2.9	1	184195 13929
68	479439	2.9	1	453707 25732
69	420181	2.9	1	394587 25594
70	541208	2.9	1	505880 35328
71	48692	2.9	1	40734 7958
72	46587	2.9	1	41934 4653
73	141402	2.9	1	133657 7745
74	229152	2.9	1	218788 10364
75	269476	2.9	1	256709 12767
76	278213	2.9	1	261954 16259
77	273179	2.9	1	258195 14984
78	264988	2.9	1	249648 15340
79	252765	2.9	1	238214 14551
80	245790	2.9	1	231360 14430
81	229291	2.9	1	214765 14526
82	215511	2.9	1	203183 12328
83	205461	2.9	1	193700 11761
84	194237	2.9	1	182927 11310
85	183463	2.9	1	173646 9817
86	172619	2.9	1	162571 10048
87	160254	2.9	1	151496 8758
88	151801	2.9	1	143184 8617
89	142495	2.9	1	135008 7487
90	131797	2.9	1	125258 6539
91	122388	2.9	1	115251 7137
92	113442	2.9	1	107585 5857
93	106705	2.9	1	101133 5572
94	100610	2.9	1	95782 4828
95	93672	2.9	1	88925 4747
96	86757	2.9	1	82448 4309
97	81706	2.9	1	77863 3843
98	71344	2.9	1	67884 3460
99	65370	2.9	1	62127 3243
100	59110	2.9	1	56422 2688
101	53979	2.9	1	51369 2610
102	51654	2.9	1	49372 2282
103	46955	2.9	1	44810 2145
104	41585	2.9	1	39707 1878
105	36652	2.9	1	35008 1644
106	33584	2.9	1	32023 1561
107	30499	2.9	1	29160 1339
108	26154	2.9	1	24913 1241
109	23234	2.9	1	22113 1121
110	21074	2.9	1	20037 1037
111	17575	2.9	1	16669 906
112	16180	2.9	1	15374 806
113	14009	2.9	1	13291 718
114	11994	2.9	1	11344 650
115	10575	2.9	1	9941 634
116	9386	2.9	1	8816 570
117	8339	2.9	1	7832 507
118	7359	2.9	1	6855 504
119	6488	2.9	1	6074 414
120	5853	2.9	1	5405 448
121	5506	2.9	1	5061 445
122	4745	2.9	1	4333 412
123	4163	2.9	1	3866 297
124	3909	2.9	1	3535 374
125	3355	2.9	1	3086 269
126	3420	2.9	1	3160 260
127	3221	2.9	1	2937 284
128	2904	2.9	1	2637 267
129	2497	2.9	1	2250 247
130	2448	2.9	1	2206 242
131	2153	2.9	1	1942 211
132	2630	2.9	1	2385 245
133	2911	2.9	1	2700 211
134	2545	2.9	1	2287 258
135	2549	2.9	1	2234 315
136	2744	2.9	1	2325 419
137	2442	2.9	1	2067 375
138	2175	2.9	1	1849 326
139	2093	2.9	1	1787 306
140	2466	2.9	1	2054 412
141	3334	2.9	1	2783 551
142	6061	2.9	1	5153 908
143	9775	2.9	1	7985 1790
144	6500	2.9	1	5304 1196
145	3182	2.9	1	2375 807
146	2236	2.9	1	1538 698
147	2323	2.9	1	1142 1181
148	3692	2.9	1	1336 2356
149	21284	2.9	1	1624 19660
150	3150276	2.9	1	5936 3144340

RUN STATISTICS FOR INPUT FILE: SRR10070127_1.fastq.gz
=============================================
191456649 sequences processed in total

