
SUMMARISING RUN PARAMETERS
==========================
Input filename: SRR10070128_2.fastq.gz
Trimming mode: paired-end
Trim Galore version: 0.5.0
Cutadapt version: 2.5
Quality Phred score cutoff: 20
Quality encoding type selected: ASCII+33
Adapter sequence: 'AGATCGGAAGAGC' (Illumina TruSeq, Sanger iPCR; user defined)
Maximum trimming error rate: 0.1 (default)
Minimum required adapter overlap (stringency): 1 bp
Minimum required sequence length for both reads before a sequence pair gets removed: 20 bp
All Read 1 sequences will be trimmed by 3 bp from their 5' end to avoid poor qualities or biases
All Read 2 sequences will be trimmed by 6 bp from their 5' end to avoid poor qualities or biases (e.g. M-bias for BS-Seq applications)
Running FastQC on the data once trimming has completed
Output file will be GZIP compressed


This is cutadapt 2.5 with Python 3.7.3
Command line parameters: -f fastq -e 0.1 -q 20 -O 1 -a AGATCGGAAGAGC SRR10070128_2.fastq.gz
WARNING: Option --format is deprecated and ignored because the input file format is always auto-detected
Processing reads on 1 core in single-end mode ...
Finished in 6928.30 s (38 us/read; 1.57 M reads/minute).

=== Summary ===

Total reads processed:             181,652,085
Reads with adapters:               102,101,504 (56.2%)
Reads written (passing filters):   181,652,085 (100.0%)

Total basepairs processed: 27,247,812,750 bp
Quality-trimmed:             119,733,622 bp (0.4%)
Total written (filtered):  25,434,196,891 bp (93.3%)

=== Adapter 1 ===

Sequence: AGATCGGAAGAGC; Type: regular 3'; Length: 13; Trimmed: 102101504 times.

No. of allowed errors:
0-9 bp: 0; 10-13 bp: 1

Bases preceding removed adapters:
  A: 32.9%
  C: 7.0%
  G: 18.6%
  T: 41.5%
  none/other: 0.0%

Overview of removed sequences
length	count	expect	max.err	error counts
1	41725051	45413021.2	0	41725051
2	7041821	11353255.3	0	7041821
3	3174668	2838313.8	0	3174668
4	1879277	709578.5	0	1879277
5	938199	177394.6	0	938199
6	884000	44348.7	0	884000
7	912440	11087.2	0	912440
8	980351	2771.8	0	980351
9	958173	692.9	0	955701 2472
10	941487	173.2	1	880463 61024
11	1066068	43.3	1	958342 107726
12	1052254	10.8	1	970779 81475
13	880251	2.7	1	822483 57768
14	996142	2.7	1	916420 79722
15	1008163	2.7	1	915380 92783
16	912588	2.7	1	852482 60106
17	1043910	2.7	1	964930 78980
18	838711	2.7	1	768383 70328
19	1050501	2.7	1	972048 78453
20	890123	2.7	1	818093 72030
21	948226	2.7	1	867492 80734
22	863490	2.7	1	810265 53225
23	886412	2.7	1	827098 59314
24	1003189	2.7	1	927211 75978
25	946840	2.7	1	886727 60113
26	811368	2.7	1	749241 62127
27	875814	2.7	1	799203 76611
28	835655	2.7	1	789583 46072
29	848442	2.7	1	785796 62646
30	806516	2.7	1	763403 43113
31	850389	2.7	1	790262 60127
32	775794	2.7	1	733608 42186
33	796335	2.7	1	742156 54179
34	977467	2.7	1	890964 86503
35	643177	2.7	1	614144 29033
36	871673	2.7	1	789969 81704
37	835964	2.7	1	794570 41394
38	674038	2.7	1	617328 56710
39	813150	2.7	1	769251 43899
40	550637	2.7	1	523608 27029
41	634873	2.7	1	599824 35049
42	856335	2.7	1	810767 45568
43	547432	2.7	1	509248 38184
44	1293500	2.7	1	1234799 58701
45	733112	2.7	1	690417 42695
46	417062	2.7	1	392102 24960
47	872019	2.7	1	836077 35942
48	485100	2.7	1	459414 25686
49	452145	2.7	1	428674 23471
50	413085	2.7	1	393969 19116
51	379107	2.7	1	360597 18510
52	296942	2.7	1	283245 13697
53	428275	2.7	1	410021 18254
54	567872	2.7	1	546382 21490
55	325450	2.7	1	309219 16231
56	418393	2.7	1	400444 17949
57	776484	2.7	1	754553 21931
58	355741	2.7	1	339596 16145
59	280201	2.7	1	267537 12664
60	511886	2.7	1	495335 16551
61	307058	2.7	1	294203 12855
62	250194	2.7	1	239016 11178
63	497516	2.7	1	481010 16506
64	482576	2.7	1	467067 15509
65	297216	2.7	1	285710 11506
66	304243	2.7	1	293407 10836
67	302544	2.7	1	292692 9852
68	214959	2.7	1	206974 7985
69	209672	2.7	1	202708 6964
70	227978	2.7	1	220797 7181
71	155275	2.7	1	150012 5263
72	109604	2.7	1	105537 4067
73	84725	2.7	1	81476 3249
74	74200	2.7	1	71376 2824
75	68592	2.7	1	65923 2669
76	75655	2.7	1	72942 2713
77	71012	2.7	1	68402 2610
78	71480	2.7	1	69033 2447
79	77352	2.7	1	74668 2684
80	80989	2.7	1	78284 2705
81	83109	2.7	1	80457 2652
82	84372	2.7	1	81640 2732
83	89187	2.7	1	86421 2766
84	84549	2.7	1	81888 2661
85	84260	2.7	1	81744 2516
86	73108	2.7	1	70858 2250
87	64982	2.7	1	62907 2075
88	62211	2.7	1	60227 1984
89	57181	2.7	1	55325 1856
90	54723	2.7	1	53000 1723
91	49871	2.7	1	48305 1566
92	47802	2.7	1	46344 1458
93	44313	2.7	1	42944 1369
94	39179	2.7	1	37873 1306
95	36705	2.7	1	35554 1151
96	33572	2.7	1	32429 1143
97	31011	2.7	1	30001 1010
98	28970	2.7	1	28033 937
99	27933	2.7	1	27021 912
100	25696	2.7	1	24868 828
101	20860	2.7	1	20168 692
102	17910	2.7	1	17228 682
103	15953	2.7	1	15396 557
104	14024	2.7	1	13488 536
105	12959	2.7	1	12474 485
106	11546	2.7	1	11085 461
107	10072	2.7	1	9680 392
108	8822	2.7	1	8464 358
109	7869	2.7	1	7549 320
110	6621	2.7	1	6305 316
111	5775	2.7	1	5537 238
112	5265	2.7	1	5017 248
113	4501	2.7	1	4291 210
114	3877	2.7	1	3695 182
115	3079	2.7	1	2908 171
116	2679	2.7	1	2540 139
117	2395	2.7	1	2246 149
118	2148	2.7	1	2010 138
119	1954	2.7	1	1821 133
120	1740	2.7	1	1619 121
121	1514	2.7	1	1409 105
122	1351	2.7	1	1239 112
123	1159	2.7	1	1069 90
124	1087	2.7	1	993 94
125	1060	2.7	1	939 121
126	1116	2.7	1	1025 91
127	996	2.7	1	920 76
128	914	2.7	1	848 66
129	851	2.7	1	775 76
130	893	2.7	1	832 61
131	1021	2.7	1	950 71
132	1286	2.7	1	1198 88
133	1461	2.7	1	1387 74
134	1197	2.7	1	1117 80
135	957	2.7	1	887 70
136	1105	2.7	1	1028 77
137	1378	2.7	1	1271 107
138	1378	2.7	1	1287 91
139	1384	2.7	1	1288 96
140	1566	2.7	1	1446 120
141	1583	2.7	1	1475 108
142	1710	2.7	1	1573 137
143	1493	2.7	1	1361 132
144	1451	2.7	1	1319 132
145	1666	2.7	1	1508 158
146	2419	2.7	1	2196 223
147	1559	2.7	1	1394 165
148	1501	2.7	1	1264 237
149	785	2.7	1	596 189
150	4272	2.7	1	2211 2061

RUN STATISTICS FOR INPUT FILE: SRR10070128_2.fastq.gz
=============================================
181652085 sequences processed in total

Total number of sequences analysed for the sequence pair length validation: 181652085

Number of sequence pairs removed because at least one read was shorter than the length cutoff (20 bp): 5457376 (3.00%)
