
SUMMARISING RUN PARAMETERS
==========================
Input filename: SRR10070129_1.fastq.gz
Trimming mode: paired-end
Trim Galore version: 0.5.0
Cutadapt version: 2.5
Quality Phred score cutoff: 20
Quality encoding type selected: ASCII+33
Adapter sequence: 'AGATCGGAAGAGC' (Illumina TruSeq, Sanger iPCR; user defined)
Maximum trimming error rate: 0.1 (default)
Minimum required adapter overlap (stringency): 1 bp
Minimum required sequence length for both reads before a sequence pair gets removed: 20 bp
All Read 1 sequences will be trimmed by 3 bp from their 5' end to avoid poor qualities or biases
All Read 2 sequences will be trimmed by 6 bp from their 5' end to avoid poor qualities or biases (e.g. M-bias for BS-Seq applications)
Running FastQC on the data once trimming has completed
Output file will be GZIP compressed


This is cutadapt 2.5 with Python 3.7.3
Command line parameters: -f fastq -e 0.1 -q 20 -O 1 -a AGATCGGAAGAGC SRR10070129_1.fastq.gz
WARNING: Option --format is deprecated and ignored because the input file format is always auto-detected
Processing reads on 1 core in single-end mode ...
Finished in 6862.93 s (37 us/read; 1.64 M reads/minute).

=== Summary ===

Total reads processed:             187,551,692
Reads with adapters:               116,080,777 (61.9%)
Reads written (passing filters):   187,551,692 (100.0%)

Total basepairs processed: 28,132,753,800 bp
Quality-trimmed:             104,498,906 bp (0.4%)
Total written (filtered):  25,449,453,474 bp (90.5%)

=== Adapter 1 ===

Sequence: AGATCGGAAGAGC; Type: regular 3'; Length: 13; Trimmed: 116080777 times.

No. of allowed errors:
0-9 bp: 0; 10-13 bp: 1

Bases preceding removed adapters:
  A: 39.4%
  C: 11.7%
  G: 12.1%
  T: 36.6%
  none/other: 0.2%

Overview of removed sequences
length	count	expect	max.err	error counts
1	52434241	46887923.0	0	52434241
2	4424689	11721980.8	0	4424689
3	2246110	2930495.2	0	2246110
4	1502863	732623.8	0	1502863
5	1037365	183155.9	0	1037365
6	938226	45789.0	0	938226
7	926323	11447.2	0	926323
8	1020825	2861.8	0	1020825
9	1029004	715.5	0	1026742 2262
10	938438	178.9	1	887962 50476
11	1104142	44.7	1	1001836 102306
12	1019547	11.2	1	950878 68669
13	946897	2.8	1	884245 62652
14	1051826	2.8	1	955979 95847
15	978633	2.8	1	910462 68171
16	1055781	2.8	1	953113 102668
17	1071688	2.8	1	977690 93998
18	951930	2.8	1	892103 59827
19	942530	2.8	1	874550 67980
20	956185	2.8	1	891025 65160
21	976609	2.8	1	906117 70492
22	905136	2.8	1	852535 52601
23	967424	2.8	1	898591 68833
24	996007	2.8	1	906564 89443
25	903764	2.8	1	843871 59893
26	898110	2.8	1	841346 56764
27	918308	2.8	1	857701 60607
28	868700	2.8	1	815563 53137
29	912939	2.8	1	839824 73115
30	850011	2.8	1	801059 48952
31	827471	2.8	1	776479 50992
32	828818	2.8	1	780264 48554
33	838946	2.8	1	779944 59002
34	824948	2.8	1	774499 50449
35	862227	2.8	1	794477 67750
36	743619	2.8	1	700419 43200
37	772513	2.8	1	728742 43771
38	783167	2.8	1	711262 71905
39	725658	2.8	1	679187 46471
40	706417	2.8	1	664422 41995
41	728319	2.8	1	685229 43090
42	645693	2.8	1	613567 32126
43	759892	2.8	1	703310 56582
44	710931	2.8	1	654335 56596
45	980200	2.8	1	929746 50454
46	381308	2.8	1	351465 29843
47	555962	2.8	1	524940 31022
48	1105212	2.8	1	1056413 48799
49	632845	2.8	1	596295 36550
50	458553	2.8	1	425365 33188
51	1094663	2.8	1	1041435 53228
52	379009	2.8	1	356428 22581
53	231148	2.8	1	218900 12248
54	629470	2.8	1	601490 27980
55	686127	2.8	1	666276 19851
56	518338	2.8	1	498382 19956
57	339541	2.8	1	327391 12150
58	207509	2.8	1	197222 10287
59	627068	2.8	1	604773 22295
60	119738	2.8	1	112777 6961
61	159605	2.8	1	151144 8461
62	376501	2.8	1	365157 11344
63	214542	2.8	1	207386 7156
64	107767	2.8	1	102171 5596
65	286353	2.8	1	273012 13341
66	336693	2.8	1	326385 10308
67	116011	2.8	1	109554 6457
68	278685	2.8	1	267060 11625
69	246303	2.8	1	234521 11782
70	326063	2.8	1	310034 16029
71	27522	2.8	1	23659 3863
72	23202	2.8	1	21203 1999
73	74972	2.8	1	71706 3266
74	124383	2.8	1	120109 4274
75	145518	2.8	1	140255 5263
76	150827	2.8	1	143663 7164
77	148227	2.8	1	141772 6455
78	143202	2.8	1	136433 6769
79	134380	2.8	1	128131 6249
80	128861	2.8	1	122712 6149
81	120227	2.8	1	113888 6339
82	113655	2.8	1	108174 5481
83	106645	2.8	1	101627 5018
84	100775	2.8	1	96013 4762
85	93833	2.8	1	89825 4008
86	87135	2.8	1	82843 4292
87	80605	2.8	1	76940 3665
88	74807	2.8	1	71264 3543
89	69406	2.8	1	66423 2983
90	64482	2.8	1	61911 2571
91	60092	2.8	1	57113 2979
92	55614	2.8	1	53343 2271
93	51347	2.8	1	49118 2229
94	47034	2.8	1	45131 1903
95	42532	2.8	1	40760 1772
96	38910	2.8	1	37263 1647
97	35577	2.8	1	34059 1518
98	31904	2.8	1	30522 1382
99	28392	2.8	1	27207 1185
100	25609	2.8	1	24493 1116
101	23166	2.8	1	22114 1052
102	20755	2.8	1	19845 910
103	18620	2.8	1	17839 781
104	16383	2.8	1	15743 640
105	14308	2.8	1	13704 604
106	12794	2.8	1	12227 567
107	11126	2.8	1	10620 506
108	9468	2.8	1	9034 434
109	8415	2.8	1	7997 418
110	7228	2.8	1	6879 349
111	6041	2.8	1	5754 287
112	5511	2.8	1	5208 303
113	4473	2.8	1	4182 291
114	3889	2.8	1	3643 246
115	3292	2.8	1	3062 230
116	2865	2.8	1	2664 201
117	2515	2.8	1	2334 181
118	2267	2.8	1	2082 185
119	1861	2.8	1	1700 161
120	1716	2.8	1	1540 176
121	1536	2.8	1	1408 128
122	1379	2.8	1	1228 151
123	1185	2.8	1	1063 122
124	1147	2.8	1	1005 142
125	1120	2.8	1	1006 114
126	1199	2.8	1	1063 136
127	1058	2.8	1	921 137
128	991	2.8	1	891 100
129	988	2.8	1	872 116
130	1111	2.8	1	985 126
131	1192	2.8	1	1071 121
132	1416	2.8	1	1298 118
133	1666	2.8	1	1541 125
134	1343	2.8	1	1227 116
135	1162	2.8	1	1051 111
136	1177	2.8	1	1021 156
137	1506	2.8	1	1326 180
138	1688	2.8	1	1492 196
139	1575	2.8	1	1386 189
140	1788	2.8	1	1544 244
141	1878	2.8	1	1608 270
142	2104	2.8	1	1761 343
143	1868	2.8	1	1495 373
144	1973	2.8	1	1487 486
145	2433	2.8	1	1707 726
146	3395	2.8	1	2370 1025
147	3376	2.8	1	1608 1768
148	5241	2.8	1	1518 3723
149	32456	2.8	1	732 31724
150	5465374	2.8	1	2464 5462910

RUN STATISTICS FOR INPUT FILE: SRR10070129_1.fastq.gz
=============================================
187551692 sequences processed in total

