
SUMMARISING RUN PARAMETERS
==========================
Input filename: SRR10070126_2.fastq.gz
Trimming mode: paired-end
Trim Galore version: 0.5.0
Cutadapt version: 2.5
Quality Phred score cutoff: 20
Quality encoding type selected: ASCII+33
Adapter sequence: 'AGATCGGAAGAGC' (Illumina TruSeq, Sanger iPCR; user defined)
Maximum trimming error rate: 0.1 (default)
Minimum required adapter overlap (stringency): 1 bp
Minimum required sequence length for both reads before a sequence pair gets removed: 20 bp
All Read 1 sequences will be trimmed by 3 bp from their 5' end to avoid poor qualities or biases
All Read 2 sequences will be trimmed by 6 bp from their 5' end to avoid poor qualities or biases (e.g. M-bias for BS-Seq applications)
Running FastQC on the data once trimming has completed
Output file will be GZIP compressed


This is cutadapt 2.5 with Python 3.7.3
Command line parameters: -f fastq -e 0.1 -q 20 -O 1 -a AGATCGGAAGAGC SRR10070126_2.fastq.gz
WARNING: Option --format is deprecated and ignored because the input file format is always auto-detected
Processing reads on 1 core in single-end mode ...
Finished in 7106.01 s (36 us/read; 1.66 M reads/minute).

=== Summary ===

Total reads processed:             196,737,990
Reads with adapters:               128,193,656 (65.2%)
Reads written (passing filters):   196,737,990 (100.0%)

Total basepairs processed: 29,510,698,500 bp
Quality-trimmed:             184,374,148 bp (0.6%)
Total written (filtered):  26,512,559,702 bp (89.8%)

=== Adapter 1 ===

Sequence: AGATCGGAAGAGC; Type: regular 3'; Length: 13; Trimmed: 128193656 times.

No. of allowed errors:
0-9 bp: 0; 10-13 bp: 1

Bases preceding removed adapters:
  A: 29.0%
  C: 7.2%
  G: 21.4%
  T: 42.4%
  none/other: 0.0%

Overview of removed sequences
length	count	expect	max.err	error counts
1	38535991	49184497.5	0	38535991
2	6769340	12296124.4	0	6769340
3	3480649	3074031.1	0	3480649
4	2314987	768507.8	0	2314987
5	1292814	192126.9	0	1292814
6	1227230	48031.7	0	1227230
7	1302572	12007.9	0	1302572
8	1429068	3002.0	0	1429068
9	1285435	750.5	0	1280969 4466
10	1383858	187.6	1	1271629 112229
11	1481822	46.9	1	1319549 162273
12	1541952	11.7	1	1394893 147059
13	1249131	2.9	1	1150098 99033
14	1471156	2.9	1	1325175 145981
15	1471026	2.9	1	1311123 159903
16	1322146	2.9	1	1214643 107503
17	1576652	2.9	1	1430497 146155
18	1204928	2.9	1	1083879 121049
19	1656971	2.9	1	1505404 151567
20	1271520	2.9	1	1148117 123403
21	1362129	2.9	1	1227621 134508
22	1310477	2.9	1	1206578 103899
23	1345639	2.9	1	1231774 113865
24	1578895	2.9	1	1425668 153227
25	1444744	2.9	1	1331941 112803
26	1244121	2.9	1	1125941 118180
27	1309449	2.9	1	1171841 137608
28	1309277	2.9	1	1213578 95699
29	1295304	2.9	1	1180472 114832
30	1318085	2.9	1	1223750 94335
31	1246322	2.9	1	1141762 104560
32	1228950	2.9	1	1138295 90655
33	1321888	2.9	1	1199473 122415
34	1483522	2.9	1	1324291 159231
35	1178153	2.9	1	1085676 92477
36	2256759	2.9	1	2092052 164707
37	755929	2.9	1	696616 59313
38	1140025	2.9	1	1051905 88120
39	765012	2.9	1	692241 72771
40	959426	2.9	1	896344 63082
41	1102065	2.9	1	1022089 79976
42	1902326	2.9	1	1764389 137937
43	872591	2.9	1	779997 92594
44	3512023	2.9	1	3330270 181753
45	1364735	2.9	1	1260620 104115
46	370349	2.9	1	329561 40788
47	1216467	2.9	1	1157621 58846
48	288001	2.9	1	260372 27629
49	725967	2.9	1	680729 45238
50	262044	2.9	1	241296 20748
51	448713	2.9	1	419785 28928
52	196470	2.9	1	179417 17053
53	726666	2.9	1	682889 43777
54	1176689	2.9	1	1116064 60625
55	411152	2.9	1	378257 32895
56	724800	2.9	1	677511 47289
57	1656739	2.9	1	1588582 68157
58	517069	2.9	1	480231 36838
59	399383	2.9	1	370039 29344
60	1189096	2.9	1	1134654 54442
61	584690	2.9	1	551679 33011
62	244429	2.9	1	222325 22104
63	1078402	2.9	1	1024466 53936
64	1471461	2.9	1	1411623 59838
65	466088	2.9	1	439773 26315
66	453372	2.9	1	429312 24060
67	410119	2.9	1	390422 19697
68	158020	2.9	1	147718 10302
69	197559	2.9	1	186345 11214
70	298876	2.9	1	284202 14674
71	125551	2.9	1	117471 8080
72	90017	2.9	1	83859 6158
73	106631	2.9	1	100070 6561
74	115321	2.9	1	108739 6582
75	133798	2.9	1	126633 7165
76	163470	2.9	1	155333 8137
77	165799	2.9	1	157071 8728
78	197696	2.9	1	187341 10355
79	205272	2.9	1	194515 10757
80	210973	2.9	1	199676 11297
81	204981	2.9	1	193956 11025
82	197061	2.9	1	186676 10385
83	198271	2.9	1	188024 10247
84	187047	2.9	1	176981 10066
85	183077	2.9	1	173738 9339
86	163696	2.9	1	155408 8288
87	149824	2.9	1	142184 7640
88	140682	2.9	1	133523 7159
89	134114	2.9	1	127377 6737
90	129330	2.9	1	123151 6179
91	117410	2.9	1	111624 5786
92	109801	2.9	1	104387 5414
93	105386	2.9	1	100247 5139
94	94894	2.9	1	90151 4743
95	89237	2.9	1	84865 4372
96	83617	2.9	1	79531 4086
97	78673	2.9	1	74611 4062
98	72828	2.9	1	69349 3479
99	68518	2.9	1	65208 3310
100	63606	2.9	1	60714 2892
101	53603	2.9	1	51109 2494
102	49311	2.9	1	46837 2474
103	44960	2.9	1	42815 2145
104	38805	2.9	1	36918 1887
105	36163	2.9	1	34467 1696
106	33084	2.9	1	31515 1569
107	29770	2.9	1	28340 1430
108	26081	2.9	1	24809 1272
109	22900	2.9	1	21840 1060
110	20447	2.9	1	19482 965
111	18210	2.9	1	17380 830
112	16754	2.9	1	15946 808
113	14345	2.9	1	13705 640
114	12362	2.9	1	11814 548
115	10366	2.9	1	9887 479
116	8983	2.9	1	8558 425
117	8050	2.9	1	7664 386
118	7272	2.9	1	6878 394
119	6567	2.9	1	6264 303
120	5745	2.9	1	5462 283
121	5130	2.9	1	4844 286
122	4392	2.9	1	4177 215
123	3965	2.9	1	3740 225
124	3719	2.9	1	3490 229
125	3287	2.9	1	3080 207
126	3250	2.9	1	3023 227
127	3012	2.9	1	2807 205
128	2710	2.9	1	2548 162
129	2406	2.9	1	2254 152
130	2327	2.9	1	2194 133
131	2064	2.9	1	1949 115
132	2495	2.9	1	2352 143
133	2845	2.9	1	2647 198
134	2186	2.9	1	2053 133
135	2250	2.9	1	2111 139
136	2366	2.9	1	2210 156
137	2150	2.9	1	2010 140
138	1902	2.9	1	1779 123
139	1907	2.9	1	1749 158
140	2159	2.9	1	1993 166
141	2988	2.9	1	2762 226
142	5221	2.9	1	4884 337
143	8159	2.9	1	7580 579
144	5412	2.9	1	5034 378
145	2500	2.9	1	2245 255
146	1643	2.9	1	1488 155
147	1093	2.9	1	973 120
148	1408	2.9	1	1215 193
149	1784	2.9	1	1595 189
150	6852	2.9	1	5659 1193

RUN STATISTICS FOR INPUT FILE: SRR10070126_2.fastq.gz
=============================================
196737990 sequences processed in total

Total number of sequences analysed for the sequence pair length validation: 196737990

Number of sequence pairs removed because at least one read was shorter than the length cutoff (20 bp): 3442396 (1.75%)
