
SUMMARISING RUN PARAMETERS
==========================
Input filename: SRR10070127_2.fastq.gz
Trimming mode: paired-end
Trim Galore version: 0.5.0
Cutadapt version: 2.5
Quality Phred score cutoff: 20
Quality encoding type selected: ASCII+33
Adapter sequence: 'AGATCGGAAGAGC' (Illumina TruSeq, Sanger iPCR; user defined)
Maximum trimming error rate: 0.1 (default)
Minimum required adapter overlap (stringency): 1 bp
Minimum required sequence length for both reads before a sequence pair gets removed: 20 bp
All Read 1 sequences will be trimmed by 3 bp from their 5' end to avoid poor qualities or biases
All Read 2 sequences will be trimmed by 6 bp from their 5' end to avoid poor qualities or biases (e.g. M-bias for BS-Seq applications)
Running FastQC on the data once trimming has completed
Output file will be GZIP compressed


This is cutadapt 2.5 with Python 3.7.3
Command line parameters: -f fastq -e 0.1 -q 20 -O 1 -a AGATCGGAAGAGC SRR10070127_2.fastq.gz
WARNING: Option --format is deprecated and ignored because the input file format is always auto-detected
Processing reads on 1 core in single-end mode ...
Finished in 6917.32 s (36 us/read; 1.66 M reads/minute).

=== Summary ===

Total reads processed:             191,456,649
Reads with adapters:               124,949,423 (65.3%)
Reads written (passing filters):   191,456,649 (100.0%)

Total basepairs processed: 28,718,497,350 bp
Quality-trimmed:             178,496,548 bp (0.6%)
Total written (filtered):  25,799,105,888 bp (89.8%)

=== Adapter 1 ===

Sequence: AGATCGGAAGAGC; Type: regular 3'; Length: 13; Trimmed: 124949423 times.

No. of allowed errors:
0-9 bp: 0; 10-13 bp: 1

Bases preceding removed adapters:
  A: 29.0%
  C: 7.3%
  G: 21.5%
  T: 42.2%
  none/other: 0.0%

Overview of removed sequences
length	count	expect	max.err	error counts
1	37270864	47864162.2	0	37270864
2	6635097	11966040.6	0	6635097
3	3400571	2991510.1	0	3400571
4	2220021	747877.5	0	2220021
5	1320161	186969.4	0	1320161
6	1212530	46742.3	0	1212530
7	1295560	11685.6	0	1295560
8	1439244	2921.4	0	1439244
9	1241801	730.3	0	1237105 4696
10	1359441	182.6	1	1255482 103959
11	1443493	45.6	1	1298809 144684
12	1472239	11.4	1	1341939 130300
13	1266519	2.9	1	1168318 98201
14	1432322	2.9	1	1299014 133308
15	1418199	2.9	1	1274002 144197
16	1334900	2.9	1	1227426 107474
17	1541927	2.9	1	1408029 133898
18	1188569	2.9	1	1079625 108944
19	1610177	2.9	1	1475167 135010
20	1265928	2.9	1	1150587 115341
21	1319462	2.9	1	1197864 121598
22	1294386	2.9	1	1195739 98647
23	1321748	2.9	1	1216726 105022
24	1553040	2.9	1	1410138 142902
25	1452230	2.9	1	1343822 108408
26	1194373	2.9	1	1086866 107507
27	1242604	2.9	1	1121399 121205
28	1285752	2.9	1	1197559 88193
29	1261897	2.9	1	1158895 103002
30	1288565	2.9	1	1200823 87742
31	1222846	2.9	1	1126338 96508
32	1204381	2.9	1	1120554 83827
33	1297138	2.9	1	1185589 111549
34	1431151	2.9	1	1287001 144150
35	1173634	2.9	1	1085961 87673
36	2234739	2.9	1	2080123 154616
37	727072	2.9	1	673437 53635
38	1116993	2.9	1	1035758 81235
39	711528	2.9	1	646934 64594
40	955586	2.9	1	895911 59675
41	1080429	2.9	1	1004371 76058
42	1859943	2.9	1	1731968 127975
43	850469	2.9	1	763162 87307
44	3562842	2.9	1	3383302 179540
45	1336294	2.9	1	1236150 100144
46	342244	2.9	1	305638 36606
47	1223107	2.9	1	1166521 56586
48	256889	2.9	1	232816 24073
49	676482	2.9	1	635181 41301
50	234260	2.9	1	216268 17992
51	417247	2.9	1	390347 26900
52	182689	2.9	1	167317 15372
53	715330	2.9	1	673141 42189
54	1164395	2.9	1	1105961 58434
55	387980	2.9	1	357070 30910
56	710226	2.9	1	664531 45695
57	1652866	2.9	1	1585419 67447
58	495248	2.9	1	460711 34537
59	372112	2.9	1	344827 27285
60	1209232	2.9	1	1155787 53445
61	560776	2.9	1	530677 30099
62	210807	2.9	1	191518 19289
63	1060326	2.9	1	1009820 50506
64	1490658	2.9	1	1432503 58155
65	395674	2.9	1	373022 22652
66	416611	2.9	1	395393 21218
67	345861	2.9	1	329189 16672
68	121180	2.9	1	112691 8489
69	180321	2.9	1	170091 10230
70	286841	2.9	1	273369 13472
71	111221	2.9	1	104493 6728
72	82595	2.9	1	77385 5210
73	100052	2.9	1	94470 5582
74	107102	2.9	1	101377 5725
75	125110	2.9	1	118641 6469
76	151841	2.9	1	144623 7218
77	162399	2.9	1	154064 8335
78	198344	2.9	1	188527 9817
79	205411	2.9	1	194867 10544
80	209459	2.9	1	198553 10906
81	202544	2.9	1	191923 10621
82	194610	2.9	1	184318 10292
83	195734	2.9	1	185864 9870
84	183974	2.9	1	174478 9496
85	180683	2.9	1	171825 8858
86	160331	2.9	1	152274 8057
87	144597	2.9	1	137429 7168
88	136856	2.9	1	129984 6872
89	129675	2.9	1	123495 6180
90	123928	2.9	1	118012 5916
91	112814	2.9	1	107377 5437
92	105356	2.9	1	100256 5100
93	100724	2.9	1	96047 4677
94	91407	2.9	1	86955 4452
95	86590	2.9	1	82334 4256
96	81062	2.9	1	77194 3868
97	75713	2.9	1	71874 3839
98	69278	2.9	1	65908 3370
99	65821	2.9	1	62694 3127
100	60698	2.9	1	57812 2886
101	51684	2.9	1	49191 2493
102	47497	2.9	1	45112 2385
103	42534	2.9	1	40499 2035
104	37777	2.9	1	35882 1895
105	34187	2.9	1	32602 1585
106	31409	2.9	1	29868 1541
107	28892	2.9	1	27480 1412
108	24902	2.9	1	23616 1286
109	21709	2.9	1	20663 1046
110	19823	2.9	1	18852 971
111	17002	2.9	1	16180 822
112	15828	2.9	1	15027 801
113	13675	2.9	1	13025 650
114	11881	2.9	1	11280 601
115	10011	2.9	1	9536 475
116	8678	2.9	1	8271 407
117	7563	2.9	1	7204 359
118	6946	2.9	1	6598 348
119	6157	2.9	1	5806 351
120	5528	2.9	1	5231 297
121	5156	2.9	1	4897 259
122	4360	2.9	1	4116 244
123	3816	2.9	1	3634 182
124	3585	2.9	1	3385 200
125	3223	2.9	1	3013 210
126	3244	2.9	1	3058 186
127	3038	2.9	1	2823 215
128	2710	2.9	1	2541 169
129	2253	2.9	1	2090 163
130	2245	2.9	1	2070 175
131	1934	2.9	1	1788 146
132	2426	2.9	1	2277 149
133	2697	2.9	1	2543 154
134	2279	2.9	1	2135 144
135	2253	2.9	1	2087 166
136	2353	2.9	1	2226 127
137	2088	2.9	1	1951 137
138	1900	2.9	1	1748 152
139	1824	2.9	1	1692 132
140	2097	2.9	1	1950 147
141	2884	2.9	1	2667 217
142	5194	2.9	1	4847 347
143	8012	2.9	1	7427 585
144	5288	2.9	1	4859 429
145	2410	2.9	1	2212 198
146	1538	2.9	1	1380 158
147	1171	2.9	1	1027 144
148	1389	2.9	1	1208 181
149	1718	2.9	1	1538 180
150	6699	2.9	1	5576 1123

RUN STATISTICS FOR INPUT FILE: SRR10070127_2.fastq.gz
=============================================
191456649 sequences processed in total

Total number of sequences analysed for the sequence pair length validation: 191456649

Number of sequence pairs removed because at least one read was shorter than the length cutoff (20 bp): 3362822 (1.76%)
