
SUMMARISING RUN PARAMETERS
==========================
Input filename: SRR10070128_1.fastq.gz
Trimming mode: paired-end
Trim Galore version: 0.5.0
Cutadapt version: 2.5
Quality Phred score cutoff: 20
Quality encoding type selected: ASCII+33
Adapter sequence: 'AGATCGGAAGAGC' (Illumina TruSeq, Sanger iPCR; user defined)
Maximum trimming error rate: 0.1 (default)
Minimum required adapter overlap (stringency): 1 bp
Minimum required sequence length for both reads before a sequence pair gets removed: 20 bp
All Read 1 sequences will be trimmed by 3 bp from their 5' end to avoid poor qualities or biases
All Read 2 sequences will be trimmed by 6 bp from their 5' end to avoid poor qualities or biases (e.g. M-bias for BS-Seq applications)
Running FastQC on the data once trimming has completed
Output file will be GZIP compressed


This is cutadapt 2.5 with Python 3.7.3
Command line parameters: -f fastq -e 0.1 -q 20 -O 1 -a AGATCGGAAGAGC SRR10070128_1.fastq.gz
WARNING: Option --format is deprecated and ignored because the input file format is always auto-detected
Processing reads on 1 core in single-end mode ...
Finished in 6608.26 s (36 us/read; 1.65 M reads/minute).

=== Summary ===

Total reads processed:             181,652,085
Reads with adapters:               112,110,401 (61.7%)
Reads written (passing filters):   181,652,085 (100.0%)

Total basepairs processed: 27,247,812,750 bp
Quality-trimmed:             105,859,630 bp (0.4%)
Total written (filtered):  24,665,525,522 bp (90.5%)

=== Adapter 1 ===

Sequence: AGATCGGAAGAGC; Type: regular 3'; Length: 13; Trimmed: 112110401 times.

No. of allowed errors:
0-9 bp: 0; 10-13 bp: 1

Bases preceding removed adapters:
  A: 39.7%
  C: 11.8%
  G: 11.9%
  T: 36.6%
  none/other: 0.1%

Overview of removed sequences
length	count	expect	max.err	error counts
1	51257910	45413021.2	0	51257910
2	4182226	11353255.3	0	4182226
3	2131230	2838313.8	0	2131230
4	1442156	709578.5	0	1442156
5	995817	177394.6	0	995817
6	884219	44348.7	0	884219
7	870473	11087.2	0	870473
8	955724	2771.8	0	955724
9	974014	692.9	0	971898 2116
10	894985	173.2	1	838191 56794
11	1044743	43.3	1	930936 113807
12	972617	10.8	1	891813 80804
13	906936	2.7	1	835619 71317
14	995316	2.7	1	892322 102994
15	935209	2.7	1	859190 76019
16	993379	2.7	1	886463 106916
17	1028473	2.7	1	922963 105510
18	895953	2.7	1	830431 65522
19	906317	2.7	1	828455 77862
20	902842	2.7	1	832501 70341
21	936568	2.7	1	856346 80222
22	866245	2.7	1	806747 59498
23	925121	2.7	1	849128 75993
24	955156	2.7	1	856111 99045
25	850211	2.7	1	784735 65476
26	861037	2.7	1	797212 63825
27	884234	2.7	1	816442 67792
28	824566	2.7	1	765588 58978
29	875273	2.7	1	794983 80290
30	807963	2.7	1	753780 54183
31	793031	2.7	1	735228 57803
32	796426	2.7	1	740826 55600
33	794952	2.7	1	730644 64308
34	796051	2.7	1	736139 59912
35	815222	2.7	1	741032 74190
36	715257	2.7	1	666980 48277
37	741485	2.7	1	692725 48760
38	748015	2.7	1	667652 80363
39	682920	2.7	1	632726 50194
40	676234	2.7	1	629643 46591
41	698710	2.7	1	650659 48051
42	608655	2.7	1	573047 35608
43	735461	2.7	1	671286 64175
44	721495	2.7	1	648400 73095
45	979932	2.7	1	922057 57875
46	411223	2.7	1	371708 39515
47	524314	2.7	1	488696 35618
48	1441489	2.7	1	1374962 66527
49	619608	2.7	1	576712 42896
50	382014	2.7	1	347924 34090
51	1263892	2.7	1	1198987 64905
52	497956	2.7	1	462023 35933
53	137916	2.7	1	125639 12277
54	483342	2.7	1	456900 26442
55	564937	2.7	1	546328 18609
56	478343	2.7	1	458556 19787
57	182210	2.7	1	171906 10304
58	167776	2.7	1	157299 10477
59	562516	2.7	1	538629 23887
60	76557	2.7	1	68473 8084
61	156716	2.7	1	146973 9743
62	338691	2.7	1	327351 11340
63	99568	2.7	1	93877 5691
64	90873	2.7	1	85147 5726
65	263226	2.7	1	249421 13805
66	256964	2.7	1	246972 9992
67	98545	2.7	1	91881 6664
68	244598	2.7	1	232516 12082
69	238807	2.7	1	225964 12843
70	334017	2.7	1	317014 17003
71	48551	2.7	1	42503 6048
72	28453	2.7	1	25717 2736
73	73256	2.7	1	70001 3255
74	117099	2.7	1	112451 4648
75	138919	2.7	1	133241 5678
76	145336	2.7	1	138777 6559
77	143675	2.7	1	137271 6404
78	137916	2.7	1	131615 6301
79	131464	2.7	1	125158 6306
80	124776	2.7	1	118749 6027
81	116905	2.7	1	111322 5583
82	110120	2.7	1	104791 5329
83	103304	2.7	1	98346 4958
84	98014	2.7	1	93456 4558
85	90149	2.7	1	85846 4303
86	84992	2.7	1	81033 3959
87	78887	2.7	1	75268 3619
88	73317	2.7	1	69802 3515
89	67174	2.7	1	63947 3227
90	62254	2.7	1	59324 2930
91	58123	2.7	1	55373 2750
92	54532	2.7	1	51945 2587
93	49921	2.7	1	47655 2266
94	45505	2.7	1	43379 2126
95	41707	2.7	1	39823 1884
96	37605	2.7	1	35889 1716
97	34808	2.7	1	33214 1594
98	30357	2.7	1	28912 1445
99	27966	2.7	1	26699 1267
100	25228	2.7	1	24030 1198
101	22441	2.7	1	21410 1031
102	20078	2.7	1	19143 935
103	17976	2.7	1	17116 860
104	15872	2.7	1	15147 725
105	14040	2.7	1	13387 653
106	12492	2.7	1	11892 600
107	10808	2.7	1	10287 521
108	9402	2.7	1	8924 478
109	8390	2.7	1	7934 456
110	7023	2.7	1	6659 364
111	5910	2.7	1	5579 331
112	5322	2.7	1	5003 319
113	4564	2.7	1	4286 278
114	3809	2.7	1	3550 259
115	3206	2.7	1	2990 216
116	2856	2.7	1	2637 219
117	2587	2.7	1	2400 187
118	2221	2.7	1	2017 204
119	2009	2.7	1	1845 164
120	1766	2.7	1	1606 160
121	1558	2.7	1	1425 133
122	1412	2.7	1	1265 147
123	1198	2.7	1	1085 113
124	1145	2.7	1	1011 134
125	1027	2.7	1	916 111
126	1139	2.7	1	1022 117
127	1052	2.7	1	951 101
128	943	2.7	1	824 119
129	953	2.7	1	840 113
130	994	2.7	1	892 102
131	1122	2.7	1	1008 114
132	1368	2.7	1	1278 90
133	1543	2.7	1	1454 89
134	1286	2.7	1	1187 99
135	1052	2.7	1	942 110
136	1225	2.7	1	1087 138
137	1509	2.7	1	1352 157
138	1528	2.7	1	1358 170
139	1510	2.7	1	1352 158
140	1696	2.7	1	1532 164
141	1752	2.7	1	1537 215
142	1911	2.7	1	1681 230
143	1760	2.7	1	1474 286
144	1821	2.7	1	1432 389
145	2177	2.7	1	1630 547
146	3140	2.7	1	2389 751
147	2761	2.7	1	1549 1212
148	3813	2.7	1	1479 2334
149	24713	2.7	1	647 24066
150	5311351	2.7	1	2345 5309006

RUN STATISTICS FOR INPUT FILE: SRR10070128_1.fastq.gz
=============================================
181652085 sequences processed in total

