	BumphunterDMR.seqnames	BumphunterDMR.start	BumphunterDMR.end	BumphunterDMR.width	BumphunterDMR.strand	BumphunterDMR.value	BumphunterDMR.area	BumphunterDMR.cluster	BumphunterDMR.indexStart	BumphunterDMR.indexEnd	BumphunterDMR.L	BumphunterDMR.clusterL	BumphunterDMR.p.value	BumphunterDMR.fwer	BumphunterDMR.p.valueArea	BumphunterDMR.fwerArea
DMR_1	chr2	37387350	37392027	4677	*	-1.38711643532342	4.16134930597027	81643	327669	327671	3	15	5.07841066059966e-05	0.02	0.00172665962460388	0.248
DMR_2	chr19	58545149	58545728	579	*	-0.395282519210015	3.16226015368012	78939	318453	318460	8	24	0.000517997887381165	0.044	0.00552531079873243	0.448
DMR_3	chr1	229691110	229692519	1409	*	-3.05513924269931	6.11027848539863	14182	55990	55991	2	12	0.000121881855854392	0.048	0.000345331924920777	0.104
DMR_4	chr17	42431109	42432165	1056	*	-0.41475880219909	2.48855281319454	67381	261448	261453	6	44	0.000467213780775169	0.056	0.0127569675794263	0.644
DMR_5	chr5	135364552	135364580	28	*	-0.412444140765948	2.06222070382974	132992	477287	477291	5	25	0.000670350207199155	0.056	0.0224465751198505	0.788
DMR_6	chr8	141521259	141521446	187	*	0.451378701937631	1.80551480775052	164973	582646	582649	4	18	0.000467213780775169	0.068	0.0325018282278378	0.872
DMR_7	chr20	57463763	57464973	1210	*	-0.300765891836224	4.81225426937958	98372	377285	377300	16	72	0.000284390996993581	0.072	0.000954741204192736	0.196
DMR_8	chr10	128994432	128994644	212	*	-0.380138218383863	2.28082931030318	24270	85763	85768	6	18	0.00136101405704071	0.072	0.0167689120013001	0.724
DMR_9	chr5	16179210	16180419	1209	*	-0.334352202184746	4.01222642621695	126471	463676	463687	12	24	0.000650036564556756	0.076	0.00208214837084586	0.272
DMR_10	chr16	4475641	4475932	291	*	0.366118898716937	2.19671339230162	59264	220902	220907	6	21	0.00210246201348826	0.084	0.0187393353376127	0.752
DMR_11	chr20	13975853	13976218	365	*	-0.339359565494144	3.73295522043559	95179	366385	366395	11	29	0.000761761599089949	0.088	0.00289469407654181	0.34
DMR_12	chr22	29196047	29196699	652	*	0.423495183522556	1.69398073409023	101826	391967	391970	4	17	0.00089380027626554	0.096	0.0384943528073454	0.904
DMR_13	chr20	3145178	3145597	419	*	-0.375391547514011	1.87695773757006	94496	364761	364765	5	48	0.00229544161859105	0.116	0.0293836840822296	0.852
DMR_14	chr7	26403780	26404734	954	*	-0.409814846442613	1.63925938577045	148547	535682	535685	4	10	0.00135085723571951	0.116	0.0418054765580564	0.912
DMR_15	chr3	128398171	128398685	514	*	-2.02348482825336	4.04696965650673	111401	422894	422895	2	10	0.000385959210205574	0.14	0.00198058015763387	0.264
DMR_16	chr5	6714655	6714666	11	*	0.3938950052748	1.5755800210992	125892	462446	462449	4	26	0.00210246201348826	0.144	0.0456549118387909	0.92
DMR_17	chr11	30038615	30038692	77	*	-0.331878222097988	2.32314755468592	26723	99290	99296	7	30	0.00339237832128057	0.148	0.0159766799382465	0.704
DMR_18	chr6	291859	292823	964	*	-0.319531729067403	2.55625383253922	136192	489633	489640	8	13	0.00335175103599577	0.152	0.0116498740554156	0.624
DMR_19	chr6	28945189	28945507	318	*	-0.32697034764	2.28879243348	138567	497102	497108	7	8	0.00384943528073454	0.152	0.0166368733241245	0.724
DMR_20	chr5	56110833	56111630	797	*	0.311124377793398	2.80011940014058	128392	467252	467260	9	18	0.00264077354351182	0.168	0.00860282765905582	0.54
DMR_21	chr7	27183643	27184030	387	*	0.260512477244565	2.86563724969022	148600	535994	536004	11	541	0.00371739660355895	0.2	0.00788169334525067	0.524
DMR_22	chr1	3568004	3568245	241	*	-0.313293323315416	2.19305326320791	147	4035	4041	7	141	0.00538311530023564	0.204	0.0187698058015763	0.752
DMR_23	chr16	2802190	2802538	348	*	0.304694969043842	2.74225472139458	59122	219244	219252	9	70	0.00325018282278378	0.208	0.00926302104493378	0.556
DMR_24	chr10	116582297	116582297	0	*	-1.89608865671533	1.89608865671533	23294	82604	82604	1	14	0.000639879743235557	0.216	0.0285609815552125	0.848
DMR_25	chr20	32856747	32857151	404	*	-0.330599860999755	1.65299930499878	96270	369707	369711	5	9	0.00713008856748192	0.22	0.0409523035670756	0.912
DMR_26	chr19	50931343	50931622	279	*	-0.32939629333811	1.64698146669055	78310	314282	314286	5	23	0.0074449500284391	0.22	0.0413585764199236	0.912
DMR_27	chr6	48036212	48036617	405	*	-0.259854146589106	2.59854146589106	140115	511256	511265	10	18	0.00566750629722922	0.236	0.0110810920614285	0.608
DMR_28	chr5	50678913	50679290	377	*	-0.295652441162015	2.36521952929612	128009	466460	466467	8	58	0.00609409279271959	0.256	0.015184447875193	0.7
DMR_29	chr8	145164473	145165189	716	*	-0.592401004120939	1.77720301236282	165279	585857	585859	3	42	0.000832859348338344	0.256	0.0339847241407329	0.888
DMR_30	chr8	35092683	35092878	195	*	-0.321562900051386	1.60781450025693	158612	568397	568401	5	21	0.00903957097586739	0.256	0.0436641748598359	0.92
DMR_31	chr15	77711506	77711899	393	*	0.580727921114208	1.74218376334262	57188	208461	208463	3	20	0.000853172990980743	0.26	0.0356809133013732	0.896
DMR_32	chr14	102026812	102027172	360	*	-0.320840383269977	1.60420191634989	52781	191389	191393	5	45	0.00920208011700658	0.26	0.0438571544649387	0.92
DMR_33	chr1	12587508	12587519	11	*	1.65348952948767	3.30697905897533	931	8757	8758	2	7	0.000782075241732347	0.264	0.00468229462907288	0.424
DMR_34	chr8	120220410	120220856	446	*	-0.300598309657678	2.10418816760374	163358	579144	579150	7	21	0.00756683188429349	0.28	0.0212175997399854	0.776
DMR_35	chr2	115918775	115919013	238	*	-0.31553093494163	1.57765467470815	86284	341285	341289	5	20	0.0105630941740473	0.28	0.0454924026976517	0.92
DMR_36	chr5	7847407	7847799	392	*	1.58281649985471	3.16563299970941	125959	462624	462625	2	21	0.000853172990980743	0.288	0.00548468351344763	0.448
DMR_37	chr11	1848552	1849375	823	*	0.290261913402136	2.03183339381495	24855	91844	91850	7	67	0.00975054846835135	0.312	0.0234825708946128	0.8
DMR_38	chr4	187476569	187476703	134	*	-0.311302157256371	1.55651078628186	125222	458676	458680	5	19	0.0119139514097668	0.316	0.046934671325262	0.928
DMR_39	chr1	241520286	241520607	321	*	-0.309285566495139	1.54642783247569	15091	58259	58263	5	16	0.0126757130088567	0.32	0.0475237669618916	0.932
DMR_40	chr1	113933133	113933423	290	*	0.253069352374324	2.0245548189946	7904	34272	34279	8	17	0.0143312748842122	0.34	0.0237568050702852	0.8
DMR_41	chr18	10862	10935	73	*	-0.305978500506022	1.52989250253011	70325	278865	278869	5	7	0.0137421792475827	0.34	0.0487121150564719	0.936
DMR_42	chr1	205819179	205819492	313	*	-0.245619935367574	1.96495948294059	12432	50580	50587	8	16	0.0157837003331437	0.352	0.0259811489396279	0.82
DMR_43	chr1	63789404	63790236	832	*	-0.296573720467153	1.77944232280292	5117	27301	27306	6	65	0.0124928902250752	0.352	0.0338120581782725	0.888
DMR_44	chr1	38259483	38259574	91	*	0.290645067228264	1.74387040336959	3126	19690	19695	6	49	0.0145039408466726	0.36	0.03556918826684	0.896
DMR_45	chr4	2010918	2011099	181	*	0.290078928221869	1.74047356933122	116108	437393	437398	6	21	0.0146969204517754	0.364	0.03582310879987	0.896
DMR_46	chr5	14871736	14871921	185	*	0.286285966091962	1.71771579655177	126388	463571	463576	6	22	0.0162204436499553	0.38	0.0370927114650199	0.896
DMR_47	chr19	57019005	57019373	368	*	-0.273940982624638	1.91758687837247	78814	317711	317717	7	12	0.014422686276103	0.388	0.0278296904200861	0.836
DMR_48	chr11	1330593	1330840	247	*	0.253633715618664	1.77543600933064	24814	91345	91351	7	124	0.0214715202730154	0.428	0.0340659787113025	0.892
DMR_49	chr1	42801016	42801146	130	*	0.275041275558198	1.65024765334919	3554	21484	21489	6	34	0.0216137157715121	0.448	0.0411655968148208	0.912
DMR_50	chr15	45721589	45721592	3	*	1.23050826316413	2.46101652632826	54656	200133	200134	2	17	0.00161493459007069	0.452	0.0131733972535955	0.652
DMR_51	chr5	139781318	139781398	80	*	0.272750827608177	1.63650496564906	133355	478657	478662	6	18	0.0225887706183473	0.452	0.0418765743073048	0.912
DMR_52	chr5	132112891	132112975	84	*	0.261215484606242	1.56729290763745	132699	475975	475980	6	44	0.0288961566588121	0.492	0.0461525960835297	0.928
DMR_53	chr11	125774082	125774447	365	*	-0.260069550469412	1.56041730281647	32732	124359	124364	6	22	0.0295360364020476	0.496	0.0466705939709109	0.928
DMR_54	chr7	99006201	99006352	151	*	0.25627674854195	1.5376604912517	152572	546430	546435	6	43	0.0317806939140327	0.504	0.0481636467051272	0.936
DMR_55	chr22	38851318	38851366	48	*	-0.25599788957346	1.53598733744076	102638	395749	395754	6	15	0.0319127325912083	0.504	0.0482652149183392	0.936
DMR_56	chr10	978071	978077	6	*	-0.827246611754623	1.65449322350925	15708	60670	60671	2	16	0.00423539449094012	0.852	0.0408812058178273	0.912
DMR_57	chr6	87864951	87864960	9	*	-0.772116922408847	1.54423384481769	141671	514160	514161	2	19	0.00493621516210287	0.896	0.047696432924352	0.932
