fastPHASE AHRR.chr-5.recode.phase.inp --help 
781655512	-10496.370272
1546212098	-10507.337474
507122816	-16307.233534
606945131	-10636.878748
1530319702	-10382.932726
626979653	-10395.945201
297562618	-10698.590837
726256043	-10596.968177
49482522	-10844.056420
51882922	-10688.290784
1720141236	-10753.884646
805799852	-10747.042219
687704122	-10409.269626
1223975244	-10997.709072
613595133	-10538.342439
1952002364	-10669.553039
14862507	-10671.121084
295547980	-10474.654356
229186892	-10681.057886
1517193917	-10907.148117
