	V1	V2	V3	V4	V5	V6
1	0.534823073666457	0.679769162691287	0.607779088893657	0.279265771783201	0.421685815998775	0.347672316384181
2	0.535404328576319	0.679889706221365	0.608030107988272	0.281876508268937	0.416086554072344	0.346310734463277
3	0.536717571528418	0.680188095462718	0.608875062575985	0.282102149192715	0.416747870879378	0.34664406779661
4	0.534831941153444	0.679978509365877	0.607862046771079	0.280656005179364	0.418433002145961	0.346638418079096
5	0.533541461052349	0.682182612444707	0.608366587999714	0.282421355660909	0.423786177993102	0.349344632768362
6	0.535350421632384	0.678838679424564	0.60752342129729	0.279067449465301	0.416167166863746	0.344632768361582
7	0.533978688600186	0.681276262326839	0.608110920403347	0.285908130340181	0.418860386798346	0.349327683615819
8	0.534133059109247	0.680165386919977	0.607608167060001	0.286813757328739	0.421084045492593	0.351073446327684
9	0.534548228502543	0.67966198170212	0.607521633412	0.283289976603429	0.420991342461559	0.349344632768362
