chr1:6245079-6263679	18600	18600	38496	2.06968	2.06968
chr1:11166587-11326608	160021	160021	252476	1.57777	1.57777
chr1:16450831-16486604	35773	35773	64498	1.80298	1.80298
chr1:27018523-27108601	90078	90078	137634	1.52794	1.52794
chr1:36686012-36770957	84945	84945	159324	1.87561	1.87561
chr1:37936118-37949978	13860	13860	13244	0.955556	0.955556
chr1:39545838-39952810	406972	406972	622081	1.52856	1.52856
chr1:51430366-51440309	9943	9943	6999	0.703912	0.703912
chr1:65298905-65537429	238524	238524	341043	1.42981	1.42981
chr1:78409735-78448889	39154	39154	51614	1.31823	1.31823
chr1:93293542-93307482	13940	13940	16756	1.20201	1.20201
chr1:115247084-115263515	16431	16431	16188	0.985211	0.985211
chr1:120454175-120616317	162142	162142	253044	1.56063	1.56063
chr1:198604097-198726605	122508	122508	99181	0.809588	0.809588
chr1:201969178-201986315	17137	17137	35513	2.0723	2.0723
chr1:209958967-209983520	24553	24553	22436	0.913778	0.913778
chr1:226246407-226259703	13296	13296	17881	1.34484	1.34484
chr10:8092412-8117164	24752	24752	46982	1.89811	1.89811
chr10:89619194-89731687	112493	112493	104427	0.928298	0.928298
chr10:123237843-123361972	124129	124129	224757	1.81067	1.81067
chr10:131261504-131569247	307743	307743	730470	2.37364	2.37364
chr11:532241-539567	7326	7326	3948	0.538903	0.538903
chr11:32409320-32480316	70996	70996	113256	1.59524	1.59524
chr11:57475994-57586653	110659	110659	179649	1.62345	1.62345
chr11:64532075-64550316	18241	18241	29700	1.6282	1.6282
chr11:69451872-69469242	17370	17370	23023	1.32545	1.32545
chr11:71931881-71950188	18307	18307	29536	1.61337	1.61337
chr11:100900354-101030002	129648	129648	92071	0.710161	0.710161
chr11:108089558-108239826	150268	150268	181852	1.21018	1.21018
chr11:118303204-118397539	94335	94335	144556	1.53237	1.53237
chr12:6679247-6720642	41395	41395	93572	2.26047	2.26047
chr12:12866203-12875316	9113	9113	3623	0.397564	0.397564
chr12:14514565-14655869	141304	141304	136873	0.968642	0.968642
chr12:25357722-25407865	50143	50143	61670	1.22988	1.22988
chr12:31943175-31949175	6000	6000	27900	4.65	4.65
chr12:46119491-46301823	182332	182332	207320	1.13705	1.13705
chr12:49412757-49453107	40350	40350	89460	2.2171	2.2171
chr12:52341450-52390863	49413	49413	93202	1.88618	1.88618
chr12:56469808-56497291	27483	27483	50439	1.83528	1.83528
chr12:58141509-58150230	8721	8721	10218	1.17165	1.17165
chr12:112852701-112947722	95021	95021	160485	1.68894	1.68894
chr12:115108058-115125969	17911	17911	22936	1.28055	1.28055
chr12:133200347-133268110	67763	67763	206468	3.04691	3.04691
chr13:32885616-32973809	88193	88193	137887	1.56347	1.56347
chr13:48870648-49056026	185378	185378	194540	1.04942	1.04942
chr13:73625113-73651680	26567	26567	35410	1.33286	1.33286
chr14:21853352-21909457	56105	56105	116156	2.07033	2.07033
chr14:23440382-23455851	15469	15469	17211	1.11261	1.11261
chr14:38058756-38068325	9569	9569	3635	0.379873	0.379873
chr14:92524895-92576965	52070	52070	124960	2.39985	2.39985
chr14:103239815-103377837	138022	138022	290051	2.10148	2.10148
chr14:105235686-105266080	30394	30394	41231	1.35655	1.35655
chr15:41948609-42062141	113532	113532	166887	1.46996	1.46996
chr15:44999714-45011075	11361	11361	1789	0.157469	0.157469
chr15:57206287-57583459	377172	377172	317512	0.841823	0.841823
chr15:59275786-59389618	113832	113832	169385	1.48803	1.48803
chr15:66675210-66783882	108672	108672	162610	1.49634	1.49634
chr15:75661719-75752124	90405	90405	162988	1.80286	1.80286
chr15:90627210-90676805	49595	49595	88561	1.78568	1.78568
chr16:337439-406676	69237	69237	174516	2.52056	2.52056
chr16:3775055-3934121	159066	159066	317514	1.99611	1.99611
chr16:50352928-50406845	53917	53917	42568	0.78951	0.78951
chr16:67059049-67134958	75909	75909	95424	1.25708	1.25708
chr16:67592309-67673088	80779	80779	198800	2.46104	2.46104
chr16:68767192-68869445	102253	102253	157379	1.53911	1.53911
chr17:7215977-7222658	6681	6681	16152	2.4176	2.4176
chr17:7571719-7594868	23149	23149	53653	2.31772	2.31772
chr17:7784122-7816075	31953	31953	88007	2.75426	2.75426
chr17:11920134-12047148	127014	127014	139160	1.09563	1.09563
chr17:15933407-16122874	189467	189467	330860	1.74627	1.74627
chr17:29417944-29704695	286751	286751	322850	1.12589	1.12589
chr17:37613763-37690818	77055	77055	160674	2.08519	2.08519
chr17:37840336-37884916	44580	44580	84261	1.89011	1.89011
chr17:38461422-38513895	52473	52473	55731	1.06209	1.06209
chr17:38811871-38825416	13545	13545	10463	0.772462	0.772462
chr17:41196311-41281500	85189	85189	175977	2.06572	2.06572
chr17:44107281-44306740	199459	199459	248324	1.24499	1.24499
chr17:47676245-47759525	83280	83280	143704	1.72555	1.72555
chr17:56429860-56498943	69083	69083	71852	1.04008	1.04008
chr17:63524682-63561766	37084	37084	74976	2.02179	2.02179
chr17:70067182-70122560	55378	55378	44215	0.798422	0.798422
chr17:80787309-80801931	14622	14622	38146	2.60881	2.60881
chr17_ctg5_hap1:559497-760700	201203	201203	46008	0.228665	0.228665
chr18:42256137-42648475	392338	392338	356136	0.907728	0.907728
chr18:45359465-45461517	102052	102052	106500	1.04359	1.04359
chr18:48552582-48611411	58829	58829	59812	1.01671	1.01671
chr18:60790578-60990613	200035	200035	282012	1.40981	1.40981
chr19:1201797-1228434	26637	26637	48437	1.81841	1.81841
chr19:1403567-1435686	32119	32119	79139	2.46393	2.46393
chr19:3090407-3124000	33593	33593	75874	2.25863	2.25863
chr19:10596795-10618054	21259	21259	52824	2.48478	2.48478
chr19:11067597-11172958	105361	105361	269500	2.55787	2.55787
chr19:13317255-13621274	304019	304019	499927	1.64439	1.64439
chr19:17935592-17962841	27249	27249	56095	2.05861	2.05861
chr19:18259987-18281344	21357	21357	35623	1.66798	1.66798
chr19:36204920-36229781	24861	24861	59356	2.38751	2.38751
chr19:42768688-42799948	31260	31260	48055	1.53727	1.53727
chr19:45854648-45877845	23197	23197	51042	2.20037	2.20037
chr19:47417932-47508333	90401	90401	170684	1.88808	1.88808
chr19:48894131-48948188	54057	54057	132060	2.44298	2.44298
chr19:52689054-52729679	40625	40625	72832	1.79279	1.79279
chr2:25455829-25569459	113630	113630	256625	2.25843	2.25843
chr2:25956621-26105385	148764	148764	202176	1.35904	1.35904
chr2:29415639-30148477	732838	732838	720967	0.983801	0.983801
chr2:39208689-39351604	142915	142915	165288	1.15655	1.15655
chr2:43449540-43457745	8205	8205	1420	0.173065	0.173065
chr2:47626205-47710367	84162	84162	173445	2.06085	2.06085
chr2:70189394-70318147	128753	128753	227560	1.76742	1.76742
chr2:148598085-148688396	90311	90311	52657	0.583063	0.583063
chr2:178095030-178133859	38829	38829	43655	1.12429	1.12429
chr2:190644810-190742356	97546	97546	86225	0.883942	0.883942
chr2:198256697-198303817	47120	47120	55779	1.18376	1.18376
chr2:202094165-202152435	58270	58270	82072	1.40848	1.40848
chr2:209100950-209123867	22917	22917	25862	1.12851	1.12851
chr2:225334866-225454114	119248	119248	150520	1.26224	1.26224
chr2:232569234-232578250	9016	9016	5112	0.566992	0.566992
chr20:22561641-22570101	8460	8460	5396	0.637825	0.637825
chr20:30942146-31027122	84976	84976	126311	1.48643	1.48643
chr21:33043312-33108431	65119	65119	91258	1.4014	1.4014
chr21:36160097-36425595	265498	265498	281796	1.06139	1.06139
chr21:44513065-44531688	18623	18623	35752	1.91978	1.91978
chr22:22113946-22225970	112024	112024	204480	1.82532	1.82532
chr22:29083730-29141822	58092	58092	112692	1.93989	1.93989
chr22:29995544-30094590	99046	99046	189996	1.91826	1.91826
chr22:41484613-41576081	91468	91468	156183	1.70752	1.70752
chr22:41581218-41597505	16287	16287	24734	1.51863	1.51863
chr22:50713407-50750001	36594	36594	44008	1.2026	1.2026
chr3:10179318-10195354	16036	16036	32806	2.04577	2.04577
chr3:12625099-12709700	84601	84601	142789	1.68779	1.68779
chr3:30643993-30735633	91640	91640	70716	0.771672	0.771672
chr3:37030840-37092337	61497	61497	76267	1.24017	1.24017
chr3:41236914-41281944	45030	45030	37772	0.838819	0.838819
chr3:47057897-47209467	151570	151570	224870	1.4836	1.4836
chr3:49396568-49453530	56962	56962	124972	2.19395	2.19395
chr3:52435019-52448121	13102	13102	14200	1.0838	1.0838
chr3:52579367-52723929	144562	144562	217510	1.50461	1.50461
chr3:89152673-89531284	378611	378611	309844	0.81837	0.81837
chr3:121150272-121268853	118581	118581	190155	1.60359	1.60359
chr3:138371539-138482201	110662	110662	140700	1.27144	1.27144
chr3:142168076-142301668	133592	133592	163798	1.22611	1.22611
chr3:176737142-176919114	181972	181972	268893	1.47766	1.47766
chr3:178862310-178957881	95571	95571	96069	1.00521	1.00521
chr4:1791038-1810600	19562	19562	20425	1.04412	1.04412
chr4:55520094-55606881	86787	86787	82509	0.950707	0.950707
chr4:153241695-153461244	219549	219549	168128	0.765788	0.765788
chr4:185308875-185399726	90851	90851	208217	2.29185	2.29185
chr4:187508936-187648987	140051	140051	319500	2.28131	2.28131
chr5:35852950-35879706	26756	26756	9656	0.360891	0.360891
chr5:36871462-37065921	194459	194459	179488	0.923012	0.923012
chr5:56106899-56191978	85079	85079	72704	0.854547	0.854547
chr5:67507583-67597649	90066	90066	66822	0.741923	0.741923
chr5:79946466-80172634	226168	226168	235718	1.04223	1.04223
chr5:86560069-86687743	127674	127674	120984	0.947601	0.947601
chr5:112039201-112181936	142735	142735	145519	1.0195	1.0195
chr5:176556079-176727214	171135	171135	340232	1.98809	1.98809
chr6:26054699-26060699	6000	6000	7592	1.26533	1.26533
chr6:29906246-29913661	7415	7415	852	0.114902	0.114902
chr6:31321642-31329022	7380	7380	1704	0.230894	0.230894
chr6:33738989-33760906	21917	21917	39096	1.78382	1.78382
chr6:36640236-36655116	14880	14880	21294	1.43105	1.43105
chr6:74225472-74234755	9283	9283	8925	0.961435	0.961435
chr6:152007630-152450738	443108	443108	465029	1.04947	1.04947
chr6_apd_hap1:1146132-1153548	7416	7416	0	0	0
chr6_cox_hap2:1417997-1425413	7416	7416	284	0.0382956	0.0382956
chr6_cox_hap2:2834331-2841710	7379	7379	0	0	0
chr6_dbb_hap3:1199607-1207037	7430	7430	1988	0.267564	0.267564
chr6_mann_hap4:1198631-1206062	7431	7431	0	0	0
chr6_mann_hap4:2668097-2675477	7380	7380	284	0.0384824	0.0384824
chr6_mcf_hap5:1146097-1295564	149467	149467	7384	0.0494022	0.0494022
chr6_mcf_hap5:2701422-2708815	7393	7393	3183	0.430542	0.430542
chr6_qbl_hap6:1199024-1206454	7430	7430	0	0	0
chr6_qbl_hap6:2615158-2622538	7380	7380	852	0.115447	0.115447
chr6_ssto_hap7:1235581-1243012	7431	7431	284	0.0382183	0.0382183
chr6_ssto_hap7:2655401-2662781	7380	7380	0	0	0
chr7:1268017-1276962	8945	8945	2840	0.317496	0.317496
chr7:6010555-6052737	42182	42182	94828	2.24807	2.24807
chr7:6410125-6443598	33473	33473	63230	1.88899	1.88899
chr7:55082713-55275773	193060	193060	297054	1.53866	1.53866
chr7:74067990-74175022	107032	107032	226615	2.11726	2.11726
chr7:81328323-81403514	75191	75191	52540	0.698754	0.698754
chr7:106501722-106549423	47701	47701	44596	0.934907	0.934907
chr7:140419126-140628728	209602	209602	240832	1.149	1.149
chr7:148391932-148498202	106270	106270	201979	1.90062	1.90062
chr7:151163097-151221010	57913	57913	98548	1.70166	1.70166
chr7:151832009-152137090	305081	305081	526981	1.72735	1.72735
chr8:22545173-22554815	9642	9642	5010	0.519602	0.519602
chr8:38268655-38330352	61697	61697	123824	2.00697	2.00697
chr8:55366494-55373456	6962	6962	4407	0.633008	0.633008
chr8:128743679-128755197	11518	11518	3976	0.345199	0.345199
chr9:4981085-5128183	147098	147098	197096	1.3399	1.3399
chr9:15464064-15515017	50953	50953	62595	1.22849	1.22849
chr9:21963137-21999042	35905	35905	27063	0.753739	0.753739
chr9:36833271-37038476	205205	205205	299052	1.45733	1.45733
chr9:70852860-70914951	62091	62091	70716	1.13891	1.13891
chr9:80331189-80650365	319176	319176	315808	0.989448	0.989448
chr9:98205261-98283339	78078	78078	154496	1.97874	1.97874
chr9:120462452-120479769	17317	17317	7217	0.416758	0.416758
chr9:133585267-133763062	177795	177795	348122	1.958	1.958
chr9:135766734-135824020	57286	57286	70064	1.22306	1.22306
chr9:139388884-139444500	55616	55616	77419	1.39203	1.39203
chrX:20142635-20163966	21331	21331	14268	0.668886	0.668886
chrX:39910498-40040582	130084	130084	144476	1.11064	1.11064
chrX:40940887-41095832	154945	154945	92584	0.597528	0.597528
chrX:41188560-41223726	35166	35166	30471	0.86649	0.86649
chrX:44728420-44971858	243438	243438	171820	0.705806	0.705806
chrX:47000616-47046214	45598	45598	64132	1.40647	1.40647
chrX:47416498-47431320	14822	14822	18176	1.22629	1.22629
chrX:53205458-53258604	53146	53146	49132	0.924472	0.924472
chrX:63404996-63429588	24592	24592	11076	0.45039	0.45039
chrX:66760464-66950461	189997	189997	58696	0.308931	0.308931
chrX:76760355-77045755	285400	285400	178010	0.623721	0.623721
chrX:123090409-123236505	146096	146096	101662	0.695858	0.695858
chrX:128580477-128661482	81005	81005	40928	0.505253	0.505253
