chr1:6245079-6263679	18600	18600	14628	0.786452	0.786452
chr1:11166587-11326608	160021	160021	103447	0.646459	0.646459
chr1:16450831-16486604	35773	35773	36713	1.02628	1.02628
chr1:27018523-27108601	90078	90078	57408	0.637314	0.637314
chr1:36686012-36770957	84945	84945	58101	0.683984	0.683984
chr1:37936118-37949978	13860	13860	6043	0.436003	0.436003
chr1:39545838-39952810	406972	406972	252107	0.61947	0.61947
chr1:51430366-51440309	9943	9943	5410	0.544101	0.544101
chr1:65298905-65537429	238524	238524	149724	0.62771	0.62771
chr1:78409735-78448889	39154	39154	18216	0.46524	0.46524
chr1:93293542-93307482	13940	13940	6348	0.45538	0.45538
chr1:115247084-115263515	16431	16431	6072	0.369545	0.369545
chr1:120454175-120616317	162142	162142	126684	0.781315	0.781315
chr1:198604097-198726605	122508	122508	55450	0.452624	0.452624
chr1:201969178-201986315	17137	17137	16767	0.978409	0.978409
chr1:209958967-209983520	24553	24553	10431	0.424836	0.424836
chr1:226246407-226259703	13296	13296	7422	0.558213	0.558213
chr10:8092412-8117164	24752	24752	25116	1.01471	1.01471
chr10:89619194-89731687	112493	112493	35604	0.3165	0.3165
chr10:123237843-123361972	124129	124129	106643	0.85913	0.85913
chr10:131261504-131569247	307743	307743	334734	1.08771	1.08771
chr11:532241-539567	7326	7326	5970	0.814906	0.814906
chr11:32409320-32480316	70996	70996	62829	0.884965	0.884965
chr11:57475994-57586653	110659	110659	76728	0.693373	0.693373
chr11:64532075-64550316	18241	18241	17891	0.980812	0.980812
chr11:69451872-69469242	17370	17370	21789	1.2544	1.2544
chr11:71931881-71950188	18307	18307	16284	0.889496	0.889496
chr11:100900354-101030002	129648	129648	38640	0.298038	0.298038
chr11:108089558-108239826	150268	150268	59892	0.398568	0.398568
chr11:118303204-118397539	94335	94335	63756	0.675847	0.675847
chr12:6679247-6720642	41395	41395	32568	0.786762	0.786762
chr12:12866203-12875316	9113	9113	1228	0.134753	0.134753
chr12:14514565-14655869	141304	141304	64987	0.459909	0.459909
chr12:25357722-25407865	50143	50143	26779	0.534053	0.534053
chr12:31943175-31949175	6000	6000	11782	1.96367	1.96367
chr12:46119491-46301823	182332	182332	87768	0.481364	0.481364
chr12:49412757-49453107	40350	40350	52164	1.29279	1.29279
chr12:52341450-52390863	49413	49413	39729	0.804019	0.804019
chr12:56469808-56497291	27483	27483	21379	0.777899	0.777899
chr12:58141509-58150230	8721	8721	6067	0.695677	0.695677
chr12:112852701-112947722	95021	95021	56028	0.589638	0.589638
chr12:115108058-115125969	17911	17911	17112	0.955391	0.955391
chr12:133200347-133268110	67763	67763	96876	1.42963	1.42963
chr13:32885616-32973809	88193	88193	61816	0.700917	0.700917
chr13:48870648-49056026	185378	185378	89976	0.485365	0.485365
chr13:73625113-73651680	26567	26567	10824	0.407423	0.407423
chr14:21853352-21909457	56105	56105	46368	0.82645	0.82645
chr14:23440382-23455851	15469	15469	6963	0.450126	0.450126
chr14:38058756-38068325	9569	9569	6414	0.670289	0.670289
chr14:92524895-92576965	52070	52070	43056	0.826887	0.826887
chr14:103239815-103377837	138022	138022	127484	0.92365	0.92365
chr14:105235686-105266080	30394	30394	47630	1.56709	1.56709
chr15:41948609-42062141	113532	113532	71755	0.632024	0.632024
chr15:44999714-45011075	11361	11361	2484	0.218643	0.218643
chr15:57206287-57583459	377172	377172	139077	0.368736	0.368736
chr15:59275786-59389618	113832	113832	68448	0.601307	0.601307
chr15:66675210-66783882	108672	108672	60720	0.558746	0.558746
chr15:75661719-75752124	90405	90405	66096	0.73111	0.73111
chr15:90627210-90676805	49595	49595	28884	0.582397	0.582397
chr16:337439-406676	69237	69237	101319	1.46336	1.46336
chr16:3775055-3934121	159066	159066	138591	0.87128	0.87128
chr16:50352928-50406845	53917	53917	24012	0.445351	0.445351
chr16:67059049-67134958	75909	75909	36984	0.487215	0.487215
chr16:67592309-67673088	80779	80779	70104	0.867849	0.867849
chr16:68767192-68869445	102253	102253	48938	0.478597	0.478597
chr17:7215977-7222658	6681	6681	7154	1.0708	1.0708
chr17:7571719-7594868	23149	23149	24063	1.03948	1.03948
chr17:7784122-7816075	31953	31953	37186	1.16377	1.16377
chr17:11920134-12047148	127014	127014	65136	0.512825	0.512825
chr17:15933407-16122874	189467	189467	126504	0.667684	0.667684
chr17:29417944-29704695	286751	286751	141265	0.49264	0.49264
chr17:37613763-37690818	77055	77055	50753	0.658659	0.658659
chr17:37840336-37884916	44580	44580	32568	0.730552	0.730552
chr17:38461422-38513895	52473	52473	29890	0.569626	0.569626
chr17:38811871-38825416	13545	13545	3588	0.264895	0.264895
chr17:41196311-41281500	85189	85189	62928	0.738687	0.738687
chr17:44107281-44306740	199459	199459	95285	0.477717	0.477717
chr17:47676245-47759525	83280	83280	50784	0.609798	0.609798
chr17:56429860-56498943	69083	69083	33396	0.483418	0.483418
chr17:63524682-63561766	37084	37084	38364	1.03452	1.03452
chr17:70067182-70122560	55378	55378	19498	0.352089	0.352089
chr17:80787309-80801931	14622	14622	15617	1.06805	1.06805
chr17_ctg5_hap1:559497-760700	201203	201203	19400	0.09642	0.09642
chr18:42256137-42648475	392338	392338	160632	0.409422	0.409422
chr18:45359465-45461517	102052	102052	39468	0.386744	0.386744
chr18:48552582-48611411	58829	58829	23423	0.398154	0.398154
chr18:60790578-60990613	200035	200035	102396	0.51189	0.51189
chr19:1201797-1228434	26637	26637	37335	1.40162	1.40162
chr19:1403567-1435686	32119	32119	58727	1.82842	1.82842
chr19:3090407-3124000	33593	33593	59830	1.78103	1.78103
chr19:10596795-10618054	21259	21259	21528	1.01265	1.01265
chr19:11067597-11172958	105361	105361	133191	1.26414	1.26414
chr19:13317255-13621274	304019	304019	184923	0.608261	0.608261
chr19:17935592-17962841	27249	27249	27709	1.01688	1.01688
chr19:18259987-18281344	21357	21357	22802	1.06766	1.06766
chr19:36204920-36229781	24861	24861	41659	1.67568	1.67568
chr19:42768688-42799948	31260	31260	36156	1.15662	1.15662
chr19:45854648-45877845	23197	23197	31018	1.33716	1.33716
chr19:47417932-47508333	90401	90401	82256	0.909901	0.909901
chr19:48894131-48948188	54057	54057	56310	1.04168	1.04168
chr19:52689054-52729679	40625	40625	36971	0.910055	0.910055
chr2:25455829-25569459	113630	113630	120280	1.05852	1.05852
chr2:25956621-26105385	148764	148764	89424	0.601113	0.601113
chr2:29415639-30148477	732838	732838	314916	0.429721	0.429721
chr2:39208689-39351604	142915	142915	66516	0.465424	0.465424
chr2:43449540-43457745	8205	8205	464	0.0565509	0.0565509
chr2:47626205-47710367	84162	84162	63637	0.756125	0.756125
chr2:70189394-70318147	128753	128753	82680	0.64216	0.64216
chr2:148598085-148688396	90311	90311	26222	0.290352	0.290352
chr2:178095030-178133859	38829	38829	19320	0.497566	0.497566
chr2:190644810-190742356	97546	97546	36708	0.376315	0.376315
chr2:198256697-198303817	47120	47120	25953	0.550785	0.550785
chr2:202094165-202152435	58270	58270	33618	0.576935	0.576935
chr2:209100950-209123867	22917	22917	12873	0.561723	0.561723
chr2:225334866-225454114	119248	119248	66240	0.555481	0.555481
chr2:232569234-232578250	9016	9016	3036	0.336735	0.336735
chr20:22561641-22570101	8460	8460	4140	0.489362	0.489362
chr20:30942146-31027122	84976	84976	52164	0.613867	0.613867
chr21:33043312-33108431	65119	65119	33120	0.508607	0.508607
chr21:36160097-36425595	265498	265498	122260	0.460493	0.460493
chr21:44513065-44531688	18623	18623	9958	0.534715	0.534715
chr22:22113946-22225970	112024	112024	81144	0.724345	0.724345
chr22:29083730-29141822	58092	58092	43056	0.741169	0.741169
chr22:29995544-30094590	99046	99046	77832	0.785817	0.785817
chr22:41484613-41576081	91468	91468	60409	0.660439	0.660439
chr22:41581218-41597505	16287	16287	7176	0.440597	0.440597
chr22:50713407-50750001	36594	36594	46214	1.26288	1.26288
chr3:10179318-10195354	16036	16036	11592	0.722874	0.722874
chr3:12625099-12709700	84601	84601	57766	0.682805	0.682805
chr3:30643993-30735633	91640	91640	35604	0.38852	0.38852
chr3:37030840-37092337	61497	61497	34500	0.561003	0.561003
chr3:41236914-41281944	45030	45030	16836	0.373884	0.373884
chr3:47057897-47209467	151570	151570	85107	0.561503	0.561503
chr3:49396568-49453530	56962	56962	45002	0.790035	0.790035
chr3:52435019-52448121	13102	13102	9108	0.695161	0.695161
chr3:52579367-52723929	144562	144562	79676	0.551155	0.551155
chr3:89152673-89531284	378611	378611	149316	0.394378	0.394378
chr3:121150272-121268853	118581	118581	73692	0.621449	0.621449
chr3:138371539-138482201	110662	110662	62652	0.566156	0.566156
chr3:142168076-142301668	133592	133592	75162	0.562624	0.562624
chr3:176737142-176919114	181972	181972	118680	0.652188	0.652188
chr3:178862310-178957881	95571	95571	46092	0.48228	0.48228
chr4:1791038-1810600	19562	19562	24629	1.25902	1.25902
chr4:55520094-55606881	86787	86787	40180	0.462973	0.462973
chr4:153241695-153461244	219549	219549	72588	0.330623	0.330623
chr4:185308875-185399726	90851	90851	91669	1.009	1.009
chr4:187508936-187648987	140051	140051	125580	0.896673	0.896673
chr5:35852950-35879706	26756	26756	5520	0.206309	0.206309
chr5:36871462-37065921	194459	194459	81781	0.420557	0.420557
chr5:56106899-56191978	85079	85079	34500	0.405505	0.405505
chr5:67507583-67597649	90066	90066	28704	0.3187	0.3187
chr5:79946466-80172634	226168	226168	106037	0.468842	0.468842
chr5:86560069-86687743	127674	127674	51060	0.399925	0.399925
chr5:112039201-112181936	142735	142735	69431	0.486433	0.486433
chr5:176556079-176727214	171135	171135	129444	0.756385	0.756385
chr6:26054699-26060699	6000	6000	2760	0.46	0.46
chr6:29906246-29913661	7415	7415	828	0.111666	0.111666
chr6:31321642-31329022	7380	7380	1142	0.154743	0.154743
chr6:33738989-33760906	21917	21917	21554	0.983438	0.983438
chr6:36640236-36655116	14880	14880	9780	0.657258	0.657258
chr6:74225472-74234755	9283	9283	2792	0.300765	0.300765
chr6:152007630-152450738	443108	443108	198662	0.448338	0.448338
chr6_apd_hap1:1146132-1153548	7416	7416	276	0.0372168	0.0372168
chr6_cox_hap2:1417997-1425413	7416	7416	276	0.0372168	0.0372168
chr6_cox_hap2:2834331-2841710	7379	7379	552	0.0748069	0.0748069
chr6_dbb_hap3:1199607-1207037	7430	7430	828	0.11144	0.11144
chr6_mann_hap4:1198631-1206062	7431	7431	0	0	0
chr6_mann_hap4:2668097-2675477	7380	7380	0	0	0
chr6_mcf_hap5:1146097-1295564	149467	149467	2760	0.0184656	0.0184656
chr6_mcf_hap5:2701422-2708815	7393	7393	825	0.111592	0.111592
chr6_qbl_hap6:1199024-1206454	7430	7430	0	0	0
chr6_qbl_hap6:2615158-2622538	7380	7380	0	0	0
chr6_ssto_hap7:1235581-1243012	7431	7431	0	0	0
chr6_ssto_hap7:2655401-2662781	7380	7380	0	0	0
chr7:1268017-1276962	8945	8945	4140	0.462828	0.462828
chr7:6010555-6052737	42182	42182	35249	0.835641	0.835641
chr7:6410125-6443598	33473	33473	24511	0.732262	0.732262
chr7:55082713-55275773	193060	193060	154560	0.80058	0.80058
chr7:74067990-74175022	107032	107032	86007	0.803563	0.803563
chr7:81328323-81403514	75191	75191	25944	0.345041	0.345041
chr7:106501722-106549423	47701	47701	25294	0.530261	0.530261
chr7:140419126-140628728	209602	209602	109403	0.521956	0.521956
chr7:148391932-148498202	106270	106270	84180	0.792133	0.792133
chr7:151163097-151221010	57913	57913	38640	0.667208	0.667208
chr7:151832009-152137090	305081	305081	202823	0.664817	0.664817
chr8:22545173-22554815	9642	9642	8280	0.858743	0.858743
chr8:38268655-38330352	61697	61697	48300	0.782858	0.782858
chr8:55366494-55373456	6962	6962	5636	0.809537	0.809537
chr8:128743679-128755197	11518	11518	5244	0.455287	0.455287
chr9:4981085-5128183	147098	147098	107364	0.729881	0.729881
chr9:15464064-15515017	50953	50953	25923	0.508763	0.508763
chr9:21963137-21999042	35905	35905	12144	0.338226	0.338226
chr9:36833271-37038476	205205	205205	149529	0.728681	0.728681
chr9:70852860-70914951	62091	62091	35604	0.573416	0.573416
chr9:80331189-80650365	319176	319176	150972	0.473005	0.473005
chr9:98205261-98283339	78078	78078	77004	0.986245	0.986245
chr9:120462452-120479769	17317	17317	3864	0.223133	0.223133
chr9:133585267-133763062	177795	177795	131605	0.740206	0.740206
chr9:135766734-135824020	57286	57286	38125	0.66552	0.66552
chr9:139388884-139444500	55616	55616	80316	1.44412	1.44412
chrX:20142635-20163966	21331	21331	5796	0.271717	0.271717
chrX:39910498-40040582	130084	130084	75726	0.582132	0.582132
chrX:40940887-41095832	154945	154945	39468	0.254723	0.254723
chrX:41188560-41223726	35166	35166	10488	0.298243	0.298243
chrX:44728420-44971858	243438	243438	63480	0.260765	0.260765
chrX:47000616-47046214	45598	45598	28704	0.629501	0.629501
chrX:47416498-47431320	14822	14822	9415	0.635204	0.635204
chrX:53205458-53258604	53146	53146	19495	0.36682	0.36682
chrX:63404996-63429588	24592	24592	2484	0.101008	0.101008
chrX:66760464-66950461	189997	189997	29607	0.155829	0.155829
chrX:76760355-77045755	285400	285400	69828	0.244667	0.244667
chrX:123090409-123236505	146096	146096	40296	0.275819	0.275819
chrX:128580477-128661482	81005	81005	17112	0.211246	0.211246
