chr1:6245079-6263679	18600	18600	45252	2.4329	2.4329
chr1:11166587-11326608	160021	160021	241778	1.51091	1.51091
chr1:16450831-16486604	35773	35773	68996	1.92872	1.92872
chr1:27018523-27108601	90078	90078	136188	1.51189	1.51189
chr1:36686012-36770957	84945	84945	165870	1.95268	1.95268
chr1:37936118-37949978	13860	13860	11812	0.852237	0.852237
chr1:39545838-39952810	406972	406972	589275	1.44795	1.44795
chr1:51430366-51440309	9943	9943	10906	1.09685	1.09685
chr1:65298905-65537429	238524	238524	305245	1.27972	1.27972
chr1:78409735-78448889	39154	39154	39124	0.999234	0.999234
chr1:93293542-93307482	13940	13940	12513	0.897633	0.897633
chr1:115247084-115263515	16431	16431	10185	0.619865	0.619865
chr1:120454175-120616317	162142	162142	221451	1.36578	1.36578
chr1:198604097-198726605	122508	122508	86690	0.707627	0.707627
chr1:201969178-201986315	17137	17137	38823	2.26545	2.26545
chr1:209958967-209983520	24553	24553	23280	0.948153	0.948153
chr1:226246407-226259703	13296	13296	16031	1.2057	1.2057
chr10:8092412-8117164	24752	24752	50982	2.05971	2.05971
chr10:89619194-89731687	112493	112493	76242	0.677749	0.677749
chr10:123237843-123361972	124129	124129	236812	1.90779	1.90779
chr10:131261504-131569247	307743	307743	751944	2.44342	2.44342
chr11:532241-539567	7326	7326	9813	1.33948	1.33948
chr11:32409320-32480316	70996	70996	102468	1.44329	1.44329
chr11:57475994-57586653	110659	110659	158653	1.43371	1.43371
chr11:64532075-64550316	18241	18241	30191	1.65512	1.65512
chr11:69451872-69469242	17370	17370	30946	1.78158	1.78158
chr11:71931881-71950188	18307	18307	30540	1.66821	1.66821
chr11:100900354-101030002	129648	129648	57490	0.443431	0.443431
chr11:108089558-108239826	150268	150268	153648	1.02249	1.02249
chr11:118303204-118397539	94335	94335	138956	1.47301	1.47301
chr12:6679247-6720642	41395	41395	87614	2.11654	2.11654
chr12:12866203-12875316	9113	9113	3676	0.40338	0.40338
chr12:14514565-14655869	141304	141304	115235	0.815511	0.815511
chr12:25357722-25407865	50143	50143	45105	0.899527	0.899527
chr12:31943175-31949175	6000	6000	32099	5.34983	5.34983
chr12:46119491-46301823	182332	182332	164997	0.904926	0.904926
chr12:49412757-49453107	40350	40350	96030	2.37993	2.37993
chr12:52341450-52390863	49413	49413	83885	1.69763	1.69763
chr12:56469808-56497291	27483	27483	53399	1.94298	1.94298
chr12:58141509-58150230	8721	8721	11319	1.2979	1.2979
chr12:112852701-112947722	95021	95021	160661	1.69079	1.69079
chr12:115108058-115125969	17911	17911	27170	1.51694	1.51694
chr12:133200347-133268110	67763	67763	211114	3.11548	3.11548
chr13:32885616-32973809	88193	88193	126774	1.43746	1.43746
chr13:48870648-49056026	185378	185378	176055	0.949708	0.949708
chr13:73625113-73651680	26567	26567	27374	1.03038	1.03038
chr14:21853352-21909457	56105	56105	115527	2.05912	2.05912
chr14:23440382-23455851	15469	15469	14143	0.91428	0.91428
chr14:38058756-38068325	9569	9569	9676	1.01118	1.01118
chr14:92524895-92576965	52070	52070	100977	1.93925	1.93925
chr14:103239815-103377837	138022	138022	296076	2.14514	2.14514
chr14:105235686-105266080	30394	30394	57177	1.88119	1.88119
chr15:41948609-42062141	113532	113532	146664	1.29183	1.29183
chr15:44999714-45011075	11361	11361	4446	0.391339	0.391339
chr15:57206287-57583459	377172	377172	278012	0.737096	0.737096
chr15:59275786-59389618	113832	113832	155807	1.36875	1.36875
chr15:66675210-66783882	108672	108672	168801	1.55331	1.55331
chr15:75661719-75752124	90405	90405	176340	1.95056	1.95056
chr15:90627210-90676805	49595	49595	95033	1.91618	1.91618
chr16:337439-406676	69237	69237	203458	2.93857	2.93857
chr16:3775055-3934121	159066	159066	333168	2.09453	2.09453
chr16:50352928-50406845	53917	53917	43160	0.80049	0.80049
chr16:67059049-67134958	75909	75909	98649	1.29957	1.29957
chr16:67592309-67673088	80779	80779	190009	2.35221	2.35221
chr16:68767192-68869445	102253	102253	155089	1.51672	1.51672
chr17:7215977-7222658	6681	6681	15677	2.34651	2.34651
chr17:7571719-7594868	23149	23149	58230	2.51544	2.51544
chr17:7784122-7816075	31953	31953	87591	2.74124	2.74124
chr17:11920134-12047148	127014	127014	121315	0.955131	0.955131
chr17:15933407-16122874	189467	189467	313206	1.65309	1.65309
chr17:29417944-29704695	286751	286751	298409	1.04066	1.04066
chr17:37613763-37690818	77055	77055	152007	1.97271	1.97271
chr17:37840336-37884916	44580	44580	78448	1.75971	1.75971
chr17:38461422-38513895	52473	52473	59471	1.13336	1.13336
chr17:38811871-38825416	13545	13545	10864	0.802067	0.802067
chr17:41196311-41281500	85189	85189	185282	2.17495	2.17495
chr17:44107281-44306740	199459	199459	233273	1.16953	1.16953
chr17:47676245-47759525	83280	83280	126585	1.51999	1.51999
chr17:56429860-56498943	69083	69083	63438	0.918287	0.918287
chr17:63524682-63561766	37084	37084	66930	1.80482	1.80482
chr17:70067182-70122560	55378	55378	55085	0.994709	0.994709
chr17:80787309-80801931	14622	14622	43498	2.97483	2.97483
chr17_ctg5_hap1:559497-760700	201203	201203	43164	0.21453	0.21453
chr18:42256137-42648475	392338	392338	292462	0.745434	0.745434
chr18:45359465-45461517	102052	102052	71295	0.698614	0.698614
chr18:48552582-48611411	58829	58829	41675	0.708409	0.708409
chr18:60790578-60990613	200035	200035	248805	1.24381	1.24381
chr19:1201797-1228434	26637	26637	64019	2.40339	2.40339
chr19:1403567-1435686	32119	32119	94181	2.93225	2.93225
chr19:3090407-3124000	33593	33593	93622	2.78695	2.78695
chr19:10596795-10618054	21259	21259	61480	2.89195	2.89195
chr19:11067597-11172958	105361	105361	304592	2.89094	2.89094
chr19:13317255-13621274	304019	304019	477888	1.5719	1.5719
chr19:17935592-17962841	27249	27249	56366	2.06855	2.06855
chr19:18259987-18281344	21357	21357	41104	1.92461	1.92461
chr19:36204920-36229781	24861	24861	89561	3.60247	3.60247
chr19:42768688-42799948	31260	31260	71856	2.29866	2.29866
chr19:45854648-45877845	23197	23197	60751	2.61892	2.61892
chr19:47417932-47508333	90401	90401	181632	2.00918	2.00918
chr19:48894131-48948188	54057	54057	145871	2.69847	2.69847
chr19:52689054-52729679	40625	40625	82513	2.03109	2.03109
chr2:25455829-25569459	113630	113630	273112	2.40352	2.40352
chr2:25956621-26105385	148764	148764	204282	1.3732	1.3732
chr2:29415639-30148477	732838	732838	604407	0.824748	0.824748
chr2:39208689-39351604	142915	142915	155372	1.08716	1.08716
chr2:43449540-43457745	8205	8205	1455	0.177331	0.177331
chr2:47626205-47710367	84162	84162	161756	1.92196	1.92196
chr2:70189394-70318147	128753	128753	208649	1.62054	1.62054
chr2:148598085-148688396	90311	90311	33068	0.366157	0.366157
chr2:178095030-178133859	38829	38829	29353	0.755956	0.755956
chr2:190644810-190742356	97546	97546	90210	0.924794	0.924794
chr2:198256697-198303817	47120	47120	47860	1.0157	1.0157
chr2:202094165-202152435	58270	58270	81082	1.39149	1.39149
chr2:209100950-209123867	22917	22917	25066	1.09377	1.09377
chr2:225334866-225454114	119248	119248	121347	1.0176	1.0176
chr2:232569234-232578250	9016	9016	7619	0.845053	0.845053
chr20:22561641-22570101	8460	8460	7275	0.859929	0.859929
chr20:30942146-31027122	84976	84976	139906	1.64642	1.64642
chr21:33043312-33108431	65119	65119	67306	1.03358	1.03358
chr21:36160097-36425595	265498	265498	257601	0.970256	0.970256
chr21:44513065-44531688	18623	18623	38378	2.06079	2.06079
chr22:22113946-22225970	112024	112024	214467	1.91447	1.91447
chr22:29083730-29141822	58092	58092	117210	2.01766	2.01766
chr22:29995544-30094590	99046	99046	190896	1.92735	1.92735
chr22:41484613-41576081	91468	91468	149266	1.63189	1.63189
chr22:41581218-41597505	16287	16287	29916	1.8368	1.8368
chr22:50713407-50750001	36594	36594	63807	1.74365	1.74365
chr3:10179318-10195354	16036	16036	37173	2.3181	2.3181
chr3:12625099-12709700	84601	84601	135466	1.60123	1.60123
chr3:30643993-30735633	91640	91640	74149	0.809134	0.809134
chr3:37030840-37092337	61497	61497	74496	1.21138	1.21138
chr3:41236914-41281944	45030	45030	33963	0.754231	0.754231
chr3:47057897-47209467	151570	151570	208816	1.37769	1.37769
chr3:49396568-49453530	56962	56962	117564	2.0639	2.0639
chr3:52435019-52448121	13102	13102	13386	1.02168	1.02168
chr3:52579367-52723929	144562	144562	198374	1.37224	1.37224
chr3:89152673-89531284	378611	378611	254334	0.671755	0.671755
chr3:121150272-121268853	118581	118581	169944	1.43315	1.43315
chr3:138371539-138482201	110662	110662	137352	1.24118	1.24118
chr3:142168076-142301668	133592	133592	174891	1.30914	1.30914
chr3:176737142-176919114	181972	181972	254141	1.39659	1.39659
chr3:178862310-178957881	95571	95571	85845	0.898233	0.898233
chr4:1791038-1810600	19562	19562	30320	1.54994	1.54994
chr4:55520094-55606881	86787	86787	71921	0.828707	0.828707
chr4:153241695-153461244	219549	219549	145791	0.664048	0.664048
chr4:185308875-185399726	90851	90851	189521	2.08606	2.08606
chr4:187508936-187648987	140051	140051	279069	1.99262	1.99262
chr5:35852950-35879706	26756	26756	8151	0.304642	0.304642
chr5:36871462-37065921	194459	194459	147246	0.757208	0.757208
chr5:56106899-56191978	85079	85079	53835	0.632765	0.632765
chr5:67507583-67597649	90066	90066	53316	0.591966	0.591966
chr5:79946466-80172634	226168	226168	205780	0.909855	0.909855
chr5:86560069-86687743	127674	127674	114945	0.900301	0.900301
chr5:112039201-112181936	142735	142735	139512	0.97742	0.97742
chr5:176556079-176727214	171135	171135	340179	1.98778	1.98778
chr6:26054699-26060699	6000	6000	5154	0.859	0.859
chr6:29906246-29913661	7415	7415	2619	0.353203	0.353203
chr6:31321642-31329022	7380	7380	3201	0.43374	0.43374
chr6:33738989-33760906	21917	21917	47880	2.18461	2.18461
chr6:36640236-36655116	14880	14880	24764	1.66425	1.66425
chr6:74225472-74234755	9283	9283	7477	0.805451	0.805451
chr6:152007630-152450738	443108	443108	394569	0.890458	0.890458
chr6_apd_hap1:1146132-1153548	7416	7416	582	0.078479	0.078479
chr6_cox_hap2:1417997-1425413	7416	7416	582	0.078479	0.078479
chr6_cox_hap2:2834331-2841710	7379	7379	291	0.0394362	0.0394362
chr6_dbb_hap3:1199607-1207037	7430	7430	2619	0.35249	0.35249
chr6_mann_hap4:1198631-1206062	7431	7431	0	0	0
chr6_mann_hap4:2668097-2675477	7380	7380	0	0	0
chr6_mcf_hap5:1146097-1295564	149467	149467	6111	0.0408853	0.0408853
chr6_mcf_hap5:2701422-2708815	7393	7393	2854	0.386041	0.386041
chr6_qbl_hap6:1199024-1206454	7430	7430	0	0	0
chr6_qbl_hap6:2615158-2622538	7380	7380	291	0.0394309	0.0394309
chr6_ssto_hap7:1235581-1243012	7431	7431	0	0	0
chr6_ssto_hap7:2655401-2662781	7380	7380	0	0	0
chr7:1268017-1276962	8945	8945	8730	0.975964	0.975964
chr7:6010555-6052737	42182	42182	101335	2.40233	2.40233
chr7:6410125-6443598	33473	33473	59237	1.76969	1.76969
chr7:55082713-55275773	193060	193060	309624	1.60377	1.60377
chr7:74067990-74175022	107032	107032	226864	2.11959	2.11959
chr7:81328323-81403514	75191	75191	39285	0.522469	0.522469
chr7:106501722-106549423	47701	47701	41215	0.864028	0.864028
chr7:140419126-140628728	209602	209602	221742	1.05792	1.05792
chr7:148391932-148498202	106270	106270	178960	1.68401	1.68401
chr7:151163097-151221010	57913	57913	89919	1.55266	1.55266
chr7:151832009-152137090	305081	305081	468268	1.5349	1.5349
chr8:22545173-22554815	9642	9642	9544	0.989836	0.989836
chr8:38268655-38330352	61697	61697	107379	1.74042	1.74042
chr8:55366494-55373456	6962	6962	10094	1.44987	1.44987
chr8:128743679-128755197	11518	11518	6984	0.606355	0.606355
chr9:4981085-5128183	147098	147098	156267	1.06233	1.06233
chr9:15464064-15515017	50953	50953	63855	1.25321	1.25321
chr9:21963137-21999042	35905	35905	27063	0.753739	0.753739
chr9:36833271-37038476	205205	205205	302058	1.47198	1.47198
chr9:70852860-70914951	62091	62091	59946	0.965454	0.965454
chr9:80331189-80650365	319176	319176	270339	0.84699	0.84699
chr9:98205261-98283339	78078	78078	155175	1.98744	1.98744
chr9:120462452-120479769	17317	17317	6984	0.403303	0.403303
chr9:133585267-133763062	177795	177795	348905	1.9624	1.9624
chr9:135766734-135824020	57286	57286	77723	1.35675	1.35675
chr9:139388884-139444500	55616	55616	106575	1.91627	1.91627
chrX:20142635-20163966	21331	21331	13461	0.631053	0.631053
chrX:39910498-40040582	130084	130084	161501	1.24151	1.24151
chrX:40940887-41095832	154945	154945	88755	0.572816	0.572816
chrX:41188560-41223726	35166	35166	21099	0.599983	0.599983
chrX:44728420-44971858	243438	243438	150738	0.619205	0.619205
chrX:47000616-47046214	45598	45598	59607	1.30723	1.30723
chrX:47416498-47431320	14822	14822	17824	1.20254	1.20254
chrX:53205458-53258604	53146	53146	51518	0.969367	0.969367
chrX:63404996-63429588	24592	24592	12513	0.508824	0.508824
chrX:66760464-66950461	189997	189997	42486	0.223614	0.223614
chrX:76760355-77045755	285400	285400	144627	0.506752	0.506752
chrX:123090409-123236505	146096	146096	88239	0.60398	0.60398
chrX:128580477-128661482	81005	81005	40158	0.495747	0.495747
