chr1:6245079-6263679	18600	18600	25085	1.34866	1.34866
chr1:11166587-11326608	160021	160021	166170	1.03843	1.03843
chr1:16450831-16486604	35773	35773	56508	1.57963	1.57963
chr1:27018523-27108601	90078	90078	89610	0.994805	0.994805
chr1:36686012-36770957	84945	84945	93480	1.10048	1.10048
chr1:37936118-37949978	13860	13860	15080	1.08802	1.08802
chr1:39545838-39952810	406972	406972	351480	0.863647	0.863647
chr1:51430366-51440309	9943	9943	4911	0.493915	0.493915
chr1:65298905-65537429	238524	238524	201278	0.843848	0.843848
chr1:78409735-78448889	39154	39154	28130	0.718445	0.718445
chr1:93293542-93307482	13940	13940	10730	0.769727	0.769727
chr1:115247084-115263515	16431	16431	8700	0.529487	0.529487
chr1:120454175-120616317	162142	162142	158630	0.97834	0.97834
chr1:198604097-198726605	122508	122508	65250	0.532618	0.532618
chr1:201969178-201986315	17137	17137	20277	1.18323	1.18323
chr1:209958967-209983520	24553	24553	15660	0.637804	0.637804
chr1:226246407-226259703	13296	13296	11600	0.872443	0.872443
chr10:8092412-8117164	24752	24752	40610	1.64068	1.64068
chr10:89619194-89731687	112493	112493	56128	0.498947	0.498947
chr10:123237843-123361972	124129	124129	163178	1.31458	1.31458
chr10:131261504-131569247	307743	307743	490914	1.59521	1.59521
chr11:532241-539567	7326	7326	5209	0.711029	0.711029
chr11:32409320-32480316	70996	70996	86175	1.2138	1.2138
chr11:57475994-57586653	110659	110659	110490	0.998473	0.998473
chr11:64532075-64550316	18241	18241	26571	1.45666	1.45666
chr11:69451872-69469242	17370	17370	25570	1.47208	1.47208
chr11:71931881-71950188	18307	18307	25810	1.40984	1.40984
chr11:100900354-101030002	129648	129648	53492	0.412594	0.412594
chr11:108089558-108239826	150268	150268	114260	0.760375	0.760375
chr11:118303204-118397539	94335	94335	82053	0.869804	0.869804
chr12:6679247-6720642	41395	41395	58126	1.40418	1.40418
chr12:12866203-12875316	9113	9113	1929	0.211676	0.211676
chr12:14514565-14655869	141304	141304	73370	0.519235	0.519235
chr12:25357722-25407865	50143	50143	33930	0.676665	0.676665
chr12:31943175-31949175	6000	6000	15250	2.54167	2.54167
chr12:46119491-46301823	182332	182332	117740	0.645745	0.645745
chr12:49412757-49453107	40350	40350	78010	1.93333	1.93333
chr12:52341450-52390863	49413	49413	50233	1.01659	1.01659
chr12:56469808-56497291	27483	27483	36923	1.34349	1.34349
chr12:58141509-58150230	8721	8721	8756	1.00401	1.00401
chr12:112852701-112947722	95021	95021	81168	0.854211	0.854211
chr12:115108058-115125969	17911	17911	30012	1.67562	1.67562
chr12:133200347-133268110	67763	67763	149930	2.21256	2.21256
chr13:32885616-32973809	88193	88193	80022	0.907351	0.907351
chr13:48870648-49056026	185378	185378	138330	0.746205	0.746205
chr13:73625113-73651680	26567	26567	15670	0.589829	0.589829
chr14:21853352-21909457	56105	56105	66120	1.1785	1.1785
chr14:23440382-23455851	15469	15469	10248	0.662486	0.662486
chr14:38058756-38068325	9569	9569	6964	0.727767	0.727767
chr14:92524895-92576965	52070	52070	59363	1.14006	1.14006
chr14:103239815-103377837	138022	138022	206986	1.49966	1.49966
chr14:105235686-105266080	30394	30394	54643	1.79782	1.79782
chr15:41948609-42062141	113532	113532	85840	0.756086	0.756086
chr15:44999714-45011075	11361	11361	580	0.0510518	0.0510518
chr15:57206287-57583459	377172	377172	198336	0.52585	0.52585
chr15:59275786-59389618	113832	113832	94830	0.83307	0.83307
chr15:66675210-66783882	108672	108672	112230	1.03274	1.03274
chr15:75661719-75752124	90405	90405	122090	1.35048	1.35048
chr15:90627210-90676805	49595	49595	62634	1.26291	1.26291
chr16:337439-406676	69237	69237	154318	2.22884	2.22884
chr16:3775055-3934121	159066	159066	213450	1.3419	1.3419
chr16:50352928-50406845	53917	53917	31527	0.584732	0.584732
chr16:67059049-67134958	75909	75909	58580	0.771713	0.771713
chr16:67592309-67673088	80779	80779	109330	1.35345	1.35345
chr16:68767192-68869445	102253	102253	87179	0.852581	0.852581
chr17:7215977-7222658	6681	6681	10861	1.62565	1.62565
chr17:7571719-7594868	23149	23149	32562	1.40663	1.40663
chr17:7784122-7816075	31953	31953	52200	1.63365	1.63365
chr17:11920134-12047148	127014	127014	79750	0.627884	0.627884
chr17:15933407-16122874	189467	189467	181864	0.959872	0.959872
chr17:29417944-29704695	286751	286751	222548	0.776102	0.776102
chr17:37613763-37690818	77055	77055	111248	1.44375	1.44375
chr17:37840336-37884916	44580	44580	63935	1.43416	1.43416
chr17:38461422-38513895	52473	52473	53812	1.02552	1.02552
chr17:38811871-38825416	13545	13545	8137	0.600738	0.600738
chr17:41196311-41281500	85189	85189	127275	1.49403	1.49403
chr17:44107281-44306740	199459	199459	172358	0.864127	0.864127
chr17:47676245-47759525	83280	83280	94540	1.13521	1.13521
chr17:56429860-56498943	69083	69083	46690	0.675854	0.675854
chr17:63524682-63561766	37084	37084	60320	1.62658	1.62658
chr17:70067182-70122560	55378	55378	42306	0.76395	0.76395
chr17:80787309-80801931	14622	14622	38038	2.60142	2.60142
chr17_ctg5_hap1:559497-760700	201203	201203	26680	0.132602	0.132602
chr18:42256137-42648475	392338	392338	205900	0.524803	0.524803
chr18:45359465-45461517	102052	102052	49880	0.48877	0.48877
chr18:48552582-48611411	58829	58829	29366	0.499176	0.499176
chr18:60790578-60990613	200035	200035	156600	0.782863	0.782863
chr19:1201797-1228434	26637	26637	39997	1.50156	1.50156
chr19:1403567-1435686	32119	32119	93989	2.92627	2.92627
chr19:3090407-3124000	33593	33593	81979	2.44036	2.44036
chr19:10596795-10618054	21259	21259	41284	1.94195	1.94195
chr19:11067597-11172958	105361	105361	209824	1.99148	1.99148
chr19:13317255-13621274	304019	304019	274340	0.902378	0.902378
chr19:17935592-17962841	27249	27249	46873	1.72017	1.72017
chr19:18259987-18281344	21357	21357	36737	1.72014	1.72014
chr19:36204920-36229781	24861	24861	75110	3.0212	3.0212
chr19:42768688-42799948	31260	31260	58138	1.85982	1.85982
chr19:45854648-45877845	23197	23197	44189	1.90494	1.90494
chr19:47417932-47508333	90401	90401	118338	1.30903	1.30903
chr19:48894131-48948188	54057	54057	95990	1.77572	1.77572
chr19:52689054-52729679	40625	40625	46322	1.14023	1.14023
chr2:25455829-25569459	113630	113630	192388	1.69311	1.69311
chr2:25956621-26105385	148764	148764	127600	0.857734	0.857734
chr2:29415639-30148477	732838	732838	423649	0.578094	0.578094
chr2:39208689-39351604	142915	142915	94830	0.663541	0.663541
chr2:43449540-43457745	8205	8205	580	0.0706886	0.0706886
chr2:47626205-47710367	84162	84162	101901	1.21077	1.21077
chr2:70189394-70318147	128753	128753	131174	1.0188	1.0188
chr2:148598085-148688396	90311	90311	27260	0.301846	0.301846
chr2:178095030-178133859	38829	38829	22330	0.575086	0.575086
chr2:190644810-190742356	97546	97546	65015	0.666506	0.666506
chr2:198256697-198303817	47120	47120	32558	0.690959	0.690959
chr2:202094165-202152435	58270	58270	47551	0.816046	0.816046
chr2:209100950-209123867	22917	22917	19998	0.872627	0.872627
chr2:225334866-225454114	119248	119248	90190	0.756323	0.756323
chr2:232569234-232578250	9016	9016	4930	0.546806	0.546806
chr20:22561641-22570101	8460	8460	8410	0.99409	0.99409
chr20:30942146-31027122	84976	84976	86923	1.02291	1.02291
chr21:33043312-33108431	65119	65119	52490	0.806063	0.806063
chr21:36160097-36425595	265498	265498	194379	0.73213	0.73213
chr21:44513065-44531688	18623	18623	24211	1.30006	1.30006
chr22:22113946-22225970	112024	112024	129630	1.15716	1.15716
chr22:29083730-29141822	58092	58092	71282	1.22705	1.22705
chr22:29995544-30094590	99046	99046	110811	1.11878	1.11878
chr22:41484613-41576081	91468	91468	93758	1.02504	1.02504
chr22:41581218-41597505	16287	16287	17400	1.06834	1.06834
chr22:50713407-50750001	36594	36594	64082	1.75116	1.75116
chr3:10179318-10195354	16036	16036	17617	1.09859	1.09859
chr3:12625099-12709700	84601	84601	83955	0.992364	0.992364
chr3:30643993-30735633	91640	91640	53070	0.579114	0.579114
chr3:37030840-37092337	61497	61497	51333	0.834724	0.834724
chr3:41236914-41281944	45030	45030	25334	0.562603	0.562603
chr3:47057897-47209467	151570	151570	114718	0.756865	0.756865
chr3:49396568-49453530	56962	56962	62350	1.09459	1.09459
chr3:52435019-52448121	13102	13102	16240	1.23951	1.23951
chr3:52579367-52723929	144562	144562	121087	0.837613	0.837613
chr3:89152673-89531284	378611	378611	180380	0.476426	0.476426
chr3:121150272-121268853	118581	118581	84680	0.714111	0.714111
chr3:138371539-138482201	110662	110662	69165	0.625011	0.625011
chr3:142168076-142301668	133592	133592	101259	0.757972	0.757972
chr3:176737142-176919114	181972	181972	125103	0.687485	0.687485
chr3:178862310-178957881	95571	95571	42630	0.446056	0.446056
chr4:1791038-1810600	19562	19562	20101	1.02755	1.02755
chr4:55520094-55606881	86787	86787	50011	0.57625	0.57625
chr4:153241695-153461244	219549	219549	101072	0.460362	0.460362
chr4:185308875-185399726	90851	90851	121081	1.33274	1.33274
chr4:187508936-187648987	140051	140051	172840	1.23412	1.23412
chr5:35852950-35879706	26756	26756	6380	0.238451	0.238451
chr5:36871462-37065921	194459	194459	110490	0.568192	0.568192
chr5:56106899-56191978	85079	85079	40600	0.477204	0.477204
chr5:67507583-67597649	90066	90066	41760	0.46366	0.46366
chr5:79946466-80172634	226168	226168	144330	0.638154	0.638154
chr5:86560069-86687743	127674	127674	69854	0.547128	0.547128
chr5:112039201-112181936	142735	142735	83230	0.583109	0.583109
chr5:176556079-176727214	171135	171135	194880	1.13875	1.13875
chr6:26054699-26060699	6000	6000	3480	0.58	0.58
chr6:29906246-29913661	7415	7415	0	0	0
chr6:31321642-31329022	7380	7380	2092	0.283469	0.283469
chr6:33738989-33760906	21917	21917	25934	1.18328	1.18328
chr6:36640236-36655116	14880	14880	18355	1.23353	1.23353
chr6:74225472-74234755	9283	9283	5905	0.636109	0.636109
chr6:152007630-152450738	443108	443108	245942	0.555039	0.555039
chr6_apd_hap1:1146132-1153548	7416	7416	0	0	0
chr6_cox_hap2:1417997-1425413	7416	7416	580	0.0782093	0.0782093
chr6_cox_hap2:2834331-2841710	7379	7379	290	0.0393007	0.0393007
chr6_dbb_hap3:1199607-1207037	7430	7430	0	0	0
chr6_mann_hap4:1198631-1206062	7431	7431	1450	0.195129	0.195129
chr6_mann_hap4:2668097-2675477	7380	7380	290	0.0392954	0.0392954
chr6_mcf_hap5:1146097-1295564	149467	149467	1450	0.00970114	0.00970114
chr6_mcf_hap5:2701422-2708815	7393	7393	1874	0.253483	0.253483
chr6_qbl_hap6:1199024-1206454	7430	7430	0	0	0
chr6_qbl_hap6:2615158-2622538	7380	7380	0	0	0
chr6_ssto_hap7:1235581-1243012	7431	7431	1160	0.156103	0.156103
chr6_ssto_hap7:2655401-2662781	7380	7380	0	0	0
chr7:1268017-1276962	8945	8945	6090	0.680827	0.680827
chr7:6010555-6052737	42182	42182	57970	1.37428	1.37428
chr7:6410125-6443598	33473	33473	36688	1.09605	1.09605
chr7:55082713-55275773	193060	193060	199520	1.03346	1.03346
chr7:74067990-74175022	107032	107032	138799	1.2968	1.2968
chr7:81328323-81403514	75191	75191	33893	0.450759	0.450759
chr7:106501722-106549423	47701	47701	21809	0.457202	0.457202
chr7:140419126-140628728	209602	209602	150800	0.719459	0.719459
chr7:148391932-148498202	106270	106270	117554	1.10618	1.10618
chr7:151163097-151221010	57913	57913	59450	1.02654	1.02654
chr7:151832009-152137090	305081	305081	325646	1.06741	1.06741
chr8:22545173-22554815	9642	9642	7540	0.781995	0.781995
chr8:38268655-38330352	61697	61697	85840	1.39132	1.39132
chr8:55366494-55373456	6962	6962	7759	1.11448	1.11448
chr8:128743679-128755197	11518	11518	4930	0.428026	0.428026
chr9:4981085-5128183	147098	147098	122331	0.831629	0.831629
chr9:15464064-15515017	50953	50953	33975	0.666791	0.666791
chr9:21963137-21999042	35905	35905	17110	0.476535	0.476535
chr9:36833271-37038476	205205	205205	193720	0.944032	0.944032
chr9:70852860-70914951	62091	62091	41470	0.667891	0.667891
chr9:80331189-80650365	319176	319176	195349	0.612042	0.612042
chr9:98205261-98283339	78078	78078	102893	1.31782	1.31782
chr9:120462452-120479769	17317	17317	3480	0.200959	0.200959
chr9:133585267-133763062	177795	177795	193476	1.0882	1.0882
chr9:135766734-135824020	57286	57286	41552	0.725343	0.725343
chr9:139388884-139444500	55616	55616	97706	1.7568	1.7568
chrX:20142635-20163966	21331	21331	15203	0.712719	0.712719
chrX:39910498-40040582	130084	130084	151953	1.16811	1.16811
chrX:40940887-41095832	154945	154945	116000	0.748653	0.748653
chrX:41188560-41223726	35166	35166	29000	0.82466	0.82466
chrX:44728420-44971858	243438	243438	169940	0.698083	0.698083
chrX:47000616-47046214	45598	45598	66655	1.4618	1.4618
chrX:47416498-47431320	14822	14822	26777	1.80657	1.80657
chrX:53205458-53258604	53146	53146	54946	1.03387	1.03387
chrX:63404996-63429588	24592	24592	16240	0.660377	0.660377
chrX:66760464-66950461	189997	189997	55100	0.290005	0.290005
chrX:76760355-77045755	285400	285400	153410	0.537526	0.537526
chrX:123090409-123236505	146096	146096	92510	0.633214	0.633214
chrX:128580477-128661482	81005	81005	42920	0.529844	0.529844
