chr1:6245079-6263679	18600	18600	53034	2.85129	2.85129
chr1:11166587-11326608	160021	160021	267612	1.67236	1.67236
chr1:16450831-16486604	35773	35773	70982	1.98423	1.98423
chr1:27018523-27108601	90078	90078	133859	1.48603	1.48603
chr1:36686012-36770957	84945	84945	170707	2.00962	2.00962
chr1:37936118-37949978	13860	13860	14999	1.08218	1.08218
chr1:39545838-39952810	406972	406972	607493	1.49271	1.49271
chr1:51430366-51440309	9943	9943	7950	0.799557	0.799557
chr1:65298905-65537429	238524	238524	318415	1.33494	1.33494
chr1:78409735-78448889	39154	39154	44137	1.12727	1.12727
chr1:93293542-93307482	13940	13940	13018	0.933859	0.933859
chr1:115247084-115263515	16431	16431	13850	0.842919	0.842919
chr1:120454175-120616317	162142	162142	241090	1.48691	1.48691
chr1:198604097-198726605	122508	122508	85658	0.699203	0.699203
chr1:201969178-201986315	17137	17137	44705	2.60868	2.60868
chr1:209958967-209983520	24553	24553	23489	0.956665	0.956665
chr1:226246407-226259703	13296	13296	14374	1.08108	1.08108
chr10:8092412-8117164	24752	24752	58595	2.36728	2.36728
chr10:89619194-89731687	112493	112493	92737	0.82438	0.82438
chr10:123237843-123361972	124129	124129	236472	1.90505	1.90505
chr10:131261504-131569247	307743	307743	726085	2.35939	2.35939
chr11:532241-539567	7326	7326	11597	1.58299	1.58299
chr11:32409320-32480316	70996	70996	144883	2.04072	2.04072
chr11:57475994-57586653	110659	110659	177001	1.59952	1.59952
chr11:64532075-64550316	18241	18241	34866	1.91141	1.91141
chr11:69451872-69469242	17370	17370	33468	1.92677	1.92677
chr11:71931881-71950188	18307	18307	37658	2.05703	2.05703
chr11:100900354-101030002	129648	129648	74181	0.572172	0.572172
chr11:108089558-108239826	150268	150268	177724	1.18271	1.18271
chr11:118303204-118397539	94335	94335	142349	1.50897	1.50897
chr12:6679247-6720642	41395	41395	98736	2.38522	2.38522
chr12:12866203-12875316	9113	9113	3708	0.406891	0.406891
chr12:14514565-14655869	141304	141304	127908	0.905197	0.905197
chr12:25357722-25407865	50143	50143	60353	1.20362	1.20362
chr12:31943175-31949175	6000	6000	35883	5.9805	5.9805
chr12:46119491-46301823	182332	182332	194421	1.0663	1.0663
chr12:49412757-49453107	40350	40350	105559	2.61608	2.61608
chr12:52341450-52390863	49413	49413	85305	1.72637	1.72637
chr12:56469808-56497291	27483	27483	56594	2.05924	2.05924
chr12:58141509-58150230	8721	8721	9842	1.12854	1.12854
chr12:112852701-112947722	95021	95021	173600	1.82696	1.82696
chr12:115108058-115125969	17911	17911	28214	1.57523	1.57523
chr12:133200347-133268110	67763	67763	236305	3.48723	3.48723
chr13:32885616-32973809	88193	88193	129290	1.46599	1.46599
chr13:48870648-49056026	185378	185378	180608	0.974269	0.974269
chr13:73625113-73651680	26567	26567	23602	0.888395	0.888395
chr14:21853352-21909457	56105	56105	112351	2.00251	2.00251
chr14:23440382-23455851	15469	15469	17322	1.11979	1.11979
chr14:38058756-38068325	9569	9569	12568	1.31341	1.31341
chr14:92524895-92576965	52070	52070	102947	1.97709	1.97709
chr14:103239815-103377837	138022	138022	324782	2.35312	2.35312
chr14:105235686-105266080	30394	30394	61260	2.01553	2.01553
chr15:41948609-42062141	113532	113532	161809	1.42523	1.42523
chr15:44999714-45011075	11361	11361	2912	0.256315	0.256315
chr15:57206287-57583459	377172	377172	313545	0.831305	0.831305
chr15:59275786-59389618	113832	113832	150273	1.32013	1.32013
chr15:66675210-66783882	108672	108672	191874	1.76562	1.76562
chr15:75661719-75752124	90405	90405	199232	2.20377	2.20377
chr15:90627210-90676805	49595	49595	120370	2.42706	2.42706
chr16:337439-406676	69237	69237	220338	3.18237	3.18237
chr16:3775055-3934121	159066	159066	340070	2.13792	2.13792
chr16:50352928-50406845	53917	53917	44096	0.81785	0.81785
chr16:67059049-67134958	75909	75909	113766	1.49872	1.49872
chr16:67592309-67673088	80779	80779	216313	2.67784	2.67784
chr16:68767192-68869445	102253	102253	167060	1.63379	1.63379
chr17:7215977-7222658	6681	6681	14425	2.15911	2.15911
chr17:7571719-7594868	23149	23149	55462	2.39587	2.39587
chr17:7784122-7816075	31953	31953	66686	2.087	2.087
chr17:11920134-12047148	127014	127014	104710	0.824397	0.824397
chr17:15933407-16122874	189467	189467	264961	1.39845	1.39845
chr17:29417944-29704695	286751	286751	376927	1.31447	1.31447
chr17:37613763-37690818	77055	77055	207246	2.68959	2.68959
chr17:37840336-37884916	44580	44580	109909	2.46543	2.46543
chr17:38461422-38513895	52473	52473	87147	1.6608	1.6608
chr17:38811871-38825416	13545	13545	12275	0.906238	0.906238
chr17:41196311-41281500	85189	85189	217530	2.5535	2.5535
chr17:44107281-44306740	199459	199459	306060	1.53445	1.53445
chr17:47676245-47759525	83280	83280	146565	1.75991	1.75991
chr17:56429860-56498943	69083	69083	72165	1.04461	1.04461
chr17:63524682-63561766	37084	37084	102446	2.76254	2.76254
chr17:70067182-70122560	55378	55378	79523	1.436	1.436
chr17:80787309-80801931	14622	14622	61998	4.24005	4.24005
chr17_ctg5_hap1:559497-760700	201203	201203	54708	0.271904	0.271904
chr18:42256137-42648475	392338	392338	279038	0.711218	0.711218
chr18:45359465-45461517	102052	102052	67637	0.66277	0.66277
chr18:48552582-48611411	58829	58829	40760	0.692856	0.692856
chr18:60790578-60990613	200035	200035	223570	1.11765	1.11765
chr19:1201797-1228434	26637	26637	64145	2.40812	2.40812
chr19:1403567-1435686	32119	32119	108995	3.39347	3.39347
chr19:3090407-3124000	33593	33593	108854	3.24038	3.24038
chr19:10596795-10618054	21259	21259	76201	3.58441	3.58441
chr19:11067597-11172958	105361	105361	333334	3.16373	3.16373
chr19:13317255-13621274	304019	304019	451385	1.48473	1.48473
chr19:17935592-17962841	27249	27249	67680	2.48376	2.48376
chr19:18259987-18281344	21357	21357	51810	2.4259	2.4259
chr19:36204920-36229781	24861	24861	91423	3.67737	3.67737
chr19:42768688-42799948	31260	31260	72962	2.33404	2.33404
chr19:45854648-45877845	23197	23197	72448	3.12316	3.12316
chr19:47417932-47508333	90401	90401	201496	2.22891	2.22891
chr19:48894131-48948188	54057	54057	162638	3.00864	3.00864
chr19:52689054-52729679	40625	40625	79088	1.94678	1.94678
chr2:25455829-25569459	113630	113630	305602	2.68945	2.68945
chr2:25956621-26105385	148764	148764	237154	1.59416	1.59416
chr2:29415639-30148477	732838	732838	699576	0.954612	0.954612
chr2:39208689-39351604	142915	142915	159612	1.11683	1.11683
chr2:43449540-43457745	8205	8205	1132	0.137965	0.137965
chr2:47626205-47710367	84162	84162	160369	1.90548	1.90548
chr2:70189394-70318147	128753	128753	227614	1.76783	1.76783
chr2:148598085-148688396	90311	90311	44208	0.489508	0.489508
chr2:178095030-178133859	38829	38829	36729	0.945917	0.945917
chr2:190644810-190742356	97546	97546	88579	0.908074	0.908074
chr2:198256697-198303817	47120	47120	52986	1.12449	1.12449
chr2:202094165-202152435	58270	58270	82605	1.41762	1.41762
chr2:209100950-209123867	22917	22917	27367	1.19418	1.19418
chr2:225334866-225454114	119248	119248	140368	1.17711	1.17711
chr2:232569234-232578250	9016	9016	4477	0.496562	0.496562
chr20:22561641-22570101	8460	8460	12169	1.43842	1.43842
chr20:30942146-31027122	84976	84976	138953	1.6352	1.6352
chr21:33043312-33108431	65119	65119	77310	1.18721	1.18721
chr21:36160097-36425595	265498	265498	286907	1.08064	1.08064
chr21:44513065-44531688	18623	18623	29790	1.59963	1.59963
chr22:22113946-22225970	112024	112024	235314	2.10057	2.10057
chr22:29083730-29141822	58092	58092	123598	2.12763	2.12763
chr22:29995544-30094590	99046	99046	196529	1.98422	1.98422
chr22:41484613-41576081	91468	91468	184638	2.01861	2.01861
chr22:41581218-41597505	16287	16287	30886	1.89636	1.89636
chr22:50713407-50750001	36594	36594	67637	1.84831	1.84831
chr3:10179318-10195354	16036	16036	40390	2.51871	2.51871
chr3:12625099-12709700	84601	84601	145200	1.71629	1.71629
chr3:30643993-30735633	91640	91640	64906	0.708271	0.708271
chr3:37030840-37092337	61497	61497	85877	1.39644	1.39644
chr3:41236914-41281944	45030	45030	32647	0.725006	0.725006
chr3:47057897-47209467	151570	151570	192498	1.27003	1.27003
chr3:49396568-49453530	56962	56962	121942	2.14076	2.14076
chr3:52435019-52448121	13102	13102	18961	1.44718	1.44718
chr3:52579367-52723929	144562	144562	221818	1.53441	1.53441
chr3:89152673-89531284	378611	378611	268523	0.709232	0.709232
chr3:121150272-121268853	118581	118581	155274	1.30943	1.30943
chr3:138371539-138482201	110662	110662	122730	1.10905	1.10905
chr3:142168076-142301668	133592	133592	151971	1.13758	1.13758
chr3:176737142-176919114	181972	181972	176917	0.972221	0.972221
chr3:178862310-178957881	95571	95571	64524	0.675142	0.675142
chr4:1791038-1810600	19562	19562	31230	1.59646	1.59646
chr4:55520094-55606881	86787	86787	78667	0.906438	0.906438
chr4:153241695-153461244	219549	219549	147443	0.671572	0.671572
chr4:185308875-185399726	90851	90851	199004	2.19044	2.19044
chr4:187508936-187648987	140051	140051	295452	2.1096	2.1096
chr5:35852950-35879706	26756	26756	8208	0.306772	0.306772
chr5:36871462-37065921	194459	194459	164481	0.845839	0.845839
chr5:56106899-56191978	85079	85079	58015	0.681896	0.681896
chr5:67507583-67597649	90066	90066	63505	0.705094	0.705094
chr5:79946466-80172634	226168	226168	220233	0.973758	0.973758
chr5:86560069-86687743	127674	127674	124803	0.977513	0.977513
chr5:112039201-112181936	142735	142735	143768	1.00724	1.00724
chr5:176556079-176727214	171135	171135	341864	1.99763	1.99763
chr6:26054699-26060699	6000	6000	6976	1.16267	1.16267
chr6:29906246-29913661	7415	7415	849	0.114498	0.114498
chr6:31321642-31329022	7380	7380	3483	0.471951	0.471951
chr6:33738989-33760906	21917	21917	42587	1.9431	1.9431
chr6:36640236-36655116	14880	14880	29022	1.9504	1.9504
chr6:74225472-74234755	9283	9283	7621	0.820963	0.820963
chr6:152007630-152450738	443108	443108	373344	0.842558	0.842558
chr6_apd_hap1:1146132-1153548	7416	7416	283	0.0381607	0.0381607
chr6_cox_hap2:1417997-1425413	7416	7416	0	0	0
chr6_cox_hap2:2834331-2841710	7379	7379	1132	0.153408	0.153408
chr6_dbb_hap3:1199607-1207037	7430	7430	0	0	0
chr6_mann_hap4:1198631-1206062	7431	7431	4912	0.661015	0.661015
chr6_mann_hap4:2668097-2675477	7380	7380	283	0.0383469	0.0383469
chr6_mcf_hap5:1146097-1295564	149467	149467	1698	0.0113604	0.0113604
chr6_mcf_hap5:2701422-2708815	7393	7393	1051	0.142162	0.142162
chr6_qbl_hap6:1199024-1206454	7430	7430	283	0.0380888	0.0380888
chr6_qbl_hap6:2615158-2622538	7380	7380	0	0	0
chr6_ssto_hap7:1235581-1243012	7431	7431	1981	0.266586	0.266586
chr6_ssto_hap7:2655401-2662781	7380	7380	0	0	0
chr7:1268017-1276962	8945	8945	9168	1.02493	1.02493
chr7:6010555-6052737	42182	42182	121942	2.89085	2.89085
chr7:6410125-6443598	33473	33473	57637	1.7219	1.7219
chr7:55082713-55275773	193060	193060	309589	1.60359	1.60359
chr7:74067990-74175022	107032	107032	256901	2.40023	2.40023
chr7:81328323-81403514	75191	75191	44431	0.590908	0.590908
chr7:106501722-106549423	47701	47701	34595	0.725247	0.725247
chr7:140419126-140628728	209602	209602	225692	1.07676	1.07676
chr7:148391932-148498202	106270	106270	181969	1.71233	1.71233
chr7:151163097-151221010	57913	57913	97635	1.68589	1.68589
chr7:151832009-152137090	305081	305081	541198	1.77395	1.77395
chr8:22545173-22554815	9642	9642	8885	0.921489	0.921489
chr8:38268655-38330352	61697	61697	141715	2.29695	2.29695
chr8:55366494-55373456	6962	6962	16131	2.31701	2.31701
chr8:128743679-128755197	11518	11518	7924	0.687967	0.687967
chr9:4981085-5128183	147098	147098	182818	1.24283	1.24283
chr9:15464064-15515017	50953	50953	47961	0.941279	0.941279
chr9:21963137-21999042	35905	35905	16697	0.465033	0.465033
chr9:36833271-37038476	205205	205205	281525	1.37192	1.37192
chr9:70852860-70914951	62091	62091	53487	0.861429	0.861429
chr9:80331189-80650365	319176	319176	261775	0.820159	0.820159
chr9:98205261-98283339	78078	78078	145832	1.86777	1.86777
chr9:120462452-120479769	17317	17317	7358	0.4249	0.4249
chr9:133585267-133763062	177795	177795	311089	1.74971	1.74971
chr9:135766734-135824020	57286	57286	56827	0.991988	0.991988
chr9:139388884-139444500	55616	55616	111038	1.99651	1.99651
chrX:20142635-20163966	21331	21331	21120	0.990108	0.990108
chrX:39910498-40040582	130084	130084	225264	1.73168	1.73168
chrX:40940887-41095832	154945	154945	185303	1.19593	1.19593
chrX:41188560-41223726	35166	35166	48069	1.36692	1.36692
chrX:44728420-44971858	243438	243438	279887	1.14973	1.14973
chrX:47000616-47046214	45598	45598	117735	2.58202	2.58202
chrX:47416498-47431320	14822	14822	35821	2.41675	2.41675
chrX:53205458-53258604	53146	53146	84220	1.58469	1.58469
chrX:63404996-63429588	24592	24592	18395	0.748007	0.748007
chrX:66760464-66950461	189997	189997	79921	0.420643	0.420643
chrX:76760355-77045755	285400	285400	264605	0.927137	0.927137
chrX:123090409-123236505	146096	146096	151298	1.03561	1.03561
chrX:128580477-128661482	81005	81005	71882	0.887377	0.887377
