cp	tt	nt	np
19768	1	1	NA	0.0118518518518518
33458	0.423854166666667	0.558333333333333	0.00434782608695652	0.025
68429	0.850549450549451	0.6	0.0241407982261641	NA
86298	0.470620557426113	0.57363315696649	NA	0.0337962962962963
98027	0.612927627927628	0.501190476190476	0.00298507462686567	0.0738095238095239
103276	0.561111111111111	1	0.0251661918328585	NA
112310	1	1	0.00380952380952381	0.025
130712	0.571666666666667	1	0.0395177262824322	0.00444444444444444
139370	0.895833333333333	1	0.00320512820512821	NA
NA	0.931554178145087	1	0.0220760233918128	0.0405982905982906
NA	0.596153846153846	0.527777777777778	NA	0.0555555555555556
NA	0.505555555555556	1	0.00233918128654971	0.0111111111111111
NA	1	0.593943833943834	0.00388654274598477	0.00476190476190476
NA	0.427016079158936	0.656666666666667	NA	0.00317460317460317
NA	NA	1	0.148281821274685	0.0243322109988777
NA	0.833333333333333	1	0.00203035274815423	NA
NA	0.770046466691204	0.802619047619048	NA	0.00416666666666667
NA	0.566666666666667	1	NA	0.0439814814814815
NA	0.830555555555555	0.510416666666667	0.0238095238095238	0.0937500000000001
NA	0.739292929292929	1	NA	0.0555555555555556
NA	0.832199546485261	1	0.00347222222222222	NA
NA	0.673675213675214	1	0.0086682427107959	0.00666666666666667
NA	0.527777777777778	0.638888888888889	NA	0.0416666666666667
NA	0.7125	0.5325	0.0362179487179487	NA
NA	1	0.832914862914863	0.0021505376344086	0.00929257512006459
NA	0.433333333333333	0.66875	NA	0.0583333333333333
NA	1	1	0.0048780487804878	0.0166666666666667
NA	0.736345598845599	1	0.000701754385964912	0.0277777777777778
NA	0.955555555555555	0.510416666666667	0.0182539682539682	NA
NA	1	0.542592592592593	0.00476190476190476	NA
NA	0.668981481481482	0.625	0.00354767184035477	0.0555555555555556
NA	0.71683170995671	0.559722222222222	0.121445279866333	0.05
NA	1	1	0.0196759259259259	NA
NA	1	1	0.00932055749128919	NA
NA	0.619835054884409	0.664189985376776	0.0607503607503607	0.00293410293410293
NA	0.9	1	0.0496384913536076	NA
NA	0.922222222222222	0.518910256410256	0.00268817204301075	0.0494708994708995
NA	0.87962962962963	0.555555555555555	0.00198412698412698	NA
NA	0.78688045606334	1	NA	0.00333333333333333
NA	0.613756613756614	0.666666666666667	NA	0.0231481481481482
NA	0.849637511758724	1	0.0013834793898085	0.00277777777777778
NA	0.526011488511488	1	0.0908897403150274	0.030952380952381
NA	0.775396825396825	1	0.090378421900161	0.0208333333333333
NA	0.613333333333333	1	0.0248199588477366	NA
NA	0.910353535353535	1	0.00234741784037559	NA
NA	0.711111111111111	0.638888888888889	0.00416666666666667	NA
NA	0.578880995547662	0.656666666666667	0.0774087430361998	0.0982407407407407
NA	0.386292307194369	0.542012362637363	0.00446837890085612	0.00222634508348794
NA	0.734722222222222	1	0.0208333333333333	0.0277777777777778
NA	1	1	0.0228602383531961	NA
NA	0.764814814814815	1	NA	0.03125
NA	0.802222222222222	0.663098290598291	NA	0.00740740740740741
NA	0.73375	0.802619047619048	NA	0.00606060606060606
NA	NA	1	NA	0.025
NA	0.933492063492063	1	0.00595238095238095	0.0277777777777778
NA	1	0.588807526738561	NA	0.0555555555555556
NA	1	1	0.100431212711914	0.00833333333333333
NA	0.530448717948718	0.508333333333334	0.0573626373626374	0.00625
NA	1	1	0.0043859649122807	NA
NA	0.554464113082248	1	NA	0.00817460317460317
NA	0.555304232804233	1	0.0327593312557733	0.0349206349206349
NA	0.827664399092971	0.614718614718615	0.00555555555555556	0.0111111111111111
NA	0.622448979591837	0.513888888888889	0.0715221623240489	0.0555555555555556
NA	0.784567901234568	1	0.0104166666666667	0.0416666666666667
NA	0.815277777777778	0.609259259259259	NA	0.0277777777777778
NA	0.435527544351074	0.585739750445633	0.0622222222222222	NA
NA	0.166666666666667	1	0.0613247863247863	NA
NA	0.683240568954855	0.513888888888889	0.00320512820512821	NA
NA	1	1	0.0138888888888889	NA
NA	0.723703703703704	1	NA	0.0133333333333333
NA	0.449589430177666	0.666666666666667	0.000823045267489712	NA
NA	0.918518518518519	0.613425925925926	NA	0.0416666666666667
NA	0.648148148148148	1	0.0605306452054417	NA
NA	0.69140625	1	NA	0.00625
NA	0.671690821256039	1	0.00205128205128205	0.00392156862745098
NA	0.576736111111111	0.552777777777778	0.0236542443064182	0.0166666666666667
NA	0.560235760971055	0.638888888888889	0.0529025372775372	NA
NA	0.640873015873016	1	0.166666666666667	0.025
NA	0.642800532800533	0.990476190476191	0.00896321831484887	0.0281721716061463
NA	0.329246031746032	1	0.00641025641025641	NA
NA	1	1	0.0239735859890899	0.0208333333333333
NA	0.753125	1	0.0232475143744243	0.0541666666666667
NA	0.701838867831515	1	0.00114942528735632	0.00555555555555555
NA	0.754861111111111	0.588888888888889	0.00379746835443038	NA
NA	0.661129676041957	0.666666666666667	NA	0.0685714285714286
NA	0.756172839506173	0.958333333333333	0.0225468975468975	NA
NA	1	0.822222222222222	0.00497512437810945	NA
NA	0.601875901875902	0.741666666666667	0.0251468592429691	NA
NA	0.651666666666667	1	0.0261195872216462	NA
NA	0.624212714646836	1	0.00277777777777778	0.00811287477954145
NA	0.525006224712107	0.510416666666667	0.0118290960451977	0.0666666666666667
NA	0.41372142946217	0.533333333333333	NA	0.0999999999999999
NA	0.53125	0.503125	0.00185695337210489	0.0111111111111111
NA	0.756944444444445	1	NA	0.0277777777777778
NA	1	1	0.0339372822299652	NA
NA	0.648677248677249	1	0.00169491525423729	NA
NA	0.743172235750361	0.562715389185978	NA	0.037037037037037
NA	0.53703922340286	0.520833333333333	0.0161290322580645	0.0666666666666667
NA	0.277777777777778	1	NA	0.0277777777777778
NA	0.763668430335097	0.792124542124542	0.0152312289481737	0.0158730158730159
NA	0.771593399272876	0.561284271284271	0.00267147009171757	0.00494054254923822
NA	0.435670093795094	0.616541353383459	0.0019047619047619	0.0158333333333333
NA	0.46753996003996	1	0.0245566814138242	0.0895833333333333
NA	0.942013888888889	0.527777777777778	0.00248756218905473	0.0666666666666667
NA	0.97989417989418	0.530555555555556	0.00121212121212121	NA
NA	0.834259259259259	0.679166666666666	0.0156146179401993	NA
NA	0.621296296296296	0.668943911502895	0.0277777777777778	0.0162037037037037
NA	0.689221160103513	0.548333333333333	0.00740740740740741	0.00238095238095238
NA	0.675557644110276	0.600555555555556	0.0145781021134128	0.0375
NA	0.765256536148177	0.501360544217687	0.00853190287972896	0.00833333333333333
NA	0.703703703703704	1	0.0151515151515152	NA
NA	0.379504399618779	1	NA	0.00555555555555555
NA	0.945833333333333	1	0.0127619047619048	NA
NA	0.73655753968254	0.545860805860806	0.0708333333333333	0.0277777777777778
NA	NA	1	0.0104166666666667	NA
NA	0.972222222222222	1	NA	0.0277777777777778
NA	0.516944444444444	0.505555555555556	0.153241138511639	0.00967372134038802
NA	0.53238196988197	0.511111111111111	0.00387596899224806	0.0277777777777778
NA	0.519675925925926	0.569444444444444	0.114351851851852	0.0833333333333334
NA	0.713888888888889	1	0.0016260162601626	NA
NA	0.806772486772487	0.666666666666667	0.00238095238095238	NA
NA	0.664930555555556	1	0.110578913839783	0.0416666666666667
NA	1	1	NA	0.00512820512820513
NA	0.88868253968254	1	0.00117647058823529	0.0166666666666667
NA	0.663773148148148	1	0.0580667354661163	0.0555555555555556
NA	0.568661749553723	0.670783865033428	0.0016025641025641	0.00171338628785437
NA	0.236680911680912	0.518518518518518	0.00323493472249019	0.0277777777777778
NA	0.803935185185185	1	NA	0.0256410256410256
NA	0.836666666666667	1	0.00785296574770259	0.00586419753086419
NA	0.816666666666667	1	0.00231481481481481	NA
NA	1	1	0.0372730229238131	NA
NA	0.670539485766758	0.642708333333333	0.003125	0.00902777777777778
NA	0.555084325396825	1	0.00183150183150183	NA
NA	0.527777777777778	1	0.0072463768115942	NA
NA	0.402083333333333	1	0.0908496732026144	0.0125
NA	0.747936507936508	0.710114379084968	NA	0.0825793650793648
NA	0.00740740740740741	0.828333333333333	0.00462354938058263	NA
NA	0.804398148148148	0.511904761904762	0.0029146021568056	0.0203703703703704
NA	0.647453850676073	0.576190476190476	0.0881721981721982	0.0476190476190476
NA	0.705432098765432	0.738095238095238	0.00674603174603174	0.0555555555555556
NA	0.464986151275625	1	0.00221496005809732	NA
NA	0.566646707992862	0.510416666666667	0.00555555555555555	NA
NA	0.787301587301587	0.726222275055227	0.0508466445636119	NA
NA	0.586435786435786	0.666666666666667	NA	0.0291666666666667
NA	0.573002645502646	1	0.003125	0.0125
NA	1	0.5125	0.0183911903010882	0.0146825396825397
NA	0.581428571428571	0.888888888888889	NA	0.00444444444444444
NA	0.875	0.977142857142857	0.00625	0.0133333333333333
NA	0.884437636666739	0.672486772486772	0.0267431184502741	NA
NA	0.841428571428571	0.822222222222222	NA	0.0133333333333333
NA	0.763191137566138	1	NA	0.00478260869565217
NA	0.811309523809524	1	NA	0.0125
NA	0.433333333333333	1	NA	0.0555555555555556
NA	0.833333333333333	0.979166666666667	0.170229468599034	0.0421296296296296
NA	0.723148148148148	1	0.0644444444444444	0.0555555555555556
NA	0.777777777777778	0.541666666666667	0.0942028985507246	NA
NA	0.833333333333333	1	NA	0.00999999999999998
NA	0.350505050505051	0.919047619047619	0.00617283950617284	0.0833333333333333
NA	0.606428571428571	0.916666666666667	NA	0.0223765432098765
NA	0.724988662131519	0.958333333333333	0.00606060606060606	0.106666666666667
NA	1	1	0.00925925925925926	NA
NA	1	1	NA	0.0574074074074074
NA	0.524074074074074	0.510416666666667	0.00555555555555556	0.0128205128205128
NA	0.852507215007215	0.504768270944742	NA	0.0072463768115942
NA	0.711666666666667	1	NA	0.0958333333333335
NA	0.770833333333333	1	0.0449888246545314	0.0666666666666667
NA	0.667989417989418	0.777777777777778	NA	0.0424382716049383
NA	0.722222222222222	0.822222222222222	0.00225225225225225	NA
NA	1	1	0.0308948700253048	NA
NA	0.743055555555556	1	0.0666666666666667	0.0707010582010582
NA	0.712121212121212	0.541666666666667	NA	0.0694444444444444
NA	0.720793303388662	0.586470588235294	0.00179138321995464	0.014058473930676
NA	1	1	0.0704656862745098	0.0555555555555556
NA	0.681481481481481	1	0.0261973641915783	NA
NA	0.669090909090909	0.512	0.0133333333333333	0.00722222222222222
NA	0.75	1	0.0476190476190476	NA
NA	0.814814814814815	0.510185185185185	0.00333333333333333	0.0138888888888889
NA	0.708	1	0.0118055555555556	0.00999999999999998
NA	1	1	0.00161290322580645	NA
NA	0.756342592592593	0.8	0.00175438596491228	NA
NA	0.106807760141094	0.530952380952381	NA	0.068888888888889
NA	0.725925925925926	0.722222222222222	0.0842484926787252	NA
NA	0.53010582010582	0.750476190476191	0.0021509009009009	NA
NA	0.685185185185185	1	0.068432774954514	NA
NA	0.821428571428571	1	0.0424648268398268	0.0824074074074075
NA	1	1	0.0019047619047619	NA
NA	0.880952380952381	1	0.0925559947299078	NA
NA	0.472222222222222	1	0.0327708486182441	0.0555555555555556
NA	0.617283950617284	0.857142857142857	0.00256410256410256	NA
NA	0.680555555555556	0.666666666666667	0.0199624326759052	NA
NA	0.888888888888889	0.638888888888889	0.00546448087431694	NA
NA	0.815625	1	0.00952380952380952	0.0238095238095238
NA	1	0.508333333333333	0.00689655172413793	0.114166666666667
NA	0.492283950617284	1	0.0045045045045045	NA
NA	0.718253968253968	0.666666666666667	0.00546448087431694	0.0666666666666667
NA	0.616666666666667	0.509259259259259	NA	0.0111111111111111
NA	0.737547472135707	0.656666666666667	0.0280988368921617	0.105804713804714
NA	0.527777777777778	1	0.0207563439270756	0.0555555555555556
NA	NA	0.5125	0.00114942528735632	NA
NA	0.464583333333333	1	NA	0.0555555555555556
NA	1	0.527777777777778	NA	0.00769230769230769
NA	0.933333333333333	1	0.00285714285714286	NA
NA	0.638888888888889	1	0.00617283950617284	NA
NA	0.561190476190476	0.918928571428572	0.00574828559903187	0.166666666666667
NA	0.768911971795357	0.583350168350168	0.0289013732833958	NA
NA	0.00833333333333333	0.539880952380952	0.0235710459476539	NA
NA	0.680555555555556	1	0.00508660464412676	0.0555555555555556
NA	0.719391127391127	0.623333333333333	0.00369695353247985	0.0055074555074555
NA	0.50625	1	0.00112359550561798	0.0126358695652174
NA	0.524287749287749	0.569444444444445	0.083174908571734	0.0944444444444445
NA	1	1	0.00793039509342462	NA
NA	0.492063492063492	1	0.00470543948804818	NA
NA	1	1	0.00104166666666667	NA
NA	NA	1	0.00757575757575758	NA
NA	0.779418413679035	0.802619047619048	0.0101397773039564	0.00512820512820513
NA	0.833333333333333	1	0.00847457627118644	0.0277777777777778
NA	0.716346500721501	0.522569064707223	0.316572326816229	0.0552359997029114
NA	0.749455337690632	0.583333333333333	0.098740440845704	0.0740740740740741
NA	1	0.944444444444444	NA	0.00521885521885522
NA	0.830961114908483	1	NA	0.00833333333333333
NA	0.411407407407407	0.506666666666667	0.0862962962962963	0.03
NA	0.632740340602061	0.891601731601732	NA	0.0152222222222222
NA	1	1	0.00317460317460317	0.00999999999999998
NA	0.05	1	0.0037037037037037	0.025
NA	0.73825592397021	0.613571428571429	0.00350877192982456	0.00341859621859622
NA	0.717857142857143	0.627777777777778	0.0114718614718615	0.0163461538461538
NA	0.56984126984127	0.506172839506173	0.0453199282986517	NA
NA	0.494108669108669	1	0.0104166666666667	NA
NA	0.744270820770574	0.992592592592593	0.00236985236985237	0.002147681815201
NA	0.69010582010582	0.555555555555555	0.0366666666666667	0.0625
NA	0.613888888888889	0.506933850463262	0.0935885167464115	NA
NA	0.76886396431851	0.70505354294828	0.00229885057471264	NA
NA	0.671666666666667	1	NA	0.0944444444444447
NA	1	1	NA	0.0555555555555556
NA	0.397813571304411	0.772778332778333	NA	0.0183396178984414
NA	0.751984126984127	0.638888888888889	0.0795659862376504	0.0138888888888889
NA	0.788105158730159	1	NA	0.025
NA	0.922619047619048	1	0.00411522633744856	0.0555555555555556
NA	0.671666666666667	0.513425925925926	0.00943396226415094	0.076388888888889
NA	0.723359584859585	0.627830687830688	0.0123467730025107	0.00555555555555555
NA	0.671111111111111	1	0.124242424242424	0.0277777777777778
NA	0.916666666666667	1	0.00205128205128205	NA
NA	0.531902472527473	0.555092592592593	0.00740740740740741	0.036250734861846
NA	0.556990740740741	1	0.0459236326109391	NA
NA	0.292474241158452	0.538287638287638	0.0856863087473509	0.0416666666666667
NA	1	1	NA	0.0555555555555556
NA	0.833333333333333	1	0.00196078431372549	NA
NA	0.699074074074074	1	0.0765873015873016	NA
NA	0.986458333333333	1	NA	0.0208333333333333
NA	0.613492063492064	1	0.0216779279279279	NA
NA	0.64346916971917	1	NA	0.00763888888888888
NA	0.708333333333333	1	NA	0.0148148148148148
NA	1	1	0.016468253968254	NA
NA	0.722662913650309	0.958333333333333	0.00454545454545455	0.00944444444444443
NA	0.753265306122449	1	0.00575122356634962	0.025
NA	0.633653846153846	0.75	NA	0.0125
NA	0.668136390358613	0.685185185185185	0.00823045267489712	0.0324074074074074
NA	0.888801383801384	0.505555555555556	NA	0.0103768115942029
NA	0.916984126984127	1	0.00303030303030303	NA
NA	0.882222222222222	0.712962962962963	0.0571520350564467	NA
NA	0.533333333333333	1	0.0040650406504065	NA
NA	0.174166666666667	0.59156223893066	0.00206766917293233	0.0125
NA	1	0.759259259259259	0.00238095238095238	NA
NA	0.523802308802309	1	0.0319123071292171	NA
NA	0.904040404040404	0.501851851851852	NA	0.0277777777777778
NA	0.752525252525253	1	0.0117511425010386	NA
NA	0.835185185185185	1	0.0589247311827957	0.1
NA	0.598547601745982	0.613323996265173	0.00204081632653061	0.0555555555555556
NA	0.529756293089626	1	0.0327826956553946	0.0581018518518519
NA	0.742808207873997	0.562765567765568	0.00720873126483881	0.00833333333333332
NA	0.958333333333333	1	0.0016260162601626	0.00555555555555555
NA	0.78968253968254	0.569444444444444	0.00314465408805031	NA
NA	0.791666666666667	1	0.0028735632183908	0.166666666666667
NA	0.447891931340074	1	0.00250726153131172	NA
NA	1	1	0.00256410256410256	0.00555555555555555
NA	1	0.95	0.008	NA
NA	0.876190476190476	1	0.00206896551724138	0.0416666666666667
NA	0.905618887285554	1	0.111111111111111	0.0201923076923077
NA	0.713744403744404	1	0.0127717391304348	NA
NA	0.662962962962963	1	0.046474358974359	NA
NA	0.669135802469136	0.75	0.00436117936117936	0.0111111111111111
NA	0.684367965367965	0.744338624338624	0.00112994350282486	0.00965956558061822
NA	NA	1	0.00426723200695803	0.0333333333333333
NA	0.621666666666667	1	NA	0.0143162393162393
NA	0.460648148148148	1	0.00354609929078014	NA
NA	0.286838624338624	1	NA	0.00740740740740741
NA	0.516424798533792	0.511897907404733	0.00185185185185185	0.0222222222222222
NA	0.57051282051282	0.638888888888889	NA	0.0972222222222223
NA	0.737654320987654	1	0.0173423423423423	0.0416666666666667
NA	0.491890782828283	0.508497357490004	NA	0.00833333333333333
NA	0.461352094528565	1	0.00896358543417367	0.00481481481481481
NA	0.724840330609561	0.518518518518518	0.00825082508250825	NA
NA	1	1	0.00650252525252525	NA
NA	1	1	0.0555555555555556	NA
NA	NA	1	0.0132671734234234	NA
NA	0.835858585858586	0.504409171075838	0.00606060606060606	0.0277777777777778
NA	0.405161736411736	0.553126262626262	0.0387205387205387	0.113131313131313
NA	1	0.822222222222222	NA	0.0925925925925927
NA	0.745672198172198	1	0.00140350877192982	0.0111111111111111
NA	0.877180615680616	1	0.0349079025549614	0.0111111111111111
NA	1	1	NA	0.0111111111111111
NA	0.583333333333333	1	0.028673835125448	NA
NA	0.529224965706447	1	0.00298507462686567	0.0454545454545455
NA	0.827777777777778	1	0.00641025641025641	NA
NA	0.641666666666667	0.732363315696649	NA	0.0555555555555556
NA	0.721064814814815	1	NA	0.0166666666666667
NA	0.814814814814815	0.838383838383838	0.0267094017094017	0.0648148148148148
NA	0.824700160753017	0.672486772486772	0.00198019801980198	0.0222222222222222
NA	0.944444444444444	0.833333333333333	NA	0.0138888888888889
NA	0.790625	1	NA	0.01875
NA	0.506119456523868	0.651227795193312	NA	0.00238095238095238
NA	0.476388888888889	0.504166666666667	0.00935323984526111	NA
NA	0.717227891156463	1	NA	0.025
NA	0.63495115995116	0.624400871459695	0.0732804232804233	0.0185185185185185
NA	0.586656746031746	0.560606060606061	0.0153388278388278	NA
NA	0.761111111111111	1	0.00694444444444444	NA
NA	0.841358024691358	0.822222222222222	0.0277777777777778	0.0138888888888889
NA	NA	1	0.190238773572107	0.0416666666666667
NA	0.702116685264863	0.598690476190476	0.00138888888888889	0.00444444444444444
NA	0.776111111111111	1	0.00228310502283105	0.12037037037037
NA	0.875	0.722916666666667	0.0144927536231884	0.0277777777777778
NA	0.517721369539551	0.711923076923077	0.00192996967190515	NA
NA	0.465297619047619	0.541666666666667	NA	0.025
NA	0.55	1	0.00158730158730159	NA
NA	0.603497942386831	0.718386243386243	0.0120478180823008	0.0074074074074074
NA	0.586772486772487	1	0.00307692307692308	0.00476190476190476
NA	0.690788840788841	0.593333333333333	NA	0.00952380952380952
NA	0.701883116883117	0.702136752136752	0.00476190476190476	NA
NA	0.611288524713447	1	0.000852838310465429	0.00412605588044185
NA	0.793004535147392	1	0.0105882352941176	0.00466746316208682
NA	0.577514707514708	0.617435897435897	0.00229885057471264	0.00811965811965812
NA	1	1	0.043359961268458	NA
NA	0.743650793650794	0.60218253968254	0.00549450549450549	0.0937500000000001
NA	0.785714285714286	0.738095238095238	0.00793650793650794	NA
NA	0.71994708994709	0.533018461007592	0.0185185185185185	0.0333333333333333
NA	0.771173469387755	1	NA	0.0125
NA	0.887380952380952	1	0.00149253731343284	NA
NA	1	1	0.00305810397553517	NA
NA	0.6875	0.75	0.0712814078136134	NA
NA	0.760416666666667	1	0.0242673992673993	0.038425925925926
NA	0.8125	0.50625	NA	0.0125
NA	0.7	1	NA	0.0168350168350168
NA	0.41281179138322	1	0.00462962962962963	NA
NA	0.906666666666667	0.583333333333333	NA	0.0138888888888889
NA	0.586289682539682	0.50625	0.0112099978766646	NA
NA	0.527083333333333	1	0.00374725274725274	NA
NA	0.55982905982906	1	0.0128205128205128	NA
NA	0.61246395324479	0.598690476190476	NA	0.00884443564182127
NA	0.63905291005291	1	NA	0.0560049019607844
NA	0.896	1	0.00294117647058824	0.0555555555555556
NA	0.835416666666667	0.541666666666667	NA	0.0341880341880342
NA	0.752777777777778	1	0.0561468008255934	0.0462962962962963
NA	0.85	0.509259259259259	0.0128205128205128	NA
NA	0.629206349206349	0.99375	0.0581582006341573	0.105437710437711
NA	1	0.533333333333333	0.0232646834477498	NA
NA	0.59332078178232	1	0.0529164533196791	NA
NA	0.398478835978836	0.518518518518518	0.115079365079365	0.0902777777777778
NA	0.741287971287971	1	0.00767377201112141	NA
NA	0.508333333333333	1	NA	0.0883333333333335
NA	0.730686813186813	0.541666666666667	0.00378787878787879	NA
NA	0.707083333333333	0.907142857142857	0.000888888888888889	0.00666666666666667
NA	0.305059523809524	1	0.0501004749725977	0.025
NA	0.789126770959478	1	0.00065359477124183	0.00179325801302131
NA	1	0.988888888888889	NA	0.00444444444444444
NA	0.703703703703704	0.583333333333333	0.00158730158730159	0.0277777777777778
NA	0.82991452991453	0.556584362139918	NA	0.0601851851851852
NA	1	1	0.0036144578313253	NA
NA	0.50625	1	0.0293548387096774	NA
NA	0.421097136619628	1	0.00281913837601747	0.00978835978835978
NA	0.632586130282209	1	0.00317460317460317	0.00544973544973545
NA	1	1	0.00168350168350168	NA
NA	0.595138888888889	0.541666666666667	NA	0.0773843880986738
NA	0.733333333333333	1	0.00275500910746812	NA
NA	0.615277777777778	1	0.0222222222222222	NA
NA	0.68921176046176	1	0.002710027100271	NA
NA	0.555952380952381	1	NA	0.0498236331569665
NA	1	0.822222222222222	NA	0.0548629148629149
NA	0.833333333333333	0.527777777777778	NA	0.0277777777777778
NA	0.798911872441284	0.531628884755483	0.0350244379276637	0.0416213416213417
NA	0.733333333333333	1	NA	0.0487654320987654
NA	0.71875	1	0.00454545454545455	0.01125
NA	0.814718614718615	0.666666666666667	0.0158730158730159	NA
NA	0.75	0.711538461538462	0.00141843971631206	NA
NA	0.822094907407407	0.583333333333333	NA	0.0450727513227513
NA	0.624499230927802	0.502564102564103	0.000900900900900901	0.00277777777777778
NA	0.538888888888889	1	0.0397709570123363	NA
NA	0.0333333333333333	0.888888888888889	0.012037037037037	0.0708333333333335
NA	0.590793650793651	0.75	0.0032520325203252	0.00757575757575757
NA	0.677689594356261	1	NA	0.0208333333333333
NA	0.972222222222222	0.555555555555555	0.0603708367981969	0.025
NA	0.603333333333333	1	0.00142857142857143	0.0125
NA	0.854497354497355	0.506944444444444	NA	0.0416666666666667
NA	0.700181818181818	0.694285714285715	0.0600486470051687	0.0125
NA	0.633333333333333	1	0.0633426529978254	NA
NA	0.692361111111111	1	0.00940639269406393	NA
NA	0.443992991135848	1	0.00257575757575757	NA
NA	0.701333333333333	1	0.00399295014504487	0.0266666666666667
NA	1	0.877431457431457	0.0823719074213545	NA
NA	0.6375	0.558333333333333	NA	0.0479166666666666
NA	0.919484367484368	0.537343070170395	0.0363029524487858	0.0119047619047619
NA	0.443357716054848	1	0.000666666666666667	0.00163962136578769
NA	0.431535947712418	0.666666666666667	0.402438411261941	0.0337301587301587
NA	1	0.836243386243386	0.10565463871678	0.00246913580246914
NA	0.281382783882784	0.501041666666667	0.00416666666666667	NA
NA	0.703703703703704	0.75	NA	0.0555555555555556
NA	0.744383394383394	0.583333333333333	0.00450498575498575	NA
NA	1	1	0.0300023540489642	0.065
NA	1	1	NA	0.0277777777777778
NA	0.761428571428571	1	0.011453984300329	NA
NA	0.768888888888889	0.583333333333333	0.00505050505050505	NA
NA	0.872222222222222	1	0.00882352941176471	NA
NA	0.755291005291005	0.503472222222222	0.00444444444444444	NA
NA	0.574074074074074	0.784722222222222	0.0356493152816682	NA
NA	0.702323232323232	0.506944444444444	0.00187265917602996	NA
NA	0.515852974186307	0.685185185185185	NA	0.00526315789473684
NA	0.818806936408084	0.988888888888889	NA	0.0214857818631404
NA	0.791615226337449	0.822222222222222	0.00648872180451129	NA
NA	0.714393939393939	0.501071428571429	NA	0.00392156862745098
NA	0.813194444444444	1	0.00264550264550265	NA
NA	0.73531746031746	0.527777777777778	0.169855334198694	0.0555555555555556
NA	0.603703703703704	0.569444444444445	0.110449735449735	0.0277777777777778
NA	0.768014597836026	1	0.00218579234972678	0.00099502487562189
NA	0.538527731457728	0.502380952380952	0.195583439331068	0.00826871099316919
NA	NA	1	0.00574712643678161	NA
NA	0.884103242436576	0.751376705653021	NA	0.00714285714285714
NA	1	1	0.0555555555555556	NA
NA	0.569444444444445	0.518518518518518	0.00520833333333333	NA
NA	0.767117404622668	0.587125220458554	NA	0.00777777777777777
NA	0.746969696969697	0.534166666666667	0.00893246187363834	0.0111111111111111
NA	0.375	0.638888888888889	0.0142276422764228	0.0462962962962963
NA	1	1	0.0571844431987877	NA
NA	0.765719696969697	0.679166666666667	0.00612244897959184	0.166666666666667
NA	0.58875	0.738095238095238	0.0147583947583948	0.025
NA	0.988095238095238	1	0.0128438511326861	NA
NA	0.593416768416768	0.588669590643275	0.0378545545596237	0.0555555555555556
NA	0.857142857142857	1	0.0028735632183908	0.108024691358025
NA	0.92037037037037	0.545833333333333	0.00181578947368421	0.0333333333333333
NA	0.766666666666667	0.888888888888889	0.0516650016650017	NA
NA	0.627902961236295	0.738677248677249	0.00196078431372549	NA
NA	0.888888888888889	0.819444444444444	0.0184811827956989	0.0277777777777778
NA	0.72953391053391	1	NA	0.0163650793650794
NA	0.814814814814815	1	0.0196078431372549	0.111111111111111
NA	0.842592592592593	1	NA	0.00888888888888887
NA	0.67964583023094	0.801322751322751	0.00235294117647059	0.0046598228663446
NA	0.366666666666667	0.809982174688057	0.0297770272383275	NA
NA	0.815077457264957	0.822222222222222	0.00925925925925926	NA
NA	0.273998824704707	0.748937728937729	0.00303030303030303	0.00222222222222222
NA	0.498148148148148	1	0.0153308610427747	NA
NA	0.318988494280376	0.565497835497835	0.00151515151515152	0.00304232804232804
NA	NA	0.51047619047619	NA	0.025
NA	0.614540343915344	0.506666666666667	0.183187134502924	0.00971053101487883
NA	0.996111111111111	1	NA	0.00666666666666667
NA	0.515555555555556	0.670692640692641	0.00253968253968254	0.00238095238095238
NA	0.242249503968254	0.58859649122807	NA	0.0277777777777778
NA	0.504761904761905	1	NA	0.00632716049382715
NA	1	1	0.00450152905198777	0.05
NA	1	1	0.00476190476190476	NA
NA	0.672420634920635	1	0.00806451612903226	0.0277777777777778
NA	0.723778344671202	1	0.003	0.0108333333333334
NA	0.998333333333333	0.983333333333333	NA	0.0488888888888889
NA	1	1	0.00844615624027388	NA
NA	0.766616402116402	1	0.00266666666666667	0.00954263329263328
NA	0.722222222222222	0.681065830721003	0.025	0.00555555555555555
NA	0.772222222222222	0.506944444444444	0.00219298245614035	NA
NA	0.960714285714286	1	0.0125828558588923	NA
NA	0.608134920634921	1	0.0256410256410256	0.0332491582491583
NA	0.8	0.972222222222222	0.0233585858585858	0.0638838013838014
NA	0.702222222222222	1	0.00404040404040404	0.00617283950617284
NA	0.799545454545454	1	0.00979602791196995	NA
NA	0.735690235690236	1	0.0290988420100431	NA
NA	0.374371693121693	1	NA	0.0277777777777778
NA	1	1	0.00565570873100035	NA
NA	0.472554379776602	1	0.0112205801860974	0.00571428571428571
NA	0.727204906204906	0.784318181818182	0.00465116279069767	NA
NA	1	1	0.0266639388979815	0.11489898989899
NA	0.593323031135531	0.77952380952381	0.0690836940836941	0.00999999999999998
NA	0.532142857142857	0.50625	0.195573550826613	0.0222222222222222
NA	1	1	NA	0.0555555555555556
NA	1	1	0.0037037037037037	0.0606060606060606
NA	0.453452128326078	0.505714285714286	0.0251311292651278	NA
NA	0.515555555555556	1	NA	0.0555555555555556
NA	0.914814814814815	0.638888888888889	NA	0.0555555555555556
NA	1	1	0.0804597701149425	0.0151515151515152
NA	0.713464921322064	1	0.00175438596491228	0.142222222222222
NA	1	1	0.00526315789473684	NA
NA	0.815509058842392	0.606945646945647	NA	0.024074074074074
NA	0.725416666666667	0.534722222222222	NA	0.0277777777777778
NA	1	0.679166666666667	0.0217620664564637	NA
NA	0.620743661100804	0.521636254080875	NA	0.0922438672438673
NA	0.685185185185185	1	NA	0.0347222222222223
NA	0.957222222222222	1	NA	0.00833333333333333
NA	0.479938271604938	0.513888888888889	0.00340136054421769	0.0462962962962963
NA	0.780502645502645	0.933333333333333	0.0119047619047619	0.0277777777777778
NA	1	1	0.0119047619047619	NA
NA	0.877777777777778	1	NA	0.0087719298245614
NA	0.752083333333333	1	0.00102564102564103	NA
NA	0.833333333333333	1	NA	0.00694444444444444
NA	0.524218121060226	0.655623388956722	0.0400641025641026	0.0483333333333333
NA	0.47899960605843	0.502450697450697	0.0077831968437739	0.00555555555555555
NA	0.471314108096405	0.599534937475441	NA	0.003125
NA	0.422219458101811	0.925925925925926	0.00868921775898518	0.0184027777777778
NA	0.741673524320227	0.638888888888889	0.00875054896794027	0.032962962962963
NA	0.821666666666667	0.774444444444444	NA	0.0153333333333333
NA	1	0.62962962962963	0.00980392156862745	0.0416666666666667
NA	0.822222222222222	1	NA	0.0232371794871794
NA	0.641880341880342	1	0.00245098039215686	NA
NA	0.837326388888889	1	NA	0.0555555555555556
NA	0.7605	1	NA	0.0264046717171717
NA	0.775	0.976190476190476	0.00387596899224806	NA
NA	0.429251700680272	1	NA	0.0238095238095238
NA	1	1	0.0876736111111111	NA
NA	0.923148148148148	0.669833333333334	0.00645161290322581	0.0037037037037037
NA	0.993055555555555	1	0.0123139534883721	0.0180555555555556
NA	0.299591503267974	0.568518518518519	0.00290670417252695	0.0555555555555556
NA	0.813333333333333	1	0.00297619047619048	NA
NA	0.998333333333333	0.558333333333333	0.0102564102564103	0.03
NA	0.941444444444445	1	NA	0.0111111111111111
NA	1	1	0.00107367218732153	0.0125
NA	0.84280303030303	1	0.00930232558139535	NA
NA	0.675226838688377	1	0.00197971602434077	0.00350877192982456
NA	0.51049883042954	1	NA	0.0133333333333333
NA	0.751251625567415	0.654094285274945	0.0118619181505779	0.00666666666666667
NA	1	1	0.00320512820512821	0.0277777777777778
NA	0.618121656121656	0.683328523328523	0.0288920289728012	0.00476190476190476
NA	0.471489673520924	0.542234848484848	NA	0.0125
NA	0.344391293891294	0.555	0.00208333333333333	NA
NA	0.563374485596708	0.519444444444444	0.0476190476190476	0.0555555555555556
NA	0.525751992716278	0.597222222222222	0.22509534706331	0.0252314814814815
NA	0.794584500466853	0.527777777777778	NA	0.0353535353535354
NA	1	1	0.0232323232323232	NA
NA	0.416036520421547	1	0.00350877192982456	0.00203406422399748
NA	0.405513387756035	1	0.00185185185185185	NA
NA	1	0.511420785333829	NA	0.0133333333333333
NA	0.398430335097002	1	0.00706402323709049	0.0240332920220651
NA	0.771666666666667	0.922222222222222	0.0019047619047619	0.00762626262626263
NA	0.619855967078189	1	0.00833333333333333	0.0291666666666667
NA	0.503703703703704	0.836243386243386	0.00325925925925926	NA
NA	0.708333333333333	1	0.0248756218905473	NA
NA	0.76837962962963	0.506666666666667	NA	0.0133333333333333
NA	NA	0.55537037037037	0.00175438596491228	NA
NA	0.707141065631543	0.976190476190476	0.000865800865800866	0.084994323275369
NA	0.737752976190476	0.522857142857143	0.0211767399267399	0.025
NA	1	1	NA	0.00606060606060606
NA	0.911507936507936	1	0.078462000070599	0.0648148148148149
NA	1	1	0.00938967136150235	0.111111111111111
NA	0.722222222222222	0.759259259259259	NA	0.0277777777777778
NA	0.5125	0.555555555555555	0.00422535211267606	NA
NA	1	0.519860490019796	0.00666666666666667	NA
NA	0.588484347093198	0.501190476190476	0.00158730158730159	0.00266666666666667
NA	1	1	0.0442992011619463	NA
NA	1	0.555065675065675	0.00317460317460317	0.00416666666666667
NA	0.793650793650794	1	0.0128205128205128	0.0555555555555556
NA	0.692689393939394	1	0.00454545454545455	NA
NA	1	1	0.10938901836098	0.0333333333333333
NA	0.516446208112875	0.541994478951001	0.0211085211085211	0.0592592592592593
NA	0.832093253968254	0.604166666666667	NA	0.0652777777777778
NA	0.796190476190476	1	0.0420260328239955	NA
NA	0.876666666666667	0.672486772486772	NA	0.003
NA	0.85	0.55	0.02300395256917	NA
NA	0.45267316017316	0.6	0.0142857142857143	0.025
NA	0.836441445264975	1	0.00999732691793638	0.0907407407407407
NA	0.54212962962963	0.7	0.0604054736648757	NA
NA	0.808	0.737857142857143	NA	0.0375
NA	0.9	1	0.0166666666666667	NA
NA	0.521403133903134	0.638888888888889	0.0970505493531808	NA
NA	0.592592592592593	0.527777777777778	0.0298821548821549	0.0277777777777778
NA	0.477795815295815	0.511904761904762	0.00396825396825397	NA
NA	0.566666666666667	0.812769123459661	0.00493827160493827	NA
NA	0.580736177402844	0.565313852813853	NA	0.0311111111111111
NA	0.689373897707231	1	0.0895915678524374	NA
NA	0.536858465608466	0.589583333333333	0.00242424242424242	0.0402777777777778
NA	0.543576388888889	0.527777777777778	NA	0.0277777777777778
NA	1	1	0.00149812734082397	0.00512820512820513
NA	0.958333333333333	1	0.0113871635610766	NA
NA	0.688271604938272	1	0.00507070707070707	NA
NA	0.728632478632479	0.711538461538462	NA	0.0277777777777778
NA	0.759259259259259	0.822222222222222	0.00490196078431373	0.0555555555555556
NA	0.424338624338624	1	0.00225225225225225	NA
NA	1	1	0.0221325507459036	NA
NA	0.934206349206349	0.843154993154994	0.0873636751793165	0.00317460317460317
NA	0.666666666666667	1	0.102777777777778	0.0555555555555556
NA	0.727834467120182	0.503030303030303	0.00384615384615385	0.0156432748538012
NA	0.794444444444445	1	NA	0.0555555555555556
NA	0.875	1	0.0395833333333333	0.0555555555555556
NA	1	1	0.0639517512311183	0.0180555555555556
NA	0.684279736027141	1	NA	0.00459259259259259
NA	1	1	NA	0.01
NA	0.53768587977127	0.84984593837535	0.0022497852233677	0.00159610215053763
NA	0.609375	1	0.0053763440860215	0.0125
NA	1	1	0.00843706502286734	0.0208333333333333
NA	0.448412698412698	0.509569597069597	NA	0.0325793650793651
NA	0.559259259259259	1	0.00476190476190476	NA
NA	0.477682607515941	0.503125	NA	0.0125
NA	1	1	0.0189902301223056	NA
NA	1	0.916666666666667	NA	0.0354166666666667
NA	1	1	0.00208333333333333	NA
NA	0.751666666666667	0.833333333333333	0.00229885057471264	NA
NA	0.608750773036487	1	0.00490196078431373	0.0185185185185185
NA	0.384761904761904	1	0.00621557828481511	0.0172619047619048
NA	0.685185185185185	1	NA	0.0329365079365079
NA	1	1	0.00793650793650794	0.0185185185185185
NA	1	0.630952380952381	0.0949484025585154	0.0333333333333333
NA	1	1	0.0266666666666667	NA
NA	NA	1	NA	0.0515873015873016
NA	0.719320436507937	1	0.0032258064516129	0.0333333333333333
NA	0.567428571428571	1	0.00689655172413793	0.0125
NA	0.765392015392015	0.506944444444444	0.00213675213675214	0.0185185185185185
NA	0.177777777777778	1	0.00666666666666667	0.0462962962962963
NA	0.833333333333333	1	0.0163541666666667	NA
NA	0.833333333333333	1	0.00277777777777778	NA
NA	1	1	0.0087962962962963	NA
NA	0.694444444444444	1	0.00171821305841924	NA
NA	0.858974358974359	1	0.00181159420289855	0.0555555555555556
NA	0.659827264239029	1	0.0833333333333333	0.0339506172839506
NA	1	1	0.018452380952381	NA
NA	0.663341284783026	0.500411522633745	0.00158730158730159	0.00195612217280479
NA	0.796632996632997	1	0.00995635570103655	NA
NA	0.659090909090909	0.875	0.00476190476190476	NA
NA	0.0125	1	NA	0.00666666666666667
NA	0.685185185185185	1	0.0185185185185185	NA
NA	0.970164609053498	1	NA	0.0333333333333333
NA	1	1	0.00266666666666667	NA
NA	0.376719576719577	0.527777777777778	0.0138888888888889	NA
NA	0.908306878306878	1	0.0010514985924822	0.0342857142857142
NA	0.577441077441077	0.532407407407407	0.00225225225225225	0.0277777777777778
NA	0.867546688416254	0.509945118915707	0.0485738942513011	0.00833333333333333
NA	0.812797619047619	1	0.00759761337827548	0.00888888888888887
NA	0.791666666666667	0.916666666666667	0.0833333333333333	NA
NA	0.453333333333333	1	0.00606060606060606	0.111111111111111
NA	0.613271604938272	1	0.0192307692307692	0.0548060923659009
NA	0.980227272727273	1	0.00105820105820106	NA
NA	0.5	0.98	0.00149253731343284	NA
NA	0.566600529100529	1	0.00416666666666667	0.102777777777778
NA	0.79188151354818	0.833333333333333	0.00606060606060606	0.0106837606837607
NA	NA	1	0.00714285714285714	NA
NA	0.597098997493734	0.822222222222222	0.00208333333333333	0.00845679012345678
NA	1	1	0.00854700854700855	0.166666666666667
NA	0.828571428571429	0.75	NA	0.0166666666666667
NA	1	1	0.00331743410994925	NA
NA	1	1	0.00855897914721444	NA
NA	0.777777777777778	1	0.00183150183150183	0.0555555555555556
NA	0.474404761904762	1	NA	0.0416666666666667
NA	0.435277777777778	1	NA	0.0194444444444444
NA	1	1	NA	0.015
NA	1	1	0.00230397621701969	0.0279761904761905
NA	1	1	NA	0.0381944444444444
NA	0.943849378135092	1	0.0040331835568238	NA
NA	0.459259259259259	1	NA	0.0270833333333333
NA	0.629074074074074	0.82963924963925	0.0321659682979023	0.00910052910052909
NA	0.592592592592593	0.75	0.0151515151515152	0.0833333333333333
NA	1	1	0.030249183006536	NA
NA	0.734024103468548	1	0.0151515151515152	0.0367063492063492
NA	0.754273504273504	1	0.0297619047619048	0.0753968253968254
NA	0.74480303030303	0.671666666666667	0.0136063866712947	NA
NA	0.523567074320015	0.542968404714301	NA	0.00555555555555555
NA	0.700706039991754	0.703703703703704	0.0161241711874623	NA
NA	0.554874074000843	0.513888888888889	NA	0.0226190476190476
NA	0.717513227513228	1	NA	0.00416666666666667
NA	0.441666666666667	0.534722222222222	0.0114709851551957	0.0340277777777778
NA	0.75	1	0.0053763440860215	NA
NA	1	1	0.00222222222222222	0.0238095238095238
NA	1	0.583333333333333	0.00357142857142857	NA
NA	0.709876543209877	0.541666666666667	0.00806451612903226	0.166666666666667
NA	0.607738095238095	1	NA	0.00769230769230772
NA	0.571235246235246	0.594444444444444	0.0945679012345679	0.0277777777777778
NA	1	0.503030303030303	0.00801392301392301	0.0133333333333333
NA	0.660831113331113	0.501754385964912	0.000634920634920635	0.00692640692640692
NA	0.800694444444444	0.516666666666667	0.0238095238095238	0.111111111111111
NA	1	1	NA	0.0225
NA	1	1	0.0318100358422939	0.0138888888888889
NA	0.603714285714286	1	0.33390439019321	0.0103703703703704
NA	1	1	0.0646490478157187	0.0555555555555556
NA	0.833333333333333	1	0.0986952861952862	NA
NA	0.667438271604938	0.592989417989418	0.0555555555555556	0.0339506172839506
NA	1	1	0.0833333333333333	NA
NA	1	0.672222222222222	0.0114212029105646	NA
NA	0.685185185185185	0.534722222222222	0.0227623456790123	0.0555555555555556
NA	0.81	0.75	0.00746268656716418	0.0258838383838384
NA	0.8375	0.507142857142857	0.00181818181818182	NA
NA	0.57952787952788	1	0.00915915915915916	NA
NA	0.878472222222222	1	NA	0.0376984126984127
NA	0.844166666666667	0.778201058201058	0.00552475979305248	0.00740740740740741
NA	0.75	0.671296296296296	0.0360576923076923	NA
NA	0.52212962962963	1	NA	0.00317460317460317
NA	0.610389722711151	0.530654838950103	0.166666666666667	0.00670833333333333
NA	0.904166666666667	1	0.00305810397553517	NA
NA	0.833333333333333	1	0.00212765957446809	NA
NA	0.567436701551617	0.935238095238095	0.0138779095300834	0.00614203630507978
NA	0.731660763478945	0.518253968253968	0.00333333333333333	0.0170643939393939
NA	1	1	0.0016025641025641	NA
NA	1	1	0.0129419191919192	NA
NA	0.886388888888889	1	0.0259115704852139	0.0611111111111111
NA	0.760416666666667	0.666666666666667	0.00595238095238095	NA
NA	0.681657848324515	0.51047619047619	0.0117855866524854	0.0457014652014653
NA	0.891975308641975	1	0.0144927536231884	0.0462962962962963
NA	0.637860082304527	0.666666666666667	0.0107042189488998	0.0185185185185185
NA	1	1	0.00980536294000531	NA
NA	1	1	NA	0.0555555555555556
NA	0.612287581699346	1	0.00169491525423729	0.0125
NA	0.428703703703704	1	0.00308641975308642	NA
NA	0.713333333333333	1	0.0516865079365079	NA
NA	0.686584762973652	1	0.000757575757575758	0.0185185185185185
NA	0.73125	0.666666666666667	0.00225225225225225	NA
NA	1	1	0.0274730426629161	NA
NA	1	1	0.00388566912539515	NA
NA	1	1	NA	0.0037037037037037
NA	1	0.833333333333333	0.037037037037037	0.0476190476190476
NA	0.975541310541311	0.502222222222222	0.00467836257309942	NA
NA	0.676830065359477	1	0.00474881984076657	0.00952380952380952
NA	0.55	1	0.0104516129032258	NA
NA	0.689725490196079	0.6284	NA	0.0928571428571428
NA	0.819136577708006	1	0.0653404067197171	0.00666666666666667
NA	0.752525252525253	0.552832244008715	0.00282485875706215	0.0337301587301587
NA	0.628028630378254	0.9	0.00804871220604703	0.00512820512820513
NA	0.82	0.958333333333333	0.00685116086235489	0.027807486631016
NA	0.590981240981241	0.933333333333333	0.00161812297734628	NA
NA	0.402973932385697	0.65462962962963	0.00123456790123457	0.0111111111111111
NA	0.761904761904762	1	NA	0.0555555555555556
NA	0.783333333333333	1	0.00505050505050505	0.0277777777777778
NA	NA	1	0.0425963488843813	NA
NA	1	1	0.00652309612983771	NA
NA	1	0.658994708994709	NA	0.0133333333333333
NA	0.888888888888889	1	0.0171764705882353	0.0133333333333333
NA	0.603965840047608	0.501149425287356	0.00288065843621399	0.00448179271708683
NA	1	1	0.00148148148148148	NA
NA	0.636516914458091	0.511904761904762	0.00273972602739726	NA
NA	0.638888888888889	0.555555555555555	0.170971742881795	0.0277777777777778
NA	0.400578703703704	1	0.0213333333333333	0.025
NA	0.43193821330185	0.75	0.0032520325203252	NA
NA	0.571296296296296	0.75	0.00952380952380952	NA
NA	0.477017797017797	0.51493372277686	NA	0.0266666666666667
NA	0.464880952380952	1	NA	0.0125
NA	0.683906525573192	0.527777777777778	0.00588235294117647	0.0111111111111111
NA	0.703703703703704	1	0.109557918932919	0.0408730158730159
NA	0.180745643245643	0.619949494949495	NA	0.0277777777777778
NA	0.834920634920635	1	0.176014353240889	0.0346867167919801
NA	0.80952380952381	1	0.00574712643678161	0.0833333333333334
NA	NA	1	0.00208333333333333	NA
NA	0.31224580974581	0.705769230769231	0.0126811594202899	0.01525
NA	0.475061596298438	1	0.00333333333333333	0.0159722222222222
NA	0.64112006049506	1	0.00217391304347826	NA
NA	0.846337662337662	1	0.00317460317460317	0.0945833333333335
NA	0.581481481481481	0.502083333333333	0.0685714285714286	0.0125
NA	0.386283677107207	1	0.000865800865800866	NA
NA	0.793055555555556	1	0.0952380952380952	0.0238095238095238
NA	0.638922477530601	0.542433862433862	0.00175554092604784	0.00416351592213662
NA	0.575109004761941	0.715239247544148	0.00181818181818182	NA
NA	0.837019277019277	1	0.0560141093474427	0.0223870154724045
NA	0.826349206349206	0.694444444444444	0.0673534255599475	0.0796296296296296
NA	0.391598366501793	0.598584785860889	0.1270732177443	0.00255829498818555
NA	0.601625263057488	1	0.0386006289308176	0.100416666666667
NA	0.443265287952788	0.583333333333333	0.0162162162162162	0.00952380952380952
NA	1	1	0.0808333333333333	NA
NA	0.907986111111111	1	0.00980392156862745	0.0555555555555556
NA	0.36	1	0.0132457580733443	NA
NA	0.84627200484937	0.962962962962963	0.0104064039408867	0.01875
NA	0.810833333333333	1	NA	0.0138888888888889
NA	0.31712962962963	1	0.210892710892711	0.0324074074074074
NA	0.751388888888889	1	0.0099684318171713	0.00555555555555555
NA	0.753333333333333	0.916666666666667	0.00508373205741626	NA
NA	0.833333333333333	0.592592592592593	NA	0.0333333333333334
NA	0.43125	0.625	NA	0.025
NA	1	1	NA	0.025
NA	0.716378066378066	0.503968253968254	0.0166666666666667	NA
NA	0.719322823146353	1	0.0034457671957672	0.00914902998236332
NA	0.735416666666667	0.669230769230769	0.00684931506849315	0.0104166666666667
NA	0.767354096520763	1	0.0124137931034483	0.0245482295482296
NA	0.697916666666667	0.513888888888889	0.0033003300330033	0.0185185185185185
NA	1	0.666666666666667	0.0164179104477612	0.141666666666667
NA	0.720923520923521	0.500330687830688	0.0974539655605832	0.0240981240981241
NA	0.852380952380952	0.555555555555555	0.0185185185185185	0.0833333333333333
NA	0.482291666666667	0.5125	NA	0.025
NA	0.712962962962963	1	0.0371097156811442	NA
NA	0.62202380952381	1	0.0150530277112556	0.0277777777777778
NA	0.578809523809524	1	NA	0.005
NA	0.733333333333333	1	NA	0.00793650793650794
NA	0.32973828420257	0.544444444444445	0.00175438596491228	0.0396825396825397
NA	0.885291005291005	1	0.071530517510361	0.0196296296296296
NA	0.875	1	0.00196078431372549	0.00666666666666667
NA	1	1	0.0973856209150327	NA
NA	1	1	NA	0.0555555555555556
NA	0.993469387755102	0.75	NA	0.0992592592592592
NA	1	1	NA	0.0555555555555556
NA	0.875	1	0.00595238095238095	NA
NA	0.5875	1	NA	0.025
NA	0.0555555555555556	1	0.00303030303030303	NA
NA	0.765123456790124	0.521825396825397	0.00854112594240513	0.0833333333333333
NA	0.807070707070707	0.555169753086419	0.00595238095238095	0.0185185185185185
NA	1	1	0.0705241786637138	NA
NA	0.804761904761905	1	NA	0.0912698412698414
NA	0.689285714285714	0.666666666666667	0.00242390027171918	0.0155555555555556
NA	0.512626262626263	0.509920634920635	0.0366446955430006	NA
NA	1	1	0.0240852130325815	NA
NA	0.72297619047619	1	0.004	0.065972222222222
NA	0.851666666666667	1	0.00161290322580645	NA
NA	0.754494949494949	0.56	0.00365668556115586	0.00999999999999998
NA	0.867916666666667	1	0.00232558139534884	0.00833333333333333
NA	0.784166666666667	1	0.00136054421768707	0.0488888888888889
NA	0.564074074074074	1	0.071133446683856	0.0111111111111111
NA	0.475476190476191	1	0.0153920153920154	0.0353174603174603
NA	0.846527777777778	1	NA	0.0555555555555556
NA	0.868240740740741	0.574285714285715	0.025240860571871	0.0123015873015873
NA	0.966560846560847	1	0.00235294117647059	0.0111111111111111
NA	0.17964405964406	0.512632275132275	0.002710027100271	0.0277777777777778
NA	0.740831094831095	0.770609579100145	0.0212502382313703	0.0255208333333333
NA	0.537037037037037	0.885555555555556	0.00105820105820106	NA
NA	0.721031746031746	1	0.0030327868852459	0.0191468253968254
NA	0.902777777777778	1	NA	0.00555555555555555
NA	0.533546709700556	0.503703703703704	0.00128205128205128	0.00444444444444444
NA	0.415123456790123	1	NA	0.0787037037037037
NA	0.685813492063492	1	0.00384615384615385	0.0493055555555556
NA	0.574011508715456	0.500980392156863	NA	0.00404040404040404
NA	0.836049382716049	0.662222222222222	0.0505927082429815	0.0274074074074074
NA	1	0.548611111111111	0.00462962962962963	NA
NA	0.63466835016835	0.725	0.0205165095054728	NA
NA	0.645833333333333	0.666666666666667	0.00416666666666667	0.0555555555555556
NA	0.67037037037037	1	NA	0.0111111111111111
NA	0.754617604617605	0.619444444444444	0.0172827163634237	0.00888157894736842
NA	0.997142857142857	1	0.00204081632653061	0.0555555555555556
NA	0.916666666666667	1	0.00512820512820513	0.0416666666666667
NA	0.986111111111111	1	0.0666666666666667	0.0555555555555556
NA	0.871825396825397	1	0.00740740740740741	0.0476190476190476
NA	0.779166666666667	0.888571428571429	0.010952380952381	0.0375
NA	0.570096978185214	0.509294871794872	0.0775953686645122	NA
NA	0.75625	1	0.00166666666666667	NA
NA	0.996759259259259	1	0.00523226616446955	0.049098124098124
NA	0.636394557823129	0.508333333333333	0.00813008130081301	0.0202380952380952
NA	0.86238936988937	1	0.0439814814814815	0.0555555555555556
NA	0.665419955861132	1	NA	0.0259259259259259
NA	0.763888888888889	1	0.029040404040404	NA
NA	0.453450482266272	0.638888888888889	0.251542451542452	0.0411242923742923
NA	0.510952380952381	1	0.0699982278151011	NA
NA	0.470378821281599	0.934966761633428	0.0215799198500927	NA
NA	0.389880952380952	1	0.0303030303030303	0.0416666666666667
NA	0.75	1	0.00535082488570861	NA
NA	0.580373677248677	0.504166666666667	0.00476190476190476	0.0541666666666667
NA	0.641719576719577	0.777727272727273	0.00217391304347826	NA
NA	0.794444444444445	1	NA	0.0125
NA	1	0.672222222222222	NA	0.0555555555555556
NA	0.530555555555556	0.655769230769231	0.0188912429378531	NA
NA	0.718253968253968	1	0.031538125617073	0.0138888888888889
NA	0.640905915295874	0.530714285714286	NA	0.00167701863354037
NA	0.611111111111111	0.703703703703704	0.00917874396135265	NA
NA	0.689444444444445	0.645833333333333	0.0358839353761328	NA
NA	0.512885802469136	1	0.0263975155279503	0.0208333333333333
NA	0.637301587301587	0.541666666666667	NA	0.0811507936507937
NA	0.9	0.647857142857143	0.0392148431278866	0.0298611111111111
NA	0.832877542859999	0.612884615384615	0.00199572344975054	0.00451887293992557
NA	0.166666666666667	1	NA	0.0555555555555556
NA	0.566666666666667	0.527777777777778	0.00368903386144765	0.0185185185185185
NA	NA	0.910739260739261	0.00303030303030303	NA
NA	0.760082304526749	1	0.0327380952380952	0.0347222222222223
NA	1	1	0.074780803462974	NA
NA	0.542592592592593	0.73986050986051	0.0206019636705812	0.0535185185185184
NA	0.588716384625476	0.636483516483516	0.0059838545965072	0.00952380952380952
NA	0.79553872053872	1	NA	0.0416666666666667
NA	1	0.98	0.0048780487804878	NA
NA	0.675925925925926	0.761904761904762	0.0711367880485528	NA
NA	0.9375	1	0.0208333333333333	0.0416666666666667
NA	0.552784992784993	0.540906432748538	0.0161531279178338	0.0133333333333333
NA	0.78552973342447	1	0.0021978021978022	0.00443094916779127
NA	0.729861111111111	1	0.0177626977882682	0.0416666666666667
NA	0.746353126040626	0.615337717837718	NA	0.0555555555555556
NA	0.611314182844184	1	0.00175438596491228	0.00291858678955453
NA	0.842261904761905	0.962962962962963	0.007655705864524	NA
NA	0.509900235234158	0.74952380952381	0.142734455005175	0.0568973315241973
NA	0.653363567649282	0.988888888888889	0.00762800417972832	NA
NA	0.537037037037037	1	0.0714285714285714	NA
NA	0.395153735153735	0.666666666666667	0.0132045088566828	0.0116666666666667
NA	0.561234323532676	0.501233273008711	0.015152348752087	0.00110574451005718
NA	0.488271604938272	1	0.00699059561128527	NA
NA	0.650793650793651	0.694444444444444	0.211111111111111	0.0601851851851852
NA	1	1	0.0571428571428571	NA
NA	0.96031746031746	0.833333333333333	0.0169034090909091	NA
NA	0.294963337647204	0.632294372294372	0.0015748031496063	NA
NA	0.722222222222222	1	NA	0.0555555555555556
NA	0.526602564102564	0.679166666666667	0.0142494929006085	0.021875
NA	0.66984126984127	1	0.00649572649572649	NA
NA	1	1	0.00421940928270042	NA
NA	0.605491519645931	0.923617123617124	0.0037037037037037	0.00407407407407407
NA	1	1	0.0053763440860215	NA
NA	0.964444444444444	0.504166666666667	0.0249837662337662	0.0160791169614699
NA	0.437777777777778	1	0.0768849206349207	NA
NA	0.691468253968254	0.516666666666667	NA	0.0700757575757576
NA	0.490625266706245	1	0.00158730158730159	0.00666666666666667
NA	1	1	0.00701754385964912	0.00289855072463768
NA	0.5125	1	0.00294117647058824	0.0958333333333335
NA	0.783434343434343	0.555555555555555	0.00929827731513902	0.0277777777777778
NA	0.9	1	0.00757575757575758	NA
NA	0.809201388888889	0.62037037037037	0.0166666666666667	0.0347222222222223
NA	0.685185185185185	1	NA	0.0555555555555556
NA	1	0.75	0.00387596899224806	NA
NA	0.802380952380952	1	0.0283524904214559	0.0708333333333335
NA	0.725925925925926	1	0.0138888888888889	NA
NA	0.944444444444444	1	0.00531914893617021	0.025
NA	0.601602254428341	1	0.00579166666666667	0.00666666666666667
NA	0.627893518518518	0.506558641975309	0.0303605313092979	NA
NA	0.70232683982684	0.527777777777778	0.0111111111111111	0.0128205128205128
NA	0.5	0.546296296296296	0.00606060606060606	0.0296296296296296
NA	0.65515873015873	0.805555555555555	0.00290777230432403	0.0416666666666667
NA	0.497291666666667	0.559722222222222	0.00158730158730159	0.025
NA	0.775925925925926	0.502631578947368	0.0136395602943328	0.02
NA	0.483260233918129	0.666666666666667	NA	0.0738888888888889
NA	0.481971916971917	0.777142857142857	0.0197621131171703	0.00461760461760461
NA	0.875	0.827777777777778	0.0717858394065041	0.0555555555555556
NA	0.286666666666667	1	0.0566899797854603	0.06
NA	0.665092532739592	0.916666666666667	NA	0.0101851851851852
NA	0.8025	0.697619047619048	0.0599998959796122	0.100138888888889
NA	0.705944203944204	1	0.00486807878112226	0.00555555555555555
NA	0.750001959631589	1	0.00170940170940171	NA
NA	0.668205868205868	1	0.00974349550031186	0.00476190476190476
NA	0.361111111111111	1	0.00174657534246575	0.0833333333333333
NA	0.665476190476191	0.569444444444445	NA	0.0302777777777778
NA	0.701314151617182	0.528236208236208	0.00235294117647059	0.00536130536130536
NA	0.680555555555556	1	0.021505376344086	NA
NA	0.861284877587399	0.524497071555895	0.00579710144927536	0.00952380952380952
NA	0.774900793650794	0.78	0.00310077519379845	0.125
NA	0.5575	1	NA	0.02
NA	0.75331860486159	0.712856307778908	0.00173160173160173	0.00344273121428776
NA	0.861111111111111	1	0.00833333333333333	NA
NA	0.523958333333333	0.666666666666667	0.0104166666666667	0.0125
NA	0.797736625514403	1	NA	0.0170833333333333
NA	0.94394708994709	1	0.00113960113960114	0.00317460317460317
NA	0.797222222222222	0.6	0.00219298245614035	0.0771604938271605
NA	0.735648148148148	1	0.0162451798045018	NA
NA	0.816148589065256	1	0.0152648221343874	0.00909090909090909
NA	0.9	0.75	0.0104166666666667	NA
NA	0.400694444444444	0.530439579317484	0.0294372294372294	0.111111111111111
NA	0.833333333333333	1	0.00232558139534884	NA
NA	1	0.895833333333333	0.0131805863513181	0.0376984126984127
NA	0.602222222222222	0.546296296296297	NA	0.00888888888888888
NA	0.450748299319728	0.51	0.00222222222222222	0.0125
NA	0.608791336114865	0.737777777777778	0.0382484685456738	0.015223624112513
NA	NA	1	NA	0.0555555555555556
NA	1	1	0.0253456221198157	0.00714285714285714
NA	0.568518518518519	1	0.00628930817610063	NA
NA	0.634259259259259	1	0.00333333333333333	NA
NA	0.880830450111496	1	NA	0.00458089668615985
NA	0.594780967942733	0.958333333333333	0.00354609929078014	0.0416666666666667
NA	0.609561950032538	1	0.0013745704467354	NA
NA	0.877777777777778	1	0.0952380952380952	0.0555555555555556
NA	0.85	0.679166666666666	0.00157894736842105	0.025
NA	1	1	0.0244513183090293	NA
NA	0.773148148148148	0.509876543209876	0.00490196078431373	0.0902777777777779
NA	0.661111111111111	1	0.0164646464646465	0.0555555555555556
NA	0.503510101010101	0.639297385620915	0.00449346405228758	0.25
NA	0.661835265124739	0.656666666666667	NA	0.00217338217338217
NA	1	0.958333333333333	0.00740740740740741	NA
NA	0.904645502645503	0.666666666666667	0.00175438596491228	NA
NA	0.92	1	0.00303030303030303	NA
NA	0.876488578482212	0.714527324527324	0.00122324159021407	0.00526002506265663
NA	0.578333333333333	1	NA	0.00444444444444444
NA	0.861111111111111	1	0.00775193798449612	NA
NA	0.502071428571429	0.666666666666667	0.0018348623853211	0.025
NA	0.8025	0.505	0.0161081081081081	NA
NA	0.698178270187558	0.666666666666667	NA	0.0134680134680135
NA	0.609708994708995	1	0.0269663288656424	0.0277281746031746
NA	0.75	0.527777777777778	NA	0.0462962962962963
NA	0.81139546727782	0.583333333333333	0.00133597883597884	NA
NA	0.428678876678877	0.54898538961039	NA	0.02625
NA	0.01875	0.5125	0.143433376558376	0.025
NA	0.633486085065032	0.593174603174603	0.085029613835584	0.00634920634920635
NA	0.523346914523385	0.888888888888889	NA	0.0231481481481481
NA	0.823162878787879	0.5625	NA	0.00625
NA	0.644444444444444	0.638888888888889	0.0215359556856791	0.0185185185185185
NA	0.528333333333333	0.5125	0.0508955159466575	0.0915426587301587
NA	0.682336182336182	0.560185185185185	0.00151515151515152	NA
NA	0.609375	1	0.0427188552188553	0.0231481481481482
NA	0.845486111111111	0.583333333333333	0.0670678914581354	0.0208333333333333
NA	0.814814814814815	1	NA	0.0555555555555556
NA	0.474027777777778	0.686111111111111	0.0928571428571429	0.025
NA	0.252113095238095	0.598919786096257	0.00340909090909091	0.0314012619933672
NA	0.142945487881672	0.666516114491774	0.00109289617486339	0.00185185185185185
NA	0.907446730829084	0.977777777777778	0.00200617283950618	0.0175828460038986
NA	0.666666666666667	1	0.00566893424036282	NA
NA	0.718253968253968	0.75	0.00142857142857143	NA
NA	0.666666666666667	0.527777777777778	NA	0.0416666666666667
NA	0.658721340388007	0.506122448979592	0.00258033769063181	0.0282816442816443
NA	0.861111111111111	1	NA	0.0125
NA	0.569437414437414	0.506410256410256	NA	0.0185185185185185
NA	NA	1	0.016025641025641	0.0925925925925927
NA	0.62037037037037	0.595008912655971	NA	0.0231481481481482
NA	0.761904761904762	1	0.0116162103227224	NA
NA	NA	1	0.0564284017552995	NA
NA	1	0.822222222222222	0.0359048464642072	NA
NA	0.869047619047619	1	NA	0.0416666666666667
NA	0.64526455026455	0.572425903167591	0.000865800865800866	0.00509259259259259
NA	0.794444444444445	1	0.0488315696649031	0.0242684610075914
NA	0.833333333333333	1	NA	0.0682828282828284
NA	0.655246913580247	0.513888888888889	NA	0.0185185185185185
NA	0.649305555555556	1	NA	0.0555555555555556
NA	0.75	0.6	0.00252525252525253	NA
NA	0.909615384615385	0.505555555555556	0.00659090909090909	0.00833333333333333
NA	0.736654581610722	0.616666666666666	NA	0.0138888888888889
NA	0.642824074074074	1	NA	0.0552248677248677
NA	1	1	0.011417004048583	NA
NA	0.756944444444444	1	0.00606060606060606	0.0555555555555556
NA	0.633531746031746	0.604166666666667	0.0529680774748924	0.0416666666666667
NA	0.454695767195767	1	0.0072463768115942	NA
NA	0.623456790123457	1	NA	0.0111111111111111
NA	0.787037037037037	0.641203703703704	0.0890852974186307	0.0314814814814815
NA	NA	1	0.00757575757575758	NA
NA	0.805	1	0.09133479478748	0.0125
NA	0.665199615199615	0.638888888888889	0.176158217167296	0.0601851851851852
NA	0.699287749287749	0.541666666666667	0.0226608187134503	NA
NA	1	1	NA	0.00317460317460317
NA	0.537847222222222	0.527777777777778	0.00520833333333333	NA
NA	0.644227994227994	1	0.0386690599229302	0.12962962962963
NA	1	0.513888888888889	0.0814028583709437	0.0231481481481482
NA	0.610863177289545	0.502083333333333	0.000512820512820513	0.0309750566893424
NA	0.926666666666667	1	0.00630952380952381	NA
NA	NA	1	NA	0.0555555555555556
NA	0.62445987654321	0.513888888888889	0.217777777777778	0.0569444444444445
NA	0.718888888888889	1	NA	0.0111111111111111
NA	0.688333333333333	0.506944444444444	0.00297619047619048	0.133333333333333
NA	0.541111111111111	0.6	0.00258095662507427	0.0674603174603174
NA	0.846941946941947	0.631355311355311	0.00114942528735632	0.0125
NA	1	1	0.00641025641025641	0.037037037037037
NA	0.866319444444444	1	0.00264423076923077	0.0326797385620915
NA	0.898148148148148	1	0.0951163419913418	NA
NA	1	1	0.00256410256410256	NA
NA	1	0.888888888888889	0.0316091954022988	NA
NA	1	1	0.00364583333333334	0.125
NA	0.751462585034014	0.577884615384616	0.0151515151515152	0.0125
NA	0.86031746031746	0.958333333333333	NA	0.0138888888888889
NA	0.636233465608466	0.584772727272727	0.0048941798941799	NA
NA	0.693296703296703	1	0.0033179012345679	0.02
NA	0.8125	1	0.0215710215710216	0.00833333333333333
NA	0.74875	0.541034798534799	0.0686454849498328	NA
NA	0.756944444444444	0.75	NA	0.0694444444444444
NA	0.468827838827839	1	0.00102564102564103	0.06
NA	0.689980158730159	1	0.00736607142857142	0.0333333333333333
NA	1	0.513888888888889	NA	0.0555555555555556
NA	0.9	0.666666666666667	NA	0.0208333333333333
NA	0.574920634920635	1	0.0209113762054938	0.00666666666666667
NA	0.616955782312925	1	0.00523809523809524	0.0125
NA	0.77230873550318	0.670192307692308	NA	0.0555555555555556
NA	0.67830019187162	0.530018674136321	0.0398759186549884	0.00648148148148148
NA	0.884030612244898	0.634391534391534	0.0067798132183908	0.0555555555555556
NA	1	1	0.0166666666666667	NA
NA	0.875	1	0.00462962962962963	0.0277777777777778
NA	0.994047619047619	0.509259259259259	0.0432539682539682	0.0416666666666667
NA	0.547724853506888	0.501587301587302	0.447832939322301	0.0115512820512821
NA	0.505694444444444	0.583333333333333	0.00476190476190476	0.00666666666666667
NA	1	0.722222222222222	0.0133333333333333	0.0128205128205128
NA	0.749413580246914	0.805555555555555	0.00561797752808989	0.0166666666666667
NA	0.61183636964887	0.534110856463798	0.000966183574879227	0.00782233250620348
NA	0.877178130511464	1	0.0049224574101556	NA
NA	0.697592592592593	0.523611111111111	0.00377358490566038	NA
NA	0.646972703222703	0.53042328042328	0.00308641975308642	NA
NA	0.589679317449627	1	0.000793650793650794	0.00444444444444444
NA	1	1	0.0175213675213675	NA
NA	0.625	0.513888888888889	0.0243581303489138	0.0555555555555556
NA	0.76	0.744338624338624	0.000537634408602151	0.00266666666666667
NA	0.670996888732183	0.5625	NA	0.0138746438746439
NA	0.643813131313131	1	NA	0.0277777777777778
NA	0.528072344322344	1	0.00344827586206897	0.00888888888888889
NA	0.448412698412698	1	0.00432900432900433	0.0398148148148148
NA	0.514992535870364	0.567022363601311	NA	0.00694444444444444
NA	0.827380952380952	1	0.00701515151515153	NA
NA	1	1	0.0691244239631336	NA
NA	1	1	0.0666605143349331	NA
NA	0.857703081232493	1	0.00140350877192982	NA
NA	0.507440476190476	0.513888888888889	0.0040650406504065	0.0555555555555556
NA	0.728608058608059	1	0.00189716312056738	NA
NA	0.615654761904762	0.51	0.0112874779541446	NA
NA	0.802222222222222	0.893054353054353	0.00112994350282486	0.00555555555555555
NA	1	1	NA	0.0666666666666667
NA	1	1	0.00769230769230769	0.0833333333333333
NA	1	1	0.0253623188405797	0.0158333333333333
NA	0.341666666666667	0.589583333333333	0.00327868852459016	NA
NA	0.638888888888889	1	0.00793650793650794	NA
NA	0.979166666666667	0.595833333333333	NA	0.0416666666666667
NA	0.645061728395062	0.666666666666667	0.0555555555555556	NA
NA	0.527777777777778	0.916666666666667	0.0833333333333333	0.0555555555555556
NA	NA	0.75	0.00484848484848485	NA
NA	0.576160248674869	0.658833889422125	NA	0.00833333333333333
NA	0.760855638188972	0.500793650793651	0.00495249646250252	NA
NA	0.718302068302068	0.506410256410256	NA	0.0555555555555556
NA	0.833333333333333	1	0.00297619047619048	NA
NA	0.612152777777778	1	0.0333333333333333	NA
NA	0.0133333333333333	1	NA	0.0133333333333333
NA	0.387573913049096	0.644582946797103	0.122183583227273	0.00936819172113289
NA	0.784548611111111	0.688888888888889	0.0421717171717172	0.025
NA	0.759259259259259	1	0.0131313131313131	0.166666666666667
NA	0.336007122507123	1	NA	0.0360897435897436
NA	0.858095238095238	1	0.000833333333333333	0.0122222222222222
NA	0.888888888888889	1	0.000628930817610063	NA
NA	0.913376623376623	0.504166666666667	0.022091656334665	0.0430555555555556
NA	0.689684210526316	0.501190476190476	0.000850194737342072	NA
NA	0.458547008547009	0.677777777777778	0.182494758909853	0.00825717492384159
NA	0.666666666666667	0.55952380952381	0.0157563025210084	NA
NA	0.740357142857143	0.600277777777778	NA	0.0883333333333335
NA	NA	1	0.0221125730994152	NA
NA	0.952380952380952	1	0.114357864357864	0.0555555555555556
NA	0.5125	0.529166666666667	0.000962111536824182	0.025
NA	1	1	0.00508905852417303	0.00728343625185731
NA	0.685185185185185	0.833333333333333	0.00282485875706215	NA
NA	0.644642857142857	1	0.056375227686703	NA
NA	0.98989898989899	0.520833333333333	0.00427350427350427	0.0416666666666667
NA	0.645311038168181	1	NA	0.0311769005847953
NA	0.534411421911422	1	0.0833333333333333	0.0623842592592593
NA	0.464681651121045	0.500320512820513	0.00148723176246112	0.00303030303030303
NA	0.723611111111111	1	0.00716796152423234	NA
NA	1	0.564738562091503	0.00793650793650794	0.0133333333333333
NA	0.450255847953216	0.666666666666667	0.00694444444444444	0.0138888888888889
NA	0.861701388888889	0.833333333333333	0.00175438596491228	0.0333333333333333
NA	0.726666666666667	0.763888888888889	0.0166666666666667	NA
NA	0.833333333333333	1	0.0218550106609808	0.166666666666667
NA	0.738425925925926	0.569444444444445	0.00401606425702811	0.0138888888888889
NA	0.896685773074662	0.888888888888889	0.0166666666666667	0.0555555555555556
NA	0.657407407407407	0.550925925925926	NA	0.037037037037037
NA	0.873459615564634	0.552222222222222	0.00390551477507999	0.00246913580246914
NA	0.841269841269841	1	0.00282485875706215	0.0515873015873016
NA	0.865867768595041	1	0.039450404667796	0.0768229166666667
NA	0.513075443075443	1	NA	0.015625
NA	1	0.933333333333333	0.00526315789473684	NA
NA	1	1	0.00714285714285714	NA
NA	1	1	0.0151515151515152	0.0133333333333333
NA	0.775555555555556	1	NA	0.0555555555555556
NA	0.974920634920635	0.504761904761905	NA	0.0119929453262786
NA	1	1	0.0277777777777778	0.166666666666667
NA	0.480555555555556	1	NA	0.0277777777777778
NA	0.490740740740741	1	0.0136437908496732	0.00999999999999998
NA	0.754166666666667	1	NA	0.0833333333333333
NA	0.834722222222222	1	NA	0.01125
NA	0.468703703703704	0.702777777777778	NA	0.0555555555555556
NA	1	1	0.00294117647058824	NA
NA	1	1	0.0608465608465608	NA
NA	0.579230900272567	1	NA	0.0324074074074074
NA	0.911111111111111	1	0.00232558139534884	NA
NA	0.566666666666667	0.518518518518519	NA	0.0333333333333333
NA	0.928571428571429	1	NA	0.0170833333333333
NA	1	1	0.00125786163522013	0.0133333333333333
NA	0.358024691358025	1	NA	0.0277777777777778
NA	0.451563251563252	0.583333333333333	0.0108225108225108	0.0555555555555556
NA	0.793751803751804	1	0.0111027756939235	0.00833333333333333
NA	0.775648148148148	1	0.00444444444444444	0.025
NA	0.773730158730159	1	0.0266666666666667	NA
NA	0.676941487735471	0.565387758181258	0.0654101984235608	0.00127004291040032
NA	1	1	NA	0.025
NA	0.942857142857143	0.666666666666667	0.0869565217391304	NA
NA	0.415492063492063	1	0.00246246246246246	0.00774863890805918
NA	0.555555555555556	0.738095238095238	NA	0.0555555555555556
NA	1	0.682246642246642	0.0208333333333333	NA
NA	0.638888888888889	0.966666666666667	0.0110735930735931	NA
NA	0.469313897907648	0.504166666666667	0.00476190476190476	NA
NA	0.791666666666667	0.666666666666667	0.158443070714876	0.0324074074074074
NA	0.634993192222294	1	NA	0.0812962962962963
NA	0.9375	0.591269841269841	0.00374531835205993	0.0666666666666667
NA	0.693631867395112	1	0.00763760049474335	0.00446545284780579
NA	0.759259259259259	1	NA	0.0666666666666667
NA	0.888888888888889	1	0.00318963532932163	NA
NA	0.248767006802721	0.638888888888889	0.0888145670754366	NA
NA	0.795466914038343	1	NA	0.0319444444444445
NA	0.974074074074074	1	0.00227272727272727	NA
NA	0.875	0.555555555555555	NA	0.01
NA	0.655381944444445	0.587962962962963	NA	0.0462962962962963
NA	NA	0.516666666666667	0.0666666666666667	NA
NA	0.936312169312169	1	0.00111111111111111	NA
NA	0.279166666666667	0.527777777777778	0.00610269360269361	NA
NA	0.822222222222222	0.541666666666667	NA	0.0555555555555556
NA	0.606904761904762	0.571296296296296	NA	0.0937500000000002
NA	0.5	0.777142857142857	0.00166666666666667	NA
NA	1	1	NA	0.0277777777777778
NA	0.804025974025974	1	NA	0.02
NA	1	1	0.0160615644107105	NA
NA	0.698888888888889	1	0.00555555555555555	NA
NA	0.668518518518519	0.656666666666667	NA	0.00606060606060606
NA	0.644444444444444	1	0.0623809523809524	0.0694444444444445
NA	0.916666666666667	1	0.0238095238095238	NA
NA	0.695233248801024	0.859523809523809	NA	0.00666666666666667
NA	0.591428571428572	0.583333333333333	0.00463157894736842	0.0346085858585859
NA	0.384657034351605	0.611930789665123	0.00699402268029719	0.00622710622710624
NA	0.731160516697003	0.504761904761905	0.00495328154902623	0.154285714285714
NA	0.545084670231729	0.759722222222222	0.0307539682539683	0.0208333333333333
NA	0.805714285714286	1	NA	0.0180555555555556
NA	0.387845441394977	0.502564102564103	0.000865800865800866	0.00368686868686869
NA	1	1	0.0138888888888889	0.111111111111111
NA	0.585925925925926	0.666666666666667	0.0187554039379597	NA
NA	0.714027777777778	1	NA	0.0072463768115942
NA	0.75	1	0.0239910147373478	NA
NA	0.948412698412698	1	0.0106837606837607	NA
NA	0.951	0.566666666666667	0.00666666666666667	0.0111111111111111
NA	0.722222222222222	0.583333333333333	0.00490196078431373	NA
NA	0.710714285714286	1	0.000623052959501558	0.00300925925925926
NA	0.827469135802469	0.520833333333333	0.0535588436998289	0.166666666666667
NA	0.67043255790895	0.576956746956747	0.00136738666913878	0.00396825396825396
NA	0.665674603174603	0.523268398268398	0.0121951219512195	NA
NA	0.727777777777778	0.554563492063492	0.0357670221493027	0.0739735958485958
NA	0.504166666666667	0.66875	0.0231355333356888	NA
NA	0.864718614718615	1	0.0155038759689922	0.0555555555555556
NA	0.693003210780988	0.539173789173789	0.0707377751738654	0.0593347003873318
NA	0.61962962962963	0.583333333333333	0.0254545454545455	0.0462962962962963
NA	0.863469785575049	0.65	0.0173544973544974	0.00951851851851852
NA	1	1	0.00219298245614035	NA
NA	0.663885616924833	0.639213800904977	0.0513785035486027	NA
NA	NA	1	0.00984845427734568	0.143790849673203
NA	0.880144361811029	0.544142771503247	0.00119047619047619	0.005
NA	0.609027777777778	0.666666666666667	0.0195970695970696	0.0375
NA	0.810620490620491	0.834871794871795	0.121543027268935	0.00909090909090909
NA	0.875	1	0.0368158612379503	NA
NA	0.529126984126984	0.53030303030303	0.00392156862745098	0.0125
NA	0.803240740740741	1	0.0404761904761905	NA
NA	0.63125	1	0.00869565217391304	0.116666666666667
NA	0.680555555555556	1	0.044626458178208	NA
NA	0.819587343873058	1	0.000757575757575758	0.00476190476190476
NA	0.810606060606061	0.541666666666667	0.015625	0.0555555555555556
NA	1	0.888888888888889	0.0161290322580645	NA
NA	0.823232323232323	0.666666666666667	0.04610254268149	0.0145061728395062
NA	0.852011784511784	1	0.00196078431372549	0.00894044227377561
NA	0.662878787878788	0.679166666666666	NA	0.025
NA	0.904393939393939	1	0.0288874430709174	0.0583333333333333
NA	0.604673721340388	0.954285714285714	0.00104166666666667	NA
NA	0.692997685185185	0.506172839506173	0.0308641975308642	0.0396825396825397
NA	1	1	0.0151072124756335	0.0555555555555556
NA	1	1	0.000584795321637427	NA
NA	0.800833333333333	1	0.00192307692307692	0.0104166666666667
NA	0.955555555555555	1	0.0277777777777778	NA
NA	0.81547619047619	0.511904761904762	0.00674603174603174	NA
NA	0.644873222016079	0.607186147186147	0.222222222222222	0.0183823529411765
NA	0.566412476412476	0.568636363636363	0.0179603235747304	NA
NA	0.446944444444444	0.504166666666667	0.0608920827063243	0.0208333333333333
NA	0.526190476190476	0.817592592592593	0.191965566714491	0.025
NA	0.658950617283951	1	NA	0.0277777777777778
NA	0.495791245791246	0.550925925925926	0.0562983399358612	0.0277777777777778
NA	0.478619997205523	0.664888888888889	NA	0.0511184012960085
NA	0.617504409171076	1	NA	0.0555555555555556
NA	0.766728835978836	0.931666666666667	0.000454741645085707	0.00357142857142857
NA	0.891005291005291	1	0.00674603174603175	0.0117948717948718
NA	0.753472222222222	0.910107085896559	NA	0.00444444444444444
NA	0.553476230559564	0.603174603174603	0.00900900900900901	0.0162037037037037
NA	0.523563364739835	0.611111111111111	0.00476190476190476	0.166666666666667
NA	0.694444444444445	1	0.0277777777777778	NA
NA	0.685185185185185	0.976190476190476	NA	0.0555555555555556
NA	0.675925925925926	0.755952380952381	0.0702915574832083	NA
NA	0.833333333333333	1	0.0036231884057971	0.138888888888889
NA	0.600381823563642	1	NA	0.0156084656084656
NA	0.802666666666667	0.504444444444444	0.0953542223128055	NA
NA	0.306944444444444	0.777142857142857	NA	0.0333333333333333
NA	1	1	0.0222090633787584	NA
NA	1	1	0.0104166666666667	0.0185185185185185
NA	0.515	0.772893772893773	0.0230594649949489	0.166666666666667
NA	0.672839506172839	1	0.0998449612403101	NA
NA	0.894923258559622	1	0.0333333333333333	0.0185185185185185
NA	1	1	NA	0.0708333333333335
NA	0.636363636363636	1	0.00925925925925926	NA
NA	1	1	0.0407407407407407	0.0231481481481482
NA	0.943582354464707	0.75047619047619	0.00550213675213675	0.0037037037037037
NA	0.726388888888889	0.555555555555555	0.259259259259259	0.0597222222222223
NA	1	1	NA	0.0555555555555556
NA	0.561851851851852	1	0.00470653377630121	0.0208333333333333
NA	0.712179487179487	1	NA	0.087660533910534
NA	0.54912740287885	0.60978354978355	0.0165875142307244	0.00367063492063492
NA	0.972116772116772	0.664001358119005	NA	0.00740740740740741
NA	1	1	0.037037037037037	NA
NA	0.424090007215007	0.6625	0.00160642570281125	NA
NA	0.793650793650794	1	0.00526315789473684	0.037037037037037
NA	0.71702380952381	1	NA	0.0142857142857143
NA	0.936785714285714	0.531695156695157	0.00463274932614556	0.037037037037037
NA	0.749523809523809	0.50625	0.116666666666667	0.012760334903192
NA	1	1	0.00136054421768707	NA
NA	0.833333333333333	0.666666666666667	0.0843491507941276	NA
NA	0.585841485674819	0.5015625	0.0115350644762409	0.011358024691358
NA	1	1	0.00813008130081301	NA
NA	NA	1	0.0120651409403235	NA
NA	1	1	0.0833333333333333	NA
NA	0.498242630385487	0.569444444444444	0.00555555555555556	NA
NA	0.775396825396825	1	NA	0.00833333333333333
NA	0.848021978021978	0.973063973063973	0.0108169934640523	0.0024103468547913
NA	0.522222222222222	1	0.046969696969697	NA
NA	0.506267806267806	0.641161616161616	0.00169491525423729	NA
NA	0.646991341991342	1	NA	0.0133333333333333
NA	1	0.685185185185185	0.0196428571428571	NA
NA	0.645252525252525	0.966666666666667	0.00294117647058824	NA
NA	0.799382716049383	1	0.00769230769230769	NA
NA	0.976111111111111	1	0.000628930817610063	0.00621722472097285
NA	0.624183006535948	0.617283950617284	0.00976874003189795	NA
NA	0.314247890789244	0.888571428571429	NA	0.00833333333333333
NA	0.630208333333333	0.508547008547009	0.0426135136069413	0.033641975308642
NA	0.767283950617284	0.822222222222222	NA	0.0555555555555556
NA	0.534320187641481	0.888888888888889	0.00357142857142857	NA
NA	1	1	0.00497512437810945	NA
NA	0.627857142857143	0.50625	0.003125	0.0125
NA	0.705	1	0.00120481927710843	NA
NA	0.395319981677448	0.568636363636364	NA	0.0178104575163399
NA	0.822222222222222	0.958333333333333	NA	0.0435185185185185
NA	0.636	0.997777777777778	0.0416666666666667	0.0477777777777778
NA	0.638888888888889	0.569444444444444	0.00416666666666667	0.0277777777777778
NA	0.345833333333333	1	0.0021978021978022	NA
NA	0.801243386243386	1	0.00222222222222222	0.0169231791600213
NA	1	1	0.00230646871686108	0.01
NA	0.9375	0.638888888888889	0.00832946815089674	0.0243055555555556
NA	0.944444444444444	0.536111111111111	NA	0.00666666666666667
NA	0.851851851851852	0.75	0.26610219845514	0.0510912698412699
NA	0.857142857142857	1	0.0246268091232856	NA
NA	0.742930402930403	0.672542735042735	0.0892468699333455	NA
NA	0.815277777777778	1	0.00268817204301075	0.0277777777777778
NA	0.452991452991453	0.527777777777778	NA	0.0972222222222223
NA	0.806196087862755	0.699573934837093	0.00202020202020202	0.00337606837606838
NA	0.59578431372549	1	0.00333333333333333	0.0166666666666667
NA	0.835648148148148	1	0.116337490447017	0.0555555555555556
NA	0.592255651854582	0.94952380952381	NA	0.00219001610305958
NA	0.938383838383838	1	0.0240977443609022	0.0353535353535354
NA	0.699897119341564	0.526351229655827	NA	0.0555555555555556
NA	0.818434343434343	1	0.00285714285714286	NA
NA	0.556676286676287	1	0.00653417645287564	0.00520833333333333
NA	0.875	0.577402777777778	0.00175438596491228	NA
NA	0.63146842575414	0.603422873422873	0.00542191676212295	NA
NA	0.577423340548341	0.568518518518519	0.0745567169957414	0.0058080808080808
NA	0.888541666666667	1	0.0762527233115468	NA
NA	0.705555555555555	0.6	NA	0.0333333333333333
NA	0.808333333333333	1	0.00340136054421769	NA
NA	0.791848657614104	0.692103174603174	0.0119349293185874	0.00238714362686532
NA	1	1	0.0842164979453956	NA
NA	0.9375	1	0.00416666666666667	0.0111111111111111
NA	1	0.666666666666667	0.00892857142857143	NA
NA	1	0.666666666666667	NA	0.01
NA	0.668121693121693	1	0.000701754385964912	0.00416666666666667
NA	1	1	NA	0.025
NA	1	1	0.00872548626964101	NA
NA	0.738657407407407	0.527777777777778	0.0176767676767677	NA
NA	1	1	0.00169491525423729	NA
NA	1	0.638888888888889	0.00361059623107816	NA
NA	0.643162393162393	0.808994708994709	0.0644014550264548	0.0833333333333333
NA	0.632638888888889	1	0.00340136054421769	0.044675925925926
NA	0.537861986631483	0.767283950617284	NA	0.00390209213738625
NA	0.858333333333333	1	NA	0.0416666666666667
NA	0.624074074074074	0.944444444444444	0.0783475783475783	NA
NA	0.540138888888889	0.765476190476191	0.0157622739018088	NA
NA	0.347240806331715	0.668553126727279	0.0447926742083351	0.0266203703703704
NA	0.75287037037037	0.527777777777778	0.00210970464135021	NA
NA	0.634265454515344	1	0.0032520325203252	NA
NA	0.605501089324619	1	0.020385932150638	0.0277777777777778
NA	0.916666666666667	1	0.00980392156862745	NA
NA	0.533859949574235	0.792583086497894	0.0139354838709677	0.0018018018018018
NA	0.44016339869281	0.545454545454545	NA	0.00666666666666667
NA	0.484571428571429	0.679166666666667	0.00526315789473684	NA
NA	0.770833333333333	1	0.0542735042735043	0.111111111111111
NA	0.762337662337662	1	0.00512820512820513	0.0119047619047619
NA	0.773214285714286	1	NA	0.005
NA	0.708743686868687	0.729166666666667	0.00138888888888889	NA
NA	0.585956790123457	1	0.00111111111111111	NA
NA	1	1	0.0820504813947436	NA
NA	0.618174603174603	1	NA	0.0166666666666667
NA	0.665845265845266	0.546031746031746	NA	0.00328599275967697
NA	0.745322098536384	0.958333333333333	NA	0.0555555555555556
NA	0.609409849409849	0.545238095238095	0.00072463768115942	NA
NA	0.59515873015873	1	0.00155038759689922	0.0133333333333333
NA	0.493472222222222	0.8	0.133321075125854	0.0790162037037038
NA	1	0.531481481481482	0.13047619047619	0.0196428571428571
NA	0.833333333333333	1	NA	0.0185185185185185
NA	NA	0.625	0.00283687943262411	NA
