	CCP	CCP	CCP	CCP	CCP	CCP	CCP	CCP	CCP	CCP	CCP	CCP	CCP	CCP	CCP	CCP	CCP	CCP	CCP	CCP	CCP	CCP	CCP	CCP	CCP	CCP	CCP	CCP	CCP	CCP	NP	NP	NP	NP	NP	NP	NP	NP	NP	NP	NP	NP	NP	NP	NP	NP	NP	NP	NP	NP	NP	NP	NP	NP	NP	NP
chr10:114807535-114807675	NA	1	NA	NA	NA	NA	NA	NA	NA	NA	NA	NA	NA	0.866666666666667	0.466666666666667	0.523809523809524	0.644444444444444	0.875	0.6	0.458333333333333	0.462962962962963	0.222222222222222	0.605128205128205	0.5	0.5	0.476190476190476	0.5	0.916666666666667	0.538461538461538	0.933333333333333	NA	NA	NA	NA	NA	NA	NA	0.230555555555556	0.0833333333333333	0.230555555555556	0.0952380952380952	0.747474747474748	0.0833333333333333	0.194444444444444	0.0952380952380952	0.194444444444444	0.747474747474748	0.365079365079365	0.236111111111111	0.650793650793651	0	0.2	0.111111111111111	0	0.663678749671658	0.591908312620823
chr10:127615025-127615243	NA	NA	NA	NA	NA	NA	NA	NA	NA	NA	NA	NA	NA	1	0.25	0.5	1	1	0.75	0.5	0.285714285714286	0.5	NA	NA	0	0.5	1	0.666666666666667	0.5	1	NA	NA	NA	NA	NA	NA	NA	0.0344827586206897	0.198830409356725	0.0344827586206897	0.15906432748538	0.414814814814815	0.198830409356725	0.339869281045752	0.15906432748538	0.339869281045752	0.414814814814815	0.2	0.0714285714285714	0.235897435897436	0.484848484848485	0.289473684210526	0.523809523809524	0.157738095238095	0.264150943396226	0.0217391304347826
chr10:129536877-129536891	NA	NA	NA	NA	NA	NA	NA	0	NA	NA	NA	NA	NA	0.413615857826384	0.615146944558709	0.197742504409171	1	0.333333333333333	0.75650623885918	1	1	0.399430512016719	0.793333333333333	0.277777777777778	1	1	NA	0.0838095238095238	0.56	1	1	NA	NA	NA	NA	NA	NA	0.173333333333333	0	0.173333333333333	0.0200501253132832	0.173333333333333	0	0.0740740740740741	0.0200501253132832	0.0740740740740741	0.173333333333333	0.535311355311355	0	0.627777777777778	0.42	0.535311355311355	0.0433333333333333	0	0.193116645560715	0.2259839785409
chr10:15429765-15429907	NA	NA	NA	NA	NA	NA	NA	NA	NA	NA	NA	NA	NA	0.205128205128205	0.5	0.666666666666667	0.5	0.142857142857143	0.666666666666667	0.5	0.944444444444445	0.866666666666667	0.5	0.5	0.333333333333333	1	1	1	0.875	1	NA	NA	NA	NA	NA	NA	NA	0.346153846153846	0.0909090909090909	0.346153846153846	0.471794871794872	0.365079365079365	0.0909090909090909	0.166666666666667	0.471794871794872	0.166666666666667	0.365079365079365	0.25	0.256944444444444	0.434343434343434	0.523809523809524	0.476190476190476	0.166666666666667	0.111111111111111	0.661163522012579	0.810266406757635
chr10:18299821-18299985	NA	NA	NA	NA	1	1	NA	0	NA	NA	NA	NA	NA	0.25	1	0.666666666666667	0.5	0.714285714285714	0.5	0.666666666666667	0.75	0.5	1	0.5	0	1	0.5	0.333333333333333	0.75	NA	0	NA	NA	NA	NA	NA	NA	0.317460317460317	0.916666666666667	0.317460317460317	0.0952380952380952	0.0769230769230769	0.916666666666667	0.21025641025641	0.0952380952380952	0.21025641025641	0.0769230769230769	0.0833333333333333	0.111111111111111	0.110294117647059	0.125	0	0.0666666666666667	0.133333333333333	0.272401433691756	0.404301075268817
chr10:57112776-57112917	NA	NA	NA	NA	NA	NA	NA	NA	NA	NA	NA	NA	NA	0.944444444444445	0.5	1	1	0.916666666666667	0.5	1	0.8	0.5	0.666666666666667	0.333333333333333	1	1	1	0.5	0.125	0.5	NA	NA	NA	NA	NA	NA	NA	0.388888888888889	0.111111111111111	0.388888888888889	0.216666666666667	0.471794871794872	0.111111111111111	0.357142857142857	0.216666666666667	0.357142857142857	0.471794871794872	0.166666666666667	0.666666666666667	0.208333333333333	0.114285714285714	0.166666666666667	0.555555555555555	0.166666666666667	0.318181818181818	0.109876543209877
chr10:7530600-7530728	0.23	0.166666666666667	0	0.0277777777777778	1	0.0555555555555556	1	0	NA	0	NA	NA	NA	0.244444444444444	0.407407407407407	0.388888888888889	0.166666666666667	0.355555555555556	0.694444444444444	0.422222222222222	0.546666666666667	0.533333333333333	0.677777777777778	0.388888888888889	0.23015873015873	0.347222222222222	0.388888888888889	0.0666666666666667	0.398148148148148	0.916666666666667	0.025	0	NA	NA	NA	NA	NA	0.155	0.0235294117647059	0.155	0.0819444444444444	0.101010101010101	0.0235294117647059	0.325577200577201	0.0819444444444444	0.325577200577201	0.101010101010101	0.153888888888889	0.037037037037037	0.5	0.132478632478632	0	0.3	0.166666666666667	0.0583703106091166	0.0432748538011696
chr10:90761628-90761750	NA	NA	NA	NA	NA	1	NA	NA	NA	NA	NA	NA	NA	0.422222222222222	0.875	0.622222222222222	0.434343434343434	0.545454545454545	0.166666666666667	0.25	0.547619047619048	0.407407407407407	0.153846153846154	0.523809523809524	1	0.622222222222222	0.133333333333333	0.888888888888889	0.958333333333333	0.166666666666667	NA	NA	NA	NA	NA	NA	NA	0.110294117647059	0.5	0.110294117647059	0.222222222222222	0.110294117647059	0.5	0.318181818181818	0.222222222222222	0.318181818181818	0.110294117647059	0.142857142857143	0.240476190476191	0.0357142857142857	0.388888888888889	0.133333333333333	0.125	0.166666666666667	0.423376623376623	0.436201445347787
chr10:95270990-95271181	1	NA	NA	0	1	NA	1	NA	NA	NA	NA	NA	NA	0.8	1	0.6	1	0.5	0.666666666666667	0.666666666666667	0.5	0.5	0.666666666666667	0.333333333333333	0	1	0.5	0	0.5	NA	NA	0	NA	NA	NA	NA	NA	0.166666666666667	0.2	0.166666666666667	0.348484848484848	0	0.2	0.151515151515152	0.348484848484848	0.151515151515152	0	0.166666666666667	0.166666666666667	0.133333333333333	0.3	0	0	0.0833333333333333	0.228070175438597	0.736111111111111
chr11:112705142-112705230	0	0.0833333333333333	0.0714285714285714	NA	0.25	0.277777777777778	0	0.333333333333333	NA	0.5	NA	1	0	0.407407407407407	0.388888888888889	0.294871794871795	0.111111111111111	0.458333333333333	0.809523809523809	0.235897435897436	0.592592592592593	0.634920634920635	0.272222222222222	0.476190476190476	0.476190476190476	1	0.888888888888889	0.5	0.944444444444445	0.166666666666667	0	0.111111111111111	NA	NA	NA	NA	NA	0.125	0.0416666666666667	0.125	0.305555555555556	0.430555555555556	0.0416666666666667	0	0.305555555555556	0	0.430555555555556	0.152777777777778	0.0641025641025641	0.130952380952381	0.5	0.0333333333333333	0.166666666666667	0.166666666666667	0.207308377896613	0.0958605664488017
chr11:120209484-120209605	NA	NA	NA	NA	NA	NA	NA	NA	NA	NA	NA	0	NA	0.666666666666667	0.75	0.666666666666667	0.933333333333333	0.5	0.5	0.5	0.5	0.533333333333333	1	0.5	NA	NA	NA	1	0.916666666666667	1	NA	NA	NA	NA	NA	NA	NA	0.213235294117647	0.555555555555555	0.213235294117647	0.203947368421053	0.366946778711485	0.555555555555555	0.275	0.203947368421053	0.275	0.366946778711485	0.135416666666667	0.361111111111111	0.184126984126984	0.518518518518518	0.0833333333333333	0.0833333333333333	0.148148148148148	0.305555555555556	0.0625
chr11:120585097-120585313	NA	NA	NA	NA	NA	NA	NA	0	NA	NA	NA	NA	NA	0.285714285714286	0.666666666666667	0.25	0.5	0.333333333333333	0.6	0.6	0.4	0	0.5	0.75	0.2	0.5	0	0.5	0.5	0.5	NA	NA	NA	NA	NA	NA	NA	0	0	0	0.0634920634920635	0.0740740740740741	0	0.125	0.0634920634920635	0.125	0.0740740740740741	0.2	0.294871794871795	0	0.0952380952380952	0.0333333333333333	0	0.111111111111111	0.492374727668845	0.661111111111111
chr11:123388493-123388711	0.111111111111111	NA	0	0	0.166666666666667	0.166666666666667	0	0	NA	0	NA	NA	NA	0.8	0.857142857142857	0.75	0.777777777777778	1	0.666666666666667	0.875	0.5	0.5	0.8	0.8	0.5	0.4	0.5	0.5	0.777777777777778	0.75	0	0	NA	NA	NA	NA	NA	0.222222222222222	0.111111111111111	0.222222222222222	0.0952380952380952	0.133333333333333	0.111111111111111	0.166666666666667	0.0952380952380952	0.166666666666667	0.133333333333333	0.385714285714286	0.142857142857143	0.571428571428572	0.166666666666667	0.222222222222222	0.142857142857143	0.133333333333333	0.777777777777778	0.259259259259259
chr11:133529311-133529452	NA	NA	NA	NA	NA	NA	NA	NA	NA	NA	NA	NA	NA	0.5	0.666666666666667	1	0	1	0.333333333333333	0.666666666666667	0.5	0.666666666666667	0.75	0.75	1	0	1	0.5	0.5	0.75	NA	NA	NA	NA	NA	NA	NA	0.466666666666667	0.0666666666666667	0.466666666666667	0.166666666666667	0.239393939393939	0.0666666666666667	0.15	0.166666666666667	0.15	0.239393939393939	0.388888888888889	0.0476190476190476	0.166666666666667	0.888888888888889	0.833333333333333	0.5	0.0555555555555556	0.270833333333333	0.0740740740740741
chr11:20632357-20632581	NA	NA	NA	NA	NA	NA	NA	NA	NA	NA	NA	NA	NA	0.833333333333333	0.5	0.666666666666667	0.25	0.5	0.666666666666667	0.833333333333333	0.5	0.8	0.25	0.571428571428571	0.333333333333333	0.666666666666667	0.5	0.5	0.5	0.5	0.166666666666667	NA	NA	NA	NA	NA	NA	0.0333333333333333	0.0833333333333333	0.0333333333333333	0.0555555555555556	0.5	0.0833333333333333	0.677777777777778	0.0555555555555556	0.677777777777778	0.5	0.166666666666667	0.166666666666667	0.833333333333333	0.166666666666667	0.333333333333333	0	0.166666666666667	0.410660038663353	0.455128205128205
chr11:44622621-44622687	NA	NA	NA	NA	NA	NA	NA	NA	NA	NA	NA	NA	NA	0.0740740740740741	0.266666666666667	1	0	0.5	0.5	0.5	0.888888888888889	0.933333333333333	0.25	0.933333333333333	0.933333333333333	NA	1	0.25	0.166666666666667	0.111111111111111	NA	NA	NA	NA	NA	NA	NA	0	0	0	0.111111111111111	0	0	0.5	0.111111111111111	0.5	0	0	0	0.5	0	NA	0	NA	0.0303030303030303	0.0392156862745098
chr11:44649609-44649641	NA	NA	0.277777777777778	NA	NA	NA	0.958333333333333	1	NA	1	NA	NA	NA	0.15	1	1	1	0.182539682539683	0.194444444444444	0.457407407407407	0.657051282051282	0.962962962962963	0.5	0	NA	NA	0.511904761904762	0.5	0.0833333333333333	1	NA	0	NA	NA	0.111111111111111	NA	NA	0.511904761904762	0	0.511904761904762	0	0.614718614718615	0	0.277777777777778	0	0.277777777777778	0.614718614718615	NA	0.293154761904762	0.0666666666666667	0.0555555555555556	NA	0.5	0.037037037037037	0.425462962962963	0.0381263616557734
chr11:45670341-45670390	NA	0	0.166666666666667	0.375	1	1	0.388888888888889	NA	NA	1	NA	NA	NA	0.761904761904762	0.222222222222222	0.133333333333333	0.472222222222222	1	1	0.472222222222222	0.682539682539682	1	0.388888888888889	0.198039215686275	1	0.944444444444445	1	1	0.232323232323232	0.892857142857143	0.166666666666667	NA	NA	NA	NA	0.166666666666667	NA	0.3625	0	0.3625	0.174242424242424	0.358585858585859	0	0.375980392156863	0.174242424242424	0.375980392156863	0.358585858585859	0.605555555555556	0.554166666666667	1	0.0666666666666667	0.0333333333333333	0.0833333333333333	0.533333333333333	0.170764953815801	0.149553790330489
chr11:45674840-45674989	NA	NA	NA	NA	NA	NA	NA	0	NA	NA	NA	NA	NA	0.666666666666667	0.5	0.5	0.75	0.19047619047619	0.5	0.2	0.75	0.166666666666667	0.133333333333333	0.6	0.5	1	0.333333333333333	0.6	1	1	NA	NA	NA	NA	NA	NA	NA	0.114197530864198	0.0277777777777778	0.114197530864198	0.0652173913043478	0.166666666666667	0.0277777777777778	0.0833333333333333	0.0652173913043478	0.0833333333333333	0.166666666666667	0.111111111111111	0.163888888888889	0.111111111111111	0.148148148148148	0.0833333333333333	0	0.0555555555555556	0.0555555555555556	0.0229885057471264
chr11:47611758-47611774	0.277777777777778	1	0.277777777777778	0.277777777777778	0.819444444444445	0.425925925925926	0.166666666666667	0.5	0	0.666666666666667	0.569444444444444	0.422222222222222	0.701388888888889	1	0.541125541125541	0.388888888888889	1	0.759259259259259	1	0.692640692640693	NA	1	NA	0.277777777777778	0.770562770562771	0.333333333333333	1	1	NA	1	0.111111111111111	0.518518518518518	0.0277777777777778	0.37037037037037	0.458333333333333	0.0138888888888889	0.351851851851852	0.322510822510822	NA	0.322510822510822	0	0	NA	0	0	0	0	0.0185185185185185	NA	0.377777777777778	NA	NA	NA	0	0.691547908701193	0.708624294788338
chr11:58875356-58875481	NA	NA	NA	NA	NA	NA	NA	NA	NA	NA	NA	NA	NA	0.833333333333333	0.277777777777778	0	0.166666666666667	0.222222222222222	0.208333333333333	0.233333333333333	0.133333333333333	0.555555555555555	0.25	0.75	0.916666666666667	0.25	0.5	1	0.96969696969697	0.5	NA	NA	NA	NA	NA	NA	NA	0.0208333333333333	0.0555555555555556	0.0208333333333333	0.0238095238095238	0.0277777777777778	0.0555555555555556	0.0384615384615385	0.0238095238095238	0.0384615384615385	0.0277777777777778	0.0416666666666667	0.0925925925925926	0.0833333333333333	1	NA	0	0	0.0101010101010101	0.0151515151515152
chr11:58942368-58942440	NA	NA	NA	NA	NA	NA	NA	NA	NA	NA	NA	NA	NA	0.976190476190476	0.703703703703704	0.656410256410256	0.656410256410256	0.407407407407407	0.388888888888889	0.333333333333333	0.610119047619048	0.0952380952380952	0.888888888888889	0.5	0.952380952380952	0	0.65	0.5	0.527777777777778	0.652777777777778	NA	NA	NA	NA	NA	NA	NA	0.555555555555555	0.111111111111111	0.555555555555555	0.541666666666667	0.154761904761905	0.111111111111111	0.224242424242424	0.541666666666667	0.224242424242424	0.154761904761905	0.140740740740741	0.46031746031746	0.130952380952381	0.266666666666667	0.111111111111111	0.222222222222222	0.0833333333333333	0.13560062381201	0.217171717171717
chr11:60468975-60469068	NA	1	NA	NA	NA	NA	NA	NA	NA	NA	NA	NA	NA	0.351851851851852	0.133333333333333	0.26797385620915	0.944444444444445	0.533333333333333	0.966666666666667	0.277777777777778	0.290196078431373	0.5	0.677777777777778	0.571428571428572	0.133333333333333	1	0.916666666666667	0.6	0.355555555555556	0.0952380952380952	0.166666666666667	NA	NA	NA	NA	NA	NA	0.178174603174603	0.0833333333333333	0.178174603174603	0.208168642951252	0.228571428571429	0.0833333333333333	0.179365079365079	0.208168642951252	0.179365079365079	0.228571428571429	0.2	0.0666666666666667	0.361111111111111	0.3	0.722222222222222	0.0238095238095238	0.131313131313131	0.314503205128205	0.333333333333333
chr11:67777822-67777905	0.0476190476190476	0.0909090909090909	0.0666666666666667	0	0	0	0	0.317460317460317	0.284313725490196	0.222222222222222	0.3	0.239316239316239	0.229166666666667	0.346153846153846	0	0.0833333333333333	0.5	0.0666666666666667	0.0555555555555556	0.166666666666667	0.0666666666666667	0.0416666666666667	0.0416666666666667	0.0476190476190476	0.5	0.111111111111111	0.0952380952380952	0.142857142857143	0.0714285714285714	0	0.05	0	0	0	0.0555555555555556	0.0666666666666667	0	0	0.0333333333333333	0	0	0.0238095238095238	0.0333333333333333	0.125	0	0.125	0.0238095238095238	0	NA	0.0128205128205128	0.0185185185185185	0	NA	NA	0.202852852852853	0.0246913580246914
chr11:72532978-72533044	1	0.706837606837607	0	0	0.404761904761905	0.0166666666666667	0.155555555555556	0.404761904761905	0	0	0	0.2	0.214285714285714	0.222222222222222	0.720740740740741	0.195564892623716	1	0.457860998650472	0.02	0.554154995331466	0.95119825708061	0.772380952380952	0.840584415584416	NA	0.771027568922306	0.921428571428571	NA	0.422222222222222	0.74	0.744444444444444	0	0.411111111111111	0	0	0	0	0	0	0	0	0.487675070028011	0	0	0.0409090909090909	0.487675070028011	0.0409090909090909	0	0.0200501253132832	0.426212121212121	0	0.38	1	0	NA	0.319311306885688	0.122097253368601
chr11:88785446-88785657	NA	NA	NA	NA	NA	NA	NA	NA	NA	1	NA	NA	NA	0.666666666666667	1	0.75	0.5	0.5	0.5	0.5	0.666666666666667	1	0.5	0	0.5	1	0	0.5	0.5	0.5	NA	NA	NA	NA	NA	NA	NA	0.583333333333333	0.0833333333333333	0.583333333333333	0.0769230769230769	0.412698412698413	0.0833333333333333	0.151515151515152	0.0769230769230769	0.151515151515152	0.412698412698413	0.644444444444444	0.133333333333333	0.208333333333333	0.2	0.166666666666667	0.333333333333333	0.476190476190476	0.0208333333333333	0.05
chr12:112560872-112560977	1	NA	NA	NA	NA	NA	NA	NA	NA	NA	NA	NA	NA	0.434343434343434	0.75	0.166666666666667	0.333333333333333	0.5	0.652777777777778	0.407407407407407	1	0.0476190476190476	0.133333333333333	0.5	NA	1	1	0.133333333333333	0.412698412698413	0.6	NA	NA	NA	NA	NA	NA	NA	0.138095238095238	0.412698412698413	0.138095238095238	0.115384615384615	0.145833333333333	0.412698412698413	0.284090909090909	0.115384615384615	0.284090909090909	0.145833333333333	0.291666666666667	0.347222222222222	0	0.0277777777777778	0.0666666666666667	0.225925925925926	0.186868686868687	0.143589743589744	0.441666666666667
chr12:128445428-128445691	NA	NA	NA	NA	NA	NA	NA	1	NA	NA	NA	NA	NA	0.185185185185185	0.155555555555556	0.148148148148148	0.148148148148148	0.444444444444444	0.571428571428572	0.111111111111111	0.142857142857143	0.6	0.916666666666667	0.166666666666667	0.8	0.666666666666667	0.111111111111111	0.0833333333333333	0.714285714285714	0.5	NA	0	NA	NA	NA	NA	NA	0.117647058823529	0.0416666666666667	0.117647058823529	0.0634920634920635	0.187830687830688	0.0416666666666667	0.0952380952380952	0.0634920634920635	0.0952380952380952	0.187830687830688	0.0833333333333333	0.0454545454545454	0.111111111111111	0.0925925925925926	0.15	0.0666666666666667	0.096969696969697	0.0740740740740741	0.0718390804597701
chr12:54764117-54764347	0.616666666666667	0.738163096163096	0.889040060468632	0.661340147947291	0.809532162185163	0.311544606446567	0.151015406162465	0.667807193532684	0.146067439422836	0.475201494518539	0.112383800816654	0.298165221302891	0.128262500909873	0.721194491057505	0.699152331497901	0.378580159336462	0.39667616334283	0.519443200477683	0.403128155007854	0.569905956112853	0.289608011036583	0.449519230769231	0.431363636363636	0.761912492269635	0.850765306122449	0.98827117053718	0.679166666666667	0.603329210472068	0.134502635046113	0.994660564454615	0.0253968253968254	0.792553405200464	0.104979823401143	0.168037599847735	0.24701827172728	0.307238008809216	0.159283033577153	0.219827742131932	0.0278935185185185	0.219827742131932	0.403270450460323	0.514572357880704	0.0278935185185185	0.826683740892418	0.403270450460323	0.826683740892418	0.514572357880704	0.608633493055756	0.366190476190476	0.0763152454780362	0.00111111111111111	0.0669299450549451	0	0.018140589569161	0.148530922971274	0.127324345067895
chr12:58129406-58129487	NA	NA	NA	NA	1	NA	NA	NA	NA	NA	NA	NA	NA	0.758333333333333	0.478787878787879	0.843434343434343	0.466666666666667	1	0.111721611721612	0.533333333333333	0.194444444444444	0.253968253968254	0.539351851851852	0.555555555555555	0.166666666666667	0.583333333333333	0.412698412698413	0.5	0.6	0.6	NA	NA	NA	NA	NA	NA	NA	0.235964912280702	0	0.235964912280702	0.125	0.0666666666666667	0	0.09375	0.125	0.09375	0.0666666666666667	0.249350649350649	0.229166666666667	0.0535714285714286	1	0.0833333333333333	0	NA	0.0339487179487179	0.209212316918464
chr12:8186409-8186516	0.166666666666667	1	0.166666666666667	NA	0.0238095238095238	0.0416666666666667	0.466666666666667	NA	0.0408333333333333	0.0376984126984127	0.0138888888888889	0	0.0476190476190476	0.742424242424243	0.0476190476190476	0.5	0.133333333333333	0.142857142857143	0.866666666666667	0.444444444444444	0.933333333333333	0.365079365079365	0.457142857142857	0.111111111111111	0.888888888888889	1	0.133333333333333	0.222222222222222	0.6	0.5	0	0	0	0.0673076923076923	0	0	0.0185185185185185	0.0892857142857143	0.0555555555555556	0.0892857142857143	0.159090909090909	0.1	0.0555555555555556	0.1	0.159090909090909	0.1	0.1	0.111111111111111	0.133333333333333	0.380555555555556	0.211111111111111	0.388888888888889	0.166666666666667	NA	0.158201058201058	0.0797720797720798
chr13:108732275-108732414	NA	0.166666666666667	0.111111111111111	NA	NA	1	0.888888888888889	NA	NA	0	NA	NA	NA	0.185185185185185	0.266666666666667	0.666666666666667	0.75	0.148148148148148	0.25	0.666666666666667	0.666666666666667	0.6	0.5	0.833333333333333	0.666666666666667	0.5	NA	0.75	0.6	0.5	NA	0	NA	NA	NA	NA	NA	0.124756335282651	0.133333333333333	0.124756335282651	0.2	0.1	0.133333333333333	0.276190476190476	0.2	0.276190476190476	0.1	0.266666666666667	0.566666666666667	0.0694444444444444	0.125	0.222222222222222	0.5	0.0833333333333333	0.232142857142857	0.232441471571906
chr13:85384916-85385135	NA	NA	NA	NA	NA	NA	1	NA	NA	NA	NA	NA	NA	0.5	0.5	0.5	0.6	0.5	0.666666666666667	0.2	0.6	0.333333333333333	0.6	0.5	0.5	0.5	0.666666666666667	0.666666666666667	0.833333333333333	0.5	NA	NA	NA	NA	NA	NA	NA	0.469047619047619	0.214285714285714	0.469047619047619	0.133333333333333	0.427350427350427	0.214285714285714	0.329411764705882	0.133333333333333	0.329411764705882	0.427350427350427	0.404040404040404	0.0952380952380952	0.322222222222222	0.422222222222222	0.2	0.111111111111111	0.222222222222222	0.294871794871795	0.105847953216374
chr13:99215704-99215811	NA	NA	NA	NA	NA	NA	NA	NA	NA	NA	NA	NA	NA	0.833333333333333	0.666666666666667	0.916666666666667	0.361111111111111	1	0.133333333333333	0.133333333333333	0.833333333333333	0.666666666666667	0.420512820512821	0.133333333333333	1	0.5	0.111111111111111	0.666666666666667	0.248366013071895	0.333333333333333	NA	NA	NA	NA	NA	NA	NA	0.139423076923077	0.0303030303030303	0.139423076923077	0.0833333333333333	0.0666666666666667	0.0303030303030303	0.122222222222222	0.0833333333333333	0.122222222222222	0.0666666666666667	0.136111111111111	0.466666666666667	0.287179487179487	0	0.0972222222222222	0	0.0185185185185185	0.566666666666667	0.615203761755486
chr14:101292224-101292305	0	0.188888888888889	0.5	0	1	0	0.0185185185185185	1	0.93047619047619	0.404188948306595	0.525757575757576	0.614666666666667	0.249206349206349	0.771978609625668	0.32	0.357303314571607	0.187058823529412	0.507142857142857	0.503333333333333	0.944444444444445	0.740541164824286	0.471666666666667	0.186868686868687	0.840584415584416	0.5	NA	1	0.0875	0.571978609625668	0.744957264957265	0	0	0	1	NA	0.0635281385281385	NA	0.143939393939394	NA	0.143939393939394	0.156892230576441	0	NA	0.486363636363636	0.156892230576441	0.486363636363636	0	NA	0.0738562091503268	0.02	0.177777777777778	0.157142857142857	0	0.01	0.393694939329374	0.455322974379839
chr14:76334297-76334454	0.25	NA	0.5	0.412698412698413	0.222222222222222	0	0.111111111111111	0.0555555555555556	NA	NA	0.277777777777778	NA	NA	0.916666666666667	1	0.75	0.179487179487179	0.962962962962963	0.857142857142857	0.933333333333333	0.788888888888889	0.388888888888889	0.742424242424243	0.666666666666667	1	0.944444444444445	1	0.966666666666667	0.958333333333333	0.916666666666667	NA	NA	NA	NA	0	NA	NA	0.444444444444444	0.306060606060606	0.444444444444444	0.19047619047619	0.157575757575758	0.306060606060606	0.175925925925926	0.19047619047619	0.175925925925926	0.157575757575758	1	0.206349206349206	0.178571428571429	1	0.111111111111111	0.222222222222222	0.277777777777778	0.31464791427478	0.178454510848877
chr15:39871864-39872036	1	NA	0.277777777777778	NA	0.277777777777778	NA	NA	NA	NA	NA	NA	NA	NA	0.479166666666667	0.630128205128205	0.583333333333333	0.416666666666667	0.694444444444444	0.454545454545455	0.323809523809524	0.814035087719298	0.213675213675214	0.916666666666667	0.122222222222222	0.861111111111111	1	0.122222222222222	0.555555555555555	0.3125	0.533333333333333	1	0.166666666666667	NA	NA	NA	NA	NA	0.0125	0.0222222222222222	0.0125	0.12	0.0111111111111111	0.0222222222222222	0.114832535885167	0.12	0.114832535885167	0.0111111111111111	0.147142857142857	0.27	0	0.0714285714285714	0.25	0	0.14025974025974	0.631861564808425	0.0691919191919192
chr15:39872048-39872092	1	NA	NA	NA	0.593333333333333	NA	NA	NA	NA	NA	NA	NA	NA	0.795	0.138720538720539	0.00740740740740741	0.282010582010582	0.453650793650794	0.7443541295306	0.316507936507937	0.533333333333333	0.779059829059829	0.968376068376068	0.405982905982906	0.384761904761905	1	0.75	0.822222222222222	0.267118933697881	0.119444444444444	0.42	NA	NA	NA	NA	NA	NA	0	0.237142857142857	0	0.157365510306687	0.166666666666667	0.237142857142857	0.194654217242453	0.157365510306687	0.194654217242452	0.166666666666667	NA	0.94	0	0.0222222222222222	0.0222222222222222	0	0.358333333333333	0.297740604741829	0.106308179837592
chr15:68572272-68572349	NA	NA	NA	1	NA	0	1	NA	NA	NA	NA	NA	NA	0.6	0.312820512820513	0.455555555555556	1	0.583333333333333	0.355555555555556	0.366666666666667	0.555555555555555	0.3	0.533333333333333	0.412698412698413	1	0.933333333333333	0.6	0.1	0.518518518518518	0.222222222222222	NA	NA	NA	NA	NA	NA	NA	0.180555555555556	0.716666666666667	0.180555555555556	0.130952380952381	0.142701525054466	0.716666666666667	0.257478632478633	0.130952380952381	0.257478632478633	0.142701525054466	0.0476190476190476	0.522727272727273	0.0416666666666667	0.110119047619048	0.107142857142857	0	0.0416666666666667	0.110526315789474	0.225490196078431
chr15:73133225-73133394	NA	NA	NA	NA	NA	NA	NA	NA	NA	NA	NA	NA	NA	0.4	0.5	0.5	0.5	0.666666666666667	0.5	0.5	0.857142857142857	0.666666666666667	1	0.5	1	1	1	0.5	0.75	1	NA	NA	NA	NA	NA	NA	NA	0.266666666666667	0.142857142857143	0.266666666666667	0.218045112781955	0.5	0.142857142857143	0.320833333333333	0.218045112781955	0.320833333333333	0.5	0.111111111111111	0.430555555555556	0.0833333333333333	0.407407407407407	0.258333333333333	NA	0.133333333333333	0.925925925925926	0.583333333333333
chr15:74075571-74075662	NA	NA	NA	1	NA	NA	NA	1	NA	NA	NA	1	NA	0.323809523809524	0.272727272727273	1	1	0.434343434343434	0.944444444444445	0.222222222222222	0.6	0.422222222222222	0.430555555555556	0.796296296296296	0.666666666666667	0.25	0.666666666666667	1	0.434343434343434	1	NA	NA	NA	NA	NA	NA	NA	0.357638888888889	0.111111111111111	0.357638888888889	0.11624649859944	0.236111111111111	0.111111111111111	0.256892230576441	0.11624649859944	0.256892230576441	0.236111111111111	0.222222222222222	0.96969696969697	0.811111111111111	0.2	0.222222222222222	0.407407407407407	0.2	0.578771228771229	0.779784946236559
chr15:81476700-81476895	NA	NA	1	1	NA	NA	1	NA	NA	NA	NA	NA	NA	0.2	0.4	0.833333333333333	0.25	0.5	0.333333333333333	0.285714285714286	0.25	0.5	0.5	0.666666666666667	0.5	0.5	0	0.666666666666667	0.375	0.5	NA	1	NA	NA	NA	NA	NA	0.361111111111111	0.583333333333333	0.361111111111111	0.0952380952380952	0	0.583333333333333	0.0666666666666667	0.0952380952380952	0.0666666666666667	0	0.0476190476190476	0.0740740740740741	0.0833333333333333	0.0555555555555556	0.0833333333333333	0.0666666666666667	0	0.317111459968603	0.236111111111111
chr15:88919803-88920005	NA	NA	NA	NA	NA	1	NA	NA	NA	NA	NA	NA	NA	0.666666666666667	0.5	0.75	1	0.5	0.333333333333333	0.428571428571429	0.666666666666667	0.8	0.666666666666667	0.5	0.5	1	1	0.5	0.8	0.5	NA	NA	NA	NA	NA	NA	NA	0.472222222222222	0.111111111111111	0.472222222222222	0.555555555555555	0.904761904761905	0.111111111111111	0.407407407407407	0.555555555555555	0.407407407407407	0.904761904761905	0.583333333333333	0.151515151515152	0.276190476190476	0.166666666666667	0.19047619047619	0.5	0.5	0.152688172043011	0.135874877810362
chr16:12925138-12925298	NA	NA	NA	NA	NA	NA	0	NA	NA	NA	NA	NA	NA	0.833333333333333	0.166666666666667	0.142857142857143	0.866666666666667	0.666666666666667	0.75	0.857142857142857	0.75	0.5	0.0555555555555556	0.5	0.833333333333333	0.333333333333333	0.5	0.666666666666667	0.8	0.5	NA	NA	NA	NA	NA	NA	NA	0.270588235294118	0.125	0.270588235294118	0.252380952380952	0.0666666666666667	0.125	0.0833333333333333	0.252380952380952	0.0833333333333333	0.0666666666666667	0.0555555555555556	0.333333333333333	0.357142857142857	0.0833333333333333	0.666666666666667	0.133333333333333	0.422222222222222	0.395299145299145	0.425112612612613
chr16:34621299-34621478	NA	NA	NA	NA	NA	NA	NA	NA	NA	NA	NA	NA	NA	0.5	1	0.75	0	0.666666666666667	0.666666666666667	0.5	0.5	NA	0.333333333333333	0.75	1	NA	1	0.666666666666667	0.5	NA	NA	NA	NA	NA	NA	NA	NA	0.366946778711485	0.0666666666666667	0.366946778711485	0.547619047619048	0.266666666666667	0.0666666666666667	0.102272727272727	0.547619047619048	0.102272727272727	0.266666666666667	0.355555555555556	0.333333333333333	0.3	0.0833333333333333	0.348484848484848	0.111111111111111	0.0666666666666667	0.333333333333333	0
chr16:54431609-54431688	NA	NA	NA	NA	NA	NA	NA	NA	NA	NA	NA	NA	NA	0.37037037037037	0.365079365079365	0.0666666666666667	1	0.0555555555555556	0.111111111111111	0.257575757575758	0.533333333333333	0.555555555555555	0.323809523809524	0.0555555555555556	0	NA	0.888888888888889	0.533333333333333	0.518518518518518	0.5	NA	NA	NA	NA	NA	NA	NA	0.0555555555555556	0.0555555555555556	0.0555555555555556	0.0989010989010989	0.116666666666667	0.0555555555555556	0.0454545454545454	0.0989010989010989	0.0454545454545454	0.116666666666667	0	0.333333333333333	0.133333333333333	0.105555555555556	0.0166666666666667	0.0625	0.0555555555555556	0.0392156862745098	0.0625
chr16:62577916-62578125	NA	NA	NA	NA	NA	0	NA	NA	NA	NA	NA	NA	NA	0.25	0.714285714285714	0.333333333333333	0.666666666666667	0.5	0.5	0.285714285714286	0.5	0.666666666666667	0.5	0.666666666666667	0.333333333333333	1	0.5	0.666666666666667	0.75	0.333333333333333	NA	NA	NA	NA	NA	NA	NA	0.0833333333333333	0.333333333333333	0.0833333333333333	0.238095238095238	0.166666666666667	0.333333333333333	0.244444444444444	0.238095238095238	0.244444444444444	0.166666666666667	0.19047619047619	0.0833333333333333	0.333333333333333	0.555555555555555	0.5	0.555555555555555	0.19047619047619	0.333333333333333	0.141666666666667
chr16:65786137-65786314	NA	NA	NA	1	NA	0.166666666666667	NA	NA	NA	NA	NA	NA	NA	0.666666666666667	0.75	0.428571428571429	0.5	0.75	0.714285714285714	0.875	0.75	0.5	1	0.333333333333333	1	0.5	1	0.5	0.428571428571429	0.5	NA	NA	NA	NA	NA	NA	NA	0.694444444444444	0.318181818181818	0.694444444444444	0.446153846153846	0.125	0.318181818181818	0.578947368421053	0.446153846153846	0.578947368421053	0.125	0.174242424242424	0.533333333333333	0.348484848484848	0.412698412698413	0.142857142857143	0.166666666666667	0.555555555555555	0.382352941176471	0.19047619047619
chr16:77928429-77928672	0	NA	1	NA	0.5	0.5	0.5	NA	1	NA	1	NA	NA	0.666666666666667	0.6	0.5	0.25	0.666666666666667	0.916666666666667	0.333333333333333	0.5	1	0.25	0.333333333333333	0.333333333333333	0.5	1	1	0.333333333333333	0.2	0	0.333333333333333	NA	1	NA	NA	NA	0.155555555555556	0.125	0.155555555555556	0.225672877846791	0.166666666666667	0.125	0.142857142857143	0.225672877846791	0.142857142857143	0.166666666666667	0.2	0.19047619047619	0.208333333333333	0.166666666666667	0.19047619047619	0.4	0.222222222222222	0.714285714285714	0.156862745098039
chr16:86417535-86417723	1	NA	NA	NA	1	NA	1	NA	NA	NA	NA	NA	NA	0.318181818181818	0.5	0.121212121212121	0.111111111111111	0.366666666666667	0.111111111111111	0.128205128205128	0.605128205128205	0.555555555555555	0.0833333333333333	0.111111111111111	0.5	0	0.133333333333333	1	0.622222222222222	0.333333333333333	NA	NA	NA	NA	NA	NA	NA	0.0833333333333333	0.0333333333333333	0.0833333333333333	0.331349206349206	0.0303030303030303	0.0333333333333333	0.140740740740741	0.331349206349206	0.140740740740741	0.0303030303030303	0.111111111111111	0.111111111111111	0.0185185185185185	0.266666666666667	0.111111111111111	0.0476190476190476	0.0476190476190476	0.0468070175438596	0.0295321637426901
chr17:38473088-38473221	0.284844286460666	0.672126098302569	0.27694099378882	0.0527210884353741	0.241730442176871	0.116579899985072	0.626232880180249	0.433433155871044	0.119328885400314	0.059352345572479	0.13620553423185	0.187575888617555	0.0375973718078981	0.255480315766378	0.204481864649145	0.340700350012963	1	0.452116402116402	0.444940476190476	0.990691013247404	0.523088023088023	0.589476939100999	0.403329210472068	0.00396825396825397	0.237142857142857	1	0.141666666666667	0.632369614512472	0.456269101843636	1	0.434300035803795	0.092387079151785	0.00178571428571429	0.0015527950310559	0.0230084537563151	0.559508438920204	0.0800914188519231	0	0.301214526214526	0	0.0162347155768208	0	0.301214526214526	0.0580952380952381	0.0162347155768208	0.0580952380952381	0	0.0159130992464326	0	0	0.00372960372960373	0	0	NA	0.312395266814672	0.116064516489387
chr17:42544459-42544653	NA	NA	NA	NA	NA	NA	NA	NA	NA	NA	NA	NA	NA	0.5	0.75	0.5	1	0.666666666666667	0.571428571428571	0.592592592592593	0.466666666666667	0.916666666666667	0.833333333333333	0.5	0.933333333333333	0.428571428571429	0.5	1	0.166666666666667	0.857142857142857	1	NA	NA	NA	NA	NA	NA	0.23249299719888	0.136111111111111	0.23249299719888	0.0920634920634921	0.3	0.136111111111111	0.523809523809524	0.0920634920634921	0.523809523809524	0.3	0.188034188034188	0.0833333333333333	0.102564102564103	0.366666666666667	0.555555555555555	0.194444444444444	0.202020202020202	0.0737812911725955	0.405938697318008
chr17:45266587-45266598	0	0	0.76521164021164	0.457407407407407	0.977777777777778	0.111111111111111	0	NA	0	0	0	0	0	0.197916666666667	0.136706349206349	0.111111111111111	0.124166666666667	0.165204678362573	0.25	0.307359307359307	0.330409356725146	0.333333333333333	0.0555555555555556	0.411111111111111	0.333333333333333	0.5	0.142857142857143	0.958333333333333	0.166666666666667	0.333333333333333	0	0	0	0	0	0	0	0	NA	0	0	0	NA	0	0	0	0	0	0	0	0	0	0	NA	0.452293738008024	0.359806536793037
chr17:64459241-64459316	0.0833333333333333	1	0.444444444444444	0	0.166666666666667	0.0666666666666667	0.166666666666667	0.583333333333333	0.1	0	0.166666666666667	0.133333333333333	0.0416666666666667	0.482352941176471	0.568452380952381	0.566666666666667	0.866666666666667	0.523809523809524	0.518518518518518	0.666666666666667	0.59047619047619	0.5	0.428571428571429	0.666666666666667	0.916666666666667	NA	1	1	0.471794871794872	1	0.166666666666667	0.111111111111111	0.111111111111111	0.0833333333333333	0.0666666666666667	0.0833333333333333	0	0.0759259259259259	0.5	0.0759259259259259	0.540909090909091	0.365079365079365	0.5	0.0860805860805861	0.540909090909091	0.0860805860805861	0.365079365079365	0.0833333333333333	0.166666666666667	0	0.111111111111111	0.0833333333333333	0	0	0.424589974589975	0.376605003317332
chr18:3650483-3650680	NA	NA	NA	NA	NA	NA	NA	NA	NA	NA	NA	NA	NA	0.666666666666667	0.166666666666667	0.538461538461538	0.5	0.5	0.75	0.958333333333333	0.388888888888889	0.5	0.5	0.888888888888889	0.111111111111111	1	0.75	0.866666666666667	0.933333333333333	0.166666666666667	NA	NA	NA	NA	NA	NA	NA	0.587606837606838	0.233333333333333	0.587606837606838	0.121212121212121	0.365079365079365	0.233333333333333	0.11965811965812	0.121212121212121	0.11965811965812	0.365079365079365	0.0333333333333333	0.159090909090909	0.102380952380952	0.266666666666667	0.0476190476190476	0	0.166666666666667	0.266666666666667	0.287008281573499
chr18:37380111-37380261	NA	NA	NA	NA	NA	NA	1	0	NA	NA	NA	NA	NA	0.258119658119658	0.5	0.722222222222222	0.704365079365079	0.386446886446886	0.488095238095238	0.351190476190476	0.369047619047619	0.411111111111111	0.488095238095238	0.74375	0.317460317460317	0	1	0	0	0.0888888888888889	NA	NA	NA	NA	NA	NA	NA	0.263611111111111	0	0.263611111111111	0.0792486266170477	0.090530303030303	0	0	0.0792486266170477	0	0.090530303030303	0	0.133333333333333	0.0915151515151515	0	0.175	0	0.130952380952381	0.387347625052543	0.12540034491254
chr18:54879626-54879874	NA	NA	NA	NA	NA	NA	NA	NA	NA	NA	NA	NA	NA	1	1	0.555555555555555	0.5	1	0.5	0.5	0.333333333333333	0.8	0.916666666666667	0.5	1	0.5	0.5	0.666666666666667	0.666666666666667	0.5	NA	NA	NA	NA	NA	NA	NA	0.388888888888889	0.351851851851852	0.388888888888889	0.610119047619048	0.361111111111111	0.351851851851852	0.348484848484848	0.610119047619048	0.348484848484848	0.361111111111111	0.711111111111111	0.555555555555555	0.541666666666667	0.555555555555555	0.656565656565657	0.0555555555555556	0.111111111111111	0.401960784313726	0.388888888888889
chr18:60905298-60905451	NA	NA	NA	NA	NA	NA	NA	NA	NA	NA	NA	NA	NA	0.5	1	0.944444444444445	0	0.5	0.5	1	1	0.875	0.5	0	0.25	1	0.916666666666667	1	0.916666666666667	1	NA	NA	NA	NA	NA	NA	NA	0.0333333333333333	0	0.0333333333333333	1	0.555555555555555	0	0.259259259259259	1	0.259259259259259	0.555555555555555	0.182539682539683	0.166666666666667	0.0952380952380952	0.5	0.166666666666667	0	0.166666666666667	0.538461538461538	0.182957393483709
chr18:66711929-66712081	NA	NA	NA	NA	1	NA	NA	NA	NA	NA	NA	NA	NA	0.5	0.5	0.666666666666667	0.916666666666667	0.8	0.5	0.222222222222222	0.571428571428571	1	0.0833333333333333	0.0833333333333333	0.5	0.5	0.5	1	0.166666666666667	0	NA	NA	NA	NA	NA	NA	NA	0	0	0	0.527777777777778	0.111111111111111	0	0.0444444444444444	0.527777777777778	0.0444444444444444	0.111111111111111	0.125	0.125	0.6	0.0666666666666667	0.0333333333333333	0.0666666666666667	0.111111111111111	0.111111111111111	0.140350877192982
chr18:70986037-70986256	NA	NA	NA	NA	NA	NA	NA	NA	NA	NA	NA	NA	NA	0.694444444444444	0.3	0.9	0.916666666666667	0.515151515151515	0.444444444444444	1	0.555555555555555	0.5	0.481481481481481	0.545454545454545	0.5	1	0.125	0.472222222222222	0.656565656565657	0.518518518518518	NA	NA	NA	NA	NA	NA	NA	0.568627450980392	0.420512820512821	0.568627450980392	0.272727272727273	0.133333333333333	0.420512820512821	0.166666666666667	0.272727272727273	0.166666666666667	0.133333333333333	0.57948717948718	0.420512820512821	0.244444444444444	0.412698412698413	0.111111111111111	0	0.62962962962963	0.138888888888889	0.0506410256410256
chr19:10444982-10445065	NA	NA	0.0775	NA	1	0.05	0	NA	1	NA	0.363386243386243	NA	NA	1	0.741538461538462	0.618044965786901	0.903030303030303	0.773148148148148	0.326190476190476	0.886363636363636	0.859928229665072	0.3125	0.37962962962963	0.852976190476191	0.914814814814815	0.361111111111111	1	0.211111111111111	0.466135531135531	0.958333333333333	0	0.28952380952381	NA	0	NA	NA	NA	0.303292847503374	0	0.303292847503374	0.214285714285714	0.1802849002849	0	0.536666666666667	0.214285714285714	0.536666666666667	0.1802849002849	0.919259259259259	0.107724867724868	0.119444444444444	0.822222222222222	0.16	0.166666666666667	0.0833333333333333	0.180224160440959	0.0952342352415027
chr19:45737721-45737725	0.138888888888889	1	1	1	0.638888888888889	0.555555555555556	0.583333333333333	0.425925925925926	0	0.5	0.037037037037037	0.638888888888889	0.194444444444444	0.44047619047619	1	1	0.0277777777777778	0.655555555555556	0	1	1	0.55952380952381	1	0.0555555555555556	1	0.666666666666667	1	1	0.478966131907308	0.333333333333333	0	1	0	0.263888888888889	0	0.277777777777778	0.138888888888889	0.0277777777777778	0.277777777777778	0.0277777777777778	0.692640692640693	NA	0.277777777777778	0.0833333333333333	0.692640692640693	0.0833333333333333	NA	0.0555555555555556	0	0.822222222222222	NA	NA	NA	0.111111111111111	0.301356268192312	0.502808988764045
chr19:47448322-47448398	0.0833333333333333	0.388888888888889	0.0833333333333333	0.133333333333333	0.583333333333333	0.5	0.412698412698413	0.166666666666667	0.0833333333333333	0.0666666666666667	0	0.0833333333333333	0.166666666666667	0.368055555555556	0.341269841269841	0.37037037037037	0.436507936507937	0.888888888888889	0.25	0.518518518518518	0.261904761904762	0.277777777777778	0.37037037037037	0.348484848484848	0.333333333333333	0.722222222222222	0.5	0.0740740740740741	0.148148148148148	0.5	NA	0.0833333333333333	0	0	0.0833333333333333	0	0	0.0606060606060606	0.0833333333333333	0.0606060606060606	0.184126984126984	0.142857142857143	0.0833333333333333	0.0811965811965812	0.184126984126984	0.0811965811965812	0.142857142857143	0.154761904761905	0.233333333333333	0.796296296296296	0.05	0	0.133333333333333	0	0.0677777777777778	0.0808966861598441
chr19:54041816-54041855	NA	1	NA	1	NA	NA	NA	NA	NA	NA	NA	NA	NA	0.0832692307692308	0.0166666666666667	0.983333333333333	0.473856209150327	0	0.5	1	0.18650623885918	0.935	0.988235294117647	0.137272727272727	0.9875	1	0.5	NA	0.552380952380952	1	0	0	0	NA	NA	NA	NA	0	0	0	0.517967914438503	0.105357142857143	0	0	0.517967914438503	0	0.105357142857143	0.5	0.0153846153846154	0.107142857142857	0	0	0	1	0.414770333785382	0.494923172757475
chr19:54738629-54738757	NA	0.166666666666667	NA	NA	NA	NA	NA	NA	NA	NA	NA	NA	NA	0.25	0.714285714285714	0.5	1	1	0.5	0.958333333333333	0.541666666666667	0.166666666666667	0.652777777777778	0.333333333333333	0.916666666666667	1	0.5	1	0.666666666666667	0.166666666666667	NA	NA	NA	NA	NA	NA	NA	0.125	0.122222222222222	0.125	0.142857142857143	0.222222222222222	0.122222222222222	NA	0.142857142857143	NA	0.222222222222222	0.333333333333333	0.666666666666667	0.233333333333333	0	0.0666666666666667	0.833333333333333	0	0.0625	0.16869918699187
chr19:58862000-58862042	0.448577612863327	0.611904761904762	0.143005952380952	0.0361471861471861	0.294154252610135	0.0369047619047619	0.150974025974026	0	0.0154761904761905	0.254761904761905	0.491176470588235	0.253361344537815	0.0431972789115646	0.163391510450334	0.431209720730397	0.0666666666666667	0.908078231292517	0.209763450834879	0.89393745352392	0.874015567765568	0.509031642960214	0.0736386420596947	0.177777777777778	1	0.372947736787022	1	0.318134246705675	0.0464285714285714	0.113312488004606	0.197222222222222	0	0.0141465677179963	0	0.449206349206349	0.447680097680098	0	0.144203135799774	0.0144230769230769	0	0.0144230769230769	0	0	0	0.36734693877551	0	0.36734693877551	0	0.0166666666666667	0.139795918367347	0.00476190476190476	0.108786848072562	NA	NA	0	0.135574996778131	0.0925300454392885
chr19:8488803-8489028	1	NA	0.5	0.75	0.5	NA	NA	1	NA	NA	NA	NA	NA	0.25	0.523809523809524	0.133333333333333	0.140740740740741	0.966666666666667	0.235897435897436	0.712121212121212	0.294871794871795	0.523809523809524	0.866666666666667	0.166666666666667	0.583333333333333	0.5	0.666666666666667	0.347222222222222	0.333333333333333	0	0	1	NA	NA	NA	NA	NA	0.263888888888889	0.159340659340659	0.263888888888889	0.111721611721612	0.0666666666666667	0.159340659340659	0.222222222222222	0.111721611721612	0.222222222222222	0.0666666666666667	0	0.347222222222222	NA	0	0	0.2	0.0666666666666667	0.274184346349295	0.143551446183025
chr19:8591610-8591815	NA	NA	NA	NA	0.345149911816579	0.148486447719184	0.0335164835164835	1	NA	0	NA	NA	NA	0.178357282199647	0.88003208510143	0.57262138732727	0.67037037037037	0.986650690098966	0.110860484544695	0.883014877972433	0.726266843003086	0.432429707223863	0.436484574149048	0.903263258165219	0.589997299310356	0.824618976130012	0.0910654160654161	0.100927402299951	0.79124149659864	0.400264014737699	0.0708994708994709	NA	NA	NA	NA	NA	NA	0.114346764346764	0.0137405804072471	0.114346764346764	0.403006060593443	0	0.0137405804072471	0.214230250038674	0.403006060593443	0.214230250038674	0	0.0112541537378139	0.0931697931697932	0.0202345369596832	0.576319606319606	0.308509700176367	0.0488797156289416	0.0143827160493827	0.21321797785825	0.125508306086077
chr1:110418617-110418735	NA	NA	NA	NA	NA	NA	NA	NA	NA	NA	NA	NA	NA	1	0.916666666666667	0.377777777777778	1	0.962962962962963	1	0.4	0.481818181818182	0.813131313131313	0.666666666666667	0.75	0.5	0.933333333333333	1	0.5	0.0454545454545454	0.5	NA	1	NA	NA	NA	NA	NA	0.0733333333333333	0.755396825396825	0.0733333333333333	0.403324753324753	0.0906112054329372	0.755396825396825	0.235030103995621	0.403324753324753	0.235030103995621	0.0906112054329372	0.597222222222222	0.18	0.0944444444444444	0.0176470588235294	0.0442307692307692	0.195	0.194444444444444	0.629710144927536	0.231136363636364
chr1:111294175-111294261	NA	NA	NA	1	NA	NA	1	NA	NA	NA	NA	NA	NA	0.397435897435897	0.457142857142857	0.592592592592593	1	0.37797619047619	0.430555555555556	0.564102564102564	0.348484848484848	0.666666666666667	0.338461538461538	0.333333333333333	0.121212121212121	0.533333333333333	0.677777777777778	0.0555555555555556	0.318181818181818	0.541666666666667	NA	NA	NA	NA	NA	NA	NA	0.271062271062271	0.15	0.271062271062271	0.0833333333333333	0.133333333333333	0.15	0.0952380952380952	0.0833333333333333	0.0952380952380952	0.133333333333333	0.652777777777778	0.5	0	0	0.533333333333333	0.111111111111111	0.0833333333333333	0.102077884335949	0.0789768483943241
chr1:157586514-157586661	NA	NA	NA	NA	NA	NA	1	NA	NA	0	NA	NA	NA	0.523809523809524	0.666666666666667	0.888888888888889	0.2	0.666666666666667	0.5	0.933333333333333	0.6	0.25	0.5	0.666666666666667	0.333333333333333	0.5	0	0.6	0.166666666666667	0.333333333333333	0	NA	NA	NA	NA	NA	NA	0.0997023809523809	0.0740740740740741	0.0997023809523809	0.422222222222222	0.427350427350427	0.0740740740740741	0.177777777777778	0.422222222222222	0.177777777777778	0.427350427350427	0.0555555555555556	0.37280701754386	0.0952380952380952	0.296296296296296	0.0555555555555556	0.166666666666667	0.0555555555555556	0.140834290088021	0.330687830687831
chr1:16472601-16472736	0.222222222222222	0.583333333333333	0.555396825396825	0.211111111111111	0.456825396825397	0.372222222222222	0.475555555555556	0.34952380952381	0.138888888888889	0.0105820105820106	0.2375	NA	0.0166666666666667	0.633436095396168	0.462962962962963	0.848124628639335	0.312195640616693	0.953246753246753	0.0444444444444444	0.352231718898386	0.90251468108611	0.48908453469857	0.746262626262626	0.688746438746439	0.591744512797144	0.247222222222222	0.154761904761905	1	0.340442507683887	0.647662337662338	0.326839826839827	0.06	0.0333333333333333	0	0	0	0.0277777777777778	0.172813003989475	0	0.172813003989475	0.0666584374514606	0	0	0.0541047732224203	0.0666584374514606	0.0541047732224203	0	0.0287878787878788	0.158095238095238	0.193014326942898	0.0785011852786789	0.0277777777777778	0.15	0.0408424908424908	0.33457513238485	0.191328234566657
chr1:180494782-180494947	NA	NA	NA	NA	NA	NA	NA	NA	NA	NA	NA	NA	NA	0.444444444444444	0.333333333333333	0.4	0.25	0.75	0.5	0.333333333333333	0.333333333333333	0.333333333333333	0.5	0.166666666666667	0.5	0	0.25	0.25	0.4	0.5	NA	NA	NA	NA	NA	NA	NA	0.5	0.0476190476190476	0.5	0.153846153846154	0.25	0.0476190476190476	0.0666666666666667	0.153846153846154	0.0666666666666667	0.25	0.523809523809524	0.1	0.0555555555555556	0.0476190476190476	0.0476190476190476	0.142857142857143	0.0952380952380952	0.0872615039281706	0.143162393162393
chr1:220923447-220923643	NA	NA	NA	NA	NA	NA	NA	NA	NA	NA	NA	NA	NA	0.944444444444445	0.5	0.111111111111111	0.5	0.75	0.5	0.19047619047619	0.5	0.5	0.523809523809524	0.5	1	0.5	0.666666666666667	0.5	0.333333333333333	0.666666666666667	NA	NA	NA	NA	NA	NA	NA	0.148148148148148	0.133333333333333	0.148148148148148	0.166666666666667	0.166666666666667	0.133333333333333	0.166666666666667	0.166666666666667	0.166666666666667	0.166666666666667	0.133333333333333	0.5	0.455555555555556	0	0.0952380952380952	0.5	0.944444444444445	0.277777777777778	0.416666666666667
chr1:225839245-225839428	NA	NA	NA	NA	NA	NA	NA	NA	NA	NA	NA	NA	NA	0.944444444444445	1	0.166666666666667	0.916666666666667	0.888888888888889	0.944444444444445	0.333333333333333	0.166666666666667	0.944444444444445	0.933333333333333	0	NA	1	0.0833333333333333	0.5	0.666666666666667	0.5	NA	NA	NA	NA	NA	NA	NA	0.1	0.277777777777778	0.1	0.511111111111111	0.5	0.277777777777778	0.0833333333333333	0.511111111111111	0.0833333333333333	0.5	0.166666666666667	0.0740740740740741	0.407407407407407	0.261538461538462	0.0666666666666667	0	0.388888888888889	0.0238095238095238	0.0246913580246914
chr1:236818422-236818512	NA	NA	NA	NA	NA	NA	NA	NA	NA	NA	NA	NA	NA	0.0952380952380952	0.866666666666667	0.605128205128205	0.407407407407407	0.904761904761905	0.25	0.533333333333333	0.652777777777778	0.594444444444444	0.111111111111111	0.388888888888889	0.533333333333333	1	0.333333333333333	0.916666666666667	0.388888888888889	0.75	NA	NA	NA	NA	NA	NA	NA	0.0972222222222222	0.15	0.0972222222222222	0.25	0.0555555555555556	0.15	0.0303030303030303	0.25	0.0303030303030303	0.0555555555555556	0.133333333333333	0.5	0.0416666666666667	0.0476190476190476	0.122222222222222	0.222222222222222	0.933333333333333	0.183333333333333	0.0490620490620491
chr1:25258448-25258484	0.111111111111111	1	0.482142857142857	0.0416666666666667	0.406565656565657	0.861111111111111	0.896296296296296	0	0.0166666666666667	1	1	0.57962962962963	0.5	0.559803921568627	0.578642533936652	0.15952380952381	0.313333333333333	0.953246753246753	0.1	0.544444444444445	0.679166666666667	0.972222222222222	0.340277777777778	0.37192513368984	1	0	0.474545454545455	0.805555555555555	0.958333333333333	1	0.111111111111111	0.222222222222222	0	0.976190476190476	0	0.177777777777778	0.0833333333333333	0.266666666666667	NA	0.266666666666667	0.24	0	NA	NA	0.24	NA	0	0.291428571428571	0.242539682539683	0	NA	0	0.166666666666667	0	0.20640676720438	0.201153213370987
chr1:6113056-6113225	NA	NA	NA	NA	1	1	NA	NA	NA	NA	NA	NA	NA	0.705952380952381	0.116515837104072	0.127536231884058	0.07625	0.141344537815126	0.461904761904762	0.300576923076923	0.665367965367965	0.490168067226891	0.277777777777778	0.491111111111111	0.328260869565217	0.175	1	0.666666666666667	0.0833333333333333	1	NA	NA	NA	NA	NA	NA	NA	0.115	0.133333333333333	0.115	0.435995670995671	0.05	0.133333333333333	0.0416666666666667	0.435995670995671	0.0416666666666667	0.05	0.305555555555556	0.0555555555555556	0.0142857142857143	0.0428571428571429	0	0.0428571428571429	0.368888888888889	0.220258620689655	0.0265743044039064
chr1:85992911-85993004	NA	NA	NA	NA	NA	NA	NA	NA	NA	NA	NA	NA	NA	0.740740740740741	0.614285714285714	0.0833333333333333	0.269230769230769	0.333333333333333	0.133333333333333	0.37037037037037	0.367149758454106	0.0714285714285714	0.342105263157895	0.533333333333333	0.0666666666666667	0.133333333333333	0.666666666666667	0.666666666666667	0.44047619047619	0.833333333333333	NA	NA	NA	NA	NA	NA	NA	0.107142857142857	0.161904761904762	0.107142857142857	0.0444444444444444	0.171428571428571	0.161904761904762	0.378623188405797	0.0444444444444444	0.378623188405797	0.171428571428571	0.0555555555555556	0.0238095238095238	0.0104166666666667	0.0333333333333333	0.0476190476190476	0	0.154761904761905	0.0334250229223973	0.0250473277996214
chr20:1757386-1757569	NA	NA	0.5	0	NA	NA	NA	NA	NA	NA	0	0	NA	0.208333333333333	0.666666666666667	0.428571428571429	0.2	0.5	0.142857142857143	0.666666666666667	0.2	0.333333333333333	0	0.5	1	0	0.666666666666667	0.5	0.25	0.75	NA	NA	NA	NA	NA	NA	NA	0.111111111111111	0.0833333333333333	0.111111111111111	0.111111111111111	0.142857142857143	0.0833333333333333	0.111111111111111	0.111111111111111	0.111111111111111	0.142857142857143	0.111111111111111	0.0666666666666667	0.0833333333333333	0.133333333333333	0.0666666666666667	0.0666666666666667	0	0.00666666666666667	0.00666666666666667
chr20:51803153-51803305	NA	NA	NA	NA	NA	NA	NA	NA	NA	NA	NA	NA	NA	0.142857142857143	0.5	0.8	0.916666666666667	0.666666666666667	1	0.25	0.666666666666667	0.8	0.222222222222222	0.8	0.5	1	1	1	0.4	0.5	NA	NA	NA	NA	NA	NA	NA	0.269230769230769	0.0666666666666667	0.269230769230769	0.248366013071895	0.305555555555556	0.0666666666666667	0.0740740740740741	0.248366013071895	0.0740740740740741	0.305555555555556	0.388888888888889	0.666666666666667	0.5	0.222222222222222	0	0	0	0.64484126984127	0.134074074074074
chr21:10701389-10701511	NA	0	NA	NA	0	NA	NA	NA	NA	NA	NA	NA	NA	0.367521367521368	0.495726495726496	0.423747276688453	0.377220480668757	0.275793650793651	0.266666666666667	0.46474358974359	0.159615384615385	0.309401709401709	0.579710144927536	0.383333333333333	0.472222222222222	0.398809523809524	0.202380952380952	0.518518518518518	0.379084967320261	0.537037037037037	NA	NA	NA	NA	NA	NA	NA	0.140384615384615	0.111842105263158	0.140384615384615	0.0992063492063492	0.185185185185185	0.111842105263158	0.112893081761006	0.0992063492063492	0.112893081761006	0.185185185185185	0.0875	0.121786492374728	0.233333333333333	0.102083333333333	0.244444444444444	0.174185463659148	0.0533333333333333	0.0726495726495727	0.0640468227424749
chr21:22896337-22896524	NA	NA	NA	NA	NA	NA	NA	NA	NA	NA	NA	NA	NA	NA	NA	0.5	0.5	0.5	1	1	0.75	0.5	0.75	NA	1	NA	0.5	NA	1	1	NA	NA	NA	NA	NA	NA	NA	0.575757575757576	0.523809523809524	0.575757575757576	0.388888888888889	0.0555555555555556	0.523809523809524	0.484848484848485	0.388888888888889	0.484848484848485	0.0555555555555556	0.592592592592593	0.37037037037037	0.111111111111111	0.944444444444445	0.2	0.412698412698413	0.111111111111111	0.166666666666667	0.159420289855072
chr21:32275173-32275289	NA	1	NA	NA	NA	NA	NA	NA	NA	NA	NA	NA	NA	0.333333333333333	1	0.5	0.5	0.916666666666667	0.8	0.666666666666667	0.571428571428572	1	0.5	0.888888888888889	0.5	0.222222222222222	1	0.5	0.916666666666667	0.333333333333333	NA	NA	NA	NA	NA	NA	NA	0.166666666666667	0.326388888888889	0.166666666666667	0.111111111111111	0.533333333333333	0.326388888888889	0.0833333333333333	0.111111111111111	0.0833333333333333	0.533333333333333	0.0666666666666667	0.037037037037037	0.5	0.142857142857143	0.2	0.270833333333333	0.166666666666667	0.481481481481481	0.18859649122807
chr22:25465562-25465700	0	NA	0	0.277777777777778	NA	0	NA	1	NA	NA	NA	NA	NA	0.555555555555555	0.592592592592593	0.882352941176471	0.866666666666667	0.722222222222222	0.866666666666667	0.166666666666667	0.979166666666667	0.518518518518518	0.430555555555556	0.941176470588235	0.5	0.166666666666667	0.944444444444445	0.875	0.333333333333333	0.866666666666667	0.25	0	NA	NA	NA	NA	NA	0.0555555555555556	0.15	0.0555555555555556	0.0958605664488017	0.213675213675214	0.15	0.104166666666667	0.0958605664488017	0.104166666666667	0.213675213675214	0.136111111111111	0.177777777777778	0.555555555555555	0.0476190476190476	0.206349206349206	0.222222222222222	0.722222222222222	0.323809523809524	0.561427216690375
chr22:32928780-32928795	1	1	0.306060606060606	0.866666666666667	0.0858585858585859	0.233333333333333	0.0833333333333333	0.105555555555556	0.2	0.333333333333333	1	0.666666666666667	0.5	0.651010101010101	0.43218954248366	0.488888888888889	0.363247863247863	0.662103174603175	0.721850079744817	0.317460317460317	0.56547619047619	0.463203463203463	0.533333333333333	1	0.5	0.266666666666667	0.642857142857143	0.0555555555555556	0.6625	0.0208333333333333	NA	0.291666666666667	1	0	0	0	0	0	0	0	0.425925925925926	0	0	0.1	0.425925925925926	0.1	0	NA	NA	0.0416666666666667	0	0	0.037037037037037	NA	0.642937807534081	0.31910288293267
chr22:39572333-39572455	0.267880406630407	0.519245245982088	0.0555657847165035	0.330918145035792	0.258134920634921	0.543883801383801	0.358333333333333	0.0409259259259259	0.112478094266597	0.196061837793855	0.166332712178554	0.325613149034202	0.434608300512205	0.969812342499724	0.867895072931371	0.852040816326531	0.525496342737722	0.498339254730232	0.119074675324675	0.436064136480803	0.835267680662418	0.291760076519802	0.291666666666667	0.946780303030303	0.228422619047619	NA	1	0.875967628430683	0.876257835810681	1	0.266534391534392	0.00246913580246914	0.137842506975782	0.191602131053391	0.111299732014018	0.178096364429132	0.126639346687935	0.140713861302097	0.483636363636364	0.140713861302097	0.252299106749235	0.112681986953087	0.483636363636364	0.423416053216778	0.252299106749235	0.423416053216778	0.112681986953087	0.113095238095238	0.0921882220901829	1	0.166666666666667	0.0686914915747868	0.148601662887377	0.144897959183673	0.339493770080123	0.248544484594496
chr22:47130338-47130394	0.178571428571429	0.666666666666667	NA	0.0714285714285714	0.1	0.0833333333333333	NA	0.207407407407407	0.0453216374269006	0.0682043650793651	0.446391055086707	0.179975801572898	0.273809523809524	0.533333333333333	0.883333333333333	0.2375	0.867724867724868	0.104166666666667	0.170940170940171	0.888888888888889	1	0.0208333333333333	0.0779220779220779	0.822222222222222	1	1	0.583333333333333	1	0.5	NA	0.361111111111111	0.0833333333333333	0	0.0674603174603175	0.138888888888889	0.108333333333333	0.0166666666666667	0.037037037037037	0.388888888888889	0.037037037037037	0.138888888888889	0.0555555555555556	0.388888888888889	0.0833333333333333	0.138888888888889	0.0833333333333333	0.0555555555555556	0.23015873015873	0.103174603174603	0.101010101010101	0.11965811965812	0.122222222222222	0	0	0.0757164031620553	0.169954648526077
chr22:50985796-50985848	0.146363636363636	0	0.191666666666667	0.025	0.0828571428571429	0	0.0142857142857143	0.0125	0.5	0.277777777777778	0.204166666666667	0.0555555555555556	0.5	0.14047619047619	0.033955857385399	0.145833333333333	0.0111111111111111	0.437727272727273	1	0.5	0.547619047619048	0	0.488095238095238	0.0619047619047619	0.158989898989899	0	0.135555555555556	1	0.180555555555556	0.0555555555555556	0	0.0285714285714286	0.0583333333333333	0.0685714285714286	0.0583333333333333	0	0	0	0.02	0	0	0	0.02	0	0	0	0	0.133333333333333	0.0166666666666667	0.356481481481481	0	0	0	0	0.262067128845912	0.0492703982177666
chr22:50985855-50985880	0	NA	NA	NA	NA	1	0.291666666666667	NA	NA	0	NA	NA	0	0.578282828282828	0.314685314685315	0.666666666666667	0.0185185185185185	0.197643097643098	1	0.972222222222222	0.368589743589744	0	0	0.866666666666667	0.911111111111111	0	1	1	0.642857142857143	0	NA	NA	NA	NA	NA	NA	NA	0	0	0	0	0.433333333333333	0	0	0	0	0.433333333333333	0.0333333333333333	0.0779220779220779	0	0	0	NA	0	0.285510785510785	0.123044516052035
chr2:145268342-145268474	NA	0.0555555555555556	1	NA	0	NA	NA	NA	NA	0.5	NA	NA	NA	0.555555555555555	0.622222222222222	0.6	1	0.538461538461538	1	0.740740740740741	0.694444444444444	0.222222222222222	0.412698412698413	0.412698412698413	0.583333333333333	0.666666666666667	0	0.412698412698413	0.111111111111111	0	NA	NA	NA	NA	NA	NA	NA	0.0989010989010989	0	0.0989010989010989	0.0277777777777778	0.178571428571429	0	0.141578947368421	0.0277777777777778	0.141578947368421	0.178571428571429	0.138888888888889	1	0.163636363636364	0.0831168831168831	0.05	0.0925925925925926	0.208333333333333	0.0825454545454545	0.226315789473684
chr2:149876988-149877099	NA	NA	NA	NA	1	NA	NA	NA	NA	NA	NA	NA	NA	0.666666666666667	0.916666666666667	0.305555555555556	0.0666666666666667	0.133333333333333	0.5	0.487179487179487	0.644444444444444	0.476190476190476	0.833333333333333	0.133333333333333	0.5	1	0.8	0.333333333333333	0.5	0.666666666666667	NA	NA	NA	NA	NA	NA	NA	0.178571428571429	0.0555555555555556	0.178571428571429	0.476190476190476	0.0476190476190476	0.0555555555555556	0.116161616161616	0.476190476190476	0.116161616161616	0.0476190476190476	0.037037037037037	0.12037037037037	0.8	0.5	0.182539682539683	0	0	0.318194444444444	0.244268077601411
chr2:205889909-205890100	NA	NA	NA	NA	1	0	0.111111111111111	1	NA	0	NA	NA	NA	0.756410256410256	0.711484593837535	0.457142857142857	0.933333333333333	0.722222222222222	0.478787878787879	0.694444444444444	0.461111111111111	0.277777777777778	0.541666666666667	0.388888888888889	0.555555555555555	0.833333333333333	0.740740740740741	0.666666666666667	0.461111111111111	0.480952380952381	NA	NA	NA	NA	NA	NA	NA	0.43125	0.0238095238095238	0.43125	0.661396574440053	0.0625	0.0238095238095238	0.0660714285714286	0.661396574440053	0.0660714285714286	0.0625	0.118681318681319	0.968333333333333	0.161111111111111	0.292857142857143	0.0606060606060606	0.138888888888889	0.166666666666667	0.154001074113856	0.155934959349594
chr2:233251924-233251930	NA	NA	0.5	0.0555555555555556	0.25	0.25	1	0.333333333333333	0	NA	0	0	0	0.682539682539682	0.652116402116402	0.462962962962963	0.611111111111111	1	0.455555555555556	0.542328042328042	0.362037037037037	0.5	1	0.535714285714286	0.488095238095238	0.619047619047619	1	0.455555555555556	0.862387853692202	1	0.0416666666666667	0	NA	NA	NA	NA	NA	0.333333333333333	0.277777777777778	0.333333333333333	0	NA	0.277777777777778	NA	0	NA	NA	0.333333333333333	0	0.638888888888889	0	NA	0.277777777777778	0.277777777777778	0.298196570978382	0.45456795914113
chr2:235403074-235403168	NA	NA	NA	NA	NA	NA	NA	NA	NA	NA	NA	NA	NA	0.777777777777778	0.5	0.515151515151515	0.37037037037037	0.125	0.533333333333333	0.5	0.875	1	0.37037037037037	0.916666666666667	1	0.266666666666667	1	0.933333333333333	0.541666666666667	0.333333333333333	NA	NA	NA	NA	NA	NA	NA	0.161111111111111	0.0555555555555556	0.161111111111111	0.148148148148148	0.19327731092437	0.0555555555555556	0.0277777777777778	0.148148148148148	0.0277777777777778	0.19327731092437	0.0555555555555556	0.916666666666667	0.5	1	0	0.5	0.127272727272727	0.106763285024155	0.0723964382500968
chr2:30128923-30129078	NA	NA	NA	NA	NA	NA	NA	NA	NA	NA	NA	NA	NA	0.5	0.5	0.333333333333333	1	0.75	0.25	0.5	0.5	0.75	0.333333333333333	0.666666666666667	0.5	NA	0.333333333333333	0.8	0.5	0.866666666666667	NA	NA	NA	NA	NA	NA	NA	0.466666666666667	0.527777777777778	0.466666666666667	0.130769230769231	0.133333333333333	0.527777777777778	0.527777777777778	0.130769230769231	0.527777777777778	0.133333333333333	0	0.541666666666667	0	0.430555555555556	0.111111111111111	0.0833333333333333	0.5	0.357575757575758	0.217171717171717
chr2:49472259-49472442	NA	NA	NA	NA	NA	NA	NA	NA	NA	NA	NA	NA	NA	0.2	0.5	0.5	0.666666666666667	0.333333333333333	0.666666666666667	0.75	0.5	0.75	0.666666666666667	0.666666666666667	1	1	0.5	0.5	0.6	0.5	NA	NA	NA	NA	NA	NA	NA	0.276190476190476	0.344444444444444	0.276190476190476	0.395833333333333	0.166666666666667	0.344444444444444	0.333333333333333	0.395833333333333	0.333333333333333	0.166666666666667	0.373737373737374	0.318181818181818	0.545454545454545	0.523809523809524	0.320512820512821	0.916666666666667	0.151515151515152	0.333333333333333	0.186868686868687
chr2:5784636-5784805	NA	NA	NA	NA	NA	NA	NA	NA	NA	NA	NA	NA	NA	0.875	0.5	0.8	0.5	0.5	0.5	0.8	0.6	0.666666666666667	0.5	1	1	1	1	0.666666666666667	0.5	0.333333333333333	NA	NA	NA	NA	NA	NA	NA	0.181818181818182	0.5	0.181818181818182	0.166666666666667	1	0.5	0.166666666666667	0.166666666666667	0.166666666666667	1	0.166666666666667	0.166666666666667	0.0833333333333333	0.0555555555555556	0.533333333333333	0.5	0.166666666666667	0.857142857142857	0.174603174603175
chr3:105601671-105601833	NA	NA	NA	0	1	1	NA	NA	NA	NA	NA	0	NA	0.3	0.412698412698413	0.466666666666667	0.365079365079365	0.694444444444444	0.974358974358974	0.430555555555556	0.379084967320261	0.466666666666667	0.811111111111111	0.666666666666667	0.944444444444445	1	0.682539682539682	0.571428571428572	0.733333333333333	0.611111111111111	NA	0	NA	NA	NA	NA	NA	0.590909090909091	0.5	0.590909090909091	0.0794871794871795	0.065	0.5	0.146428571428571	0.0794871794871795	0.146428571428571	0.065	0.0583333333333333	0.15	0.15	NA	0.5	0	0.0277777777777778	0.542457395329266	0.745879120879121
chr3:12937212-12937293	1	NA	NA	0	0	0.133333333333333	NA	0.277777777777778	NA	NA	NA	NA	NA	0.357142857142857	0.494047619047619	0.488888888888889	1	0.415204678362573	0.212121212121212	0.133333333333333	0.541666666666667	0.605128205128205	0.142857142857143	1	0.1	0.19047619047619	0	0.656410256410256	0.355555555555556	0.142857142857143	0	0	0	NA	NA	NA	NA	0.3	0.0476190476190476	0.3	0.159090909090909	0.0666666666666667	0.0476190476190476	0.0384615384615385	0.159090909090909	0.0384615384615385	0.0666666666666667	0.314814814814815	0.0625	0.2	0	0.142857142857143	NA	NA	0.113822340530415	0.18150888499562
chr3:32345051-32345248	NA	NA	NA	NA	NA	NA	NA	NA	NA	NA	NA	NA	NA	0.5	0.888888888888889	0.166666666666667	0.916666666666667	0.916666666666667	0.541666666666667	1	0.6	0.333333333333333	0.333333333333333	0.523809523809524	0.866666666666667	1	0	0.866666666666667	0.142857142857143	0.0833333333333333	NA	NA	NA	NA	NA	NA	NA	0.0416666666666667	0.0666666666666667	0.0416666666666667	0.306818181818182	0.0357142857142857	0.0666666666666667	0.114285714285714	0.306818181818182	0.114285714285714	0.0357142857142857	0.237962962962963	0.154761904761905	0.125	0.133333333333333	0.0606060606060606	0.0416666666666667	0.0230769230769231	0.704166666666667	0.104193410355156
chr3:55480867-55480964	NA	NA	0.5	0.166666666666667	NA	1	0.166666666666667	0.0714285714285714	NA	NA	NA	NA	NA	0.571428571428572	0.888888888888889	0.944444444444445	0.694444444444444	0.611111111111111	0.305555555555556	0.166666666666667	0.583333333333333	0.388888888888889	0.166666666666667	0.944444444444445	0.327777777777778	1	1	0.958333333333333	0.944444444444445	0.933333333333333	1	0	NA	NA	NA	NA	NA	0.462745098039216	0.0384615384615385	0.462745098039216	0.130952380952381	0.0476190476190476	0.0384615384615385	0.0416666666666667	0.130952380952381	0.0416666666666667	0.0476190476190476	0.347222222222222	0.15	0.622222222222222	0.133333333333333	0.5	0.0555555555555556	0	0.139105339105339	0.0536602700781805
chr3:68792026-68792218	NA	1	NA	NA	NA	NA	NA	NA	NA	NA	NA	NA	NA	0.6	0.333333333333333	0.666666666666667	0.285714285714286	0.333333333333333	0.75	1	0.5	0.333333333333333	0.5	0.333333333333333	1	0.666666666666667	1	0.5	0.4	NA	NA	NA	NA	NA	NA	NA	NA	0.111111111111111	0.148148148148148	0.111111111111111	0.0909090909090909	0.0833333333333333	0.148148148148148	0.0833333333333333	0.0909090909090909	0.0833333333333333	0.0833333333333333	0.694444444444444	0.166666666666667	0.666666666666667	0.166666666666667	0.555555555555555	0.111111111111111	0.694444444444444	0.646551724137931	0.435016835016835
chr3:71734062-71734193	NA	NA	NA	NA	NA	NA	NA	NA	NA	0	NA	NA	NA	0.694444444444444	0.857142857142857	0.5	0.944444444444445	0.933333333333333	0.133333333333333	0.866666666666667	0.916666666666667	0.25	0.5	0.857142857142857	0.5	0.916666666666667	0.925925925925926	0.2	0.866666666666667	0.25	NA	NA	NA	NA	NA	NA	NA	0.188034188034188	0.5	0.188034188034188	0.466666666666667	0.0512820512820513	0.5	0.147222222222222	0.466666666666667	0.147222222222222	0.0512820512820513	0.0625	0.452020202020202	0.25	0.0666666666666667	0.0666666666666667	0.222222222222222	0	0.239189189189189	0.121354166666667
chr3:75904845-75904942	0.5	NA	NA	NA	NA	NA	NA	0.277777777777778	NA	NA	NA	NA	NA	0.5	1	0.888888888888889	0.666666666666667	0.916666666666667	0.2	0.944444444444445	0.766666666666667	0.111111111111111	0.166666666666667	0.5	1	1	0.75	0.916666666666667	0.133333333333333	0.916666666666667	0.111111111111111	NA	NA	NA	NA	NA	NA	0.0757575757575758	0.175925925925926	0.0757575757575758	0.218253968253968	0.9375	0.175925925925926	0.423015873015873	0.218253968253968	0.423015873015873	0.9375	0.0833333333333333	0.142424242424242	0.333333333333333	0.146990740740741	0.194444444444444	0	0.916666666666667	0.0833333333333333	0.0535714285714286
chr4:121206489-121206647	0.0333333333333333	NA	0	0.0333333333333333	NA	0.166666666666667	0	1	NA	NA	NA	NA	0	0.6	0.333333333333333	0.666666666666667	0.5	0.5	0.5	0.666666666666667	0.833333333333333	0.428571428571429	0.75	0.5	0.666666666666667	0.666666666666667	0.4	0.5	0.666666666666667	0.666666666666667	0.166666666666667	NA	NA	NA	NA	NA	NA	0.0769230769230769	0.395833333333333	0.0769230769230769	0.155555555555556	0.111111111111111	0.395833333333333	0.333333333333333	0.155555555555556	0.333333333333333	0.111111111111111	0.156862745098039	0.0666666666666667	0.166666666666667	0.19047619047619	0.2	0	0.0555555555555556	0.181609195402299	0.23044548044548
chr4:16068380-16068529	NA	NA	NA	NA	NA	NA	NA	NA	NA	NA	NA	NA	NA	0.5625	0.444444444444444	0.5	0.555555555555556	0.642857142857143	0.8	0.6	0.4	0.5	0.5	0.6	0.75	0.5	0.333333333333333	0.444444444444444	0.636363636363636	0.5	NA	0	NA	NA	NA	NA	NA	0.166666666666667	0.533333333333333	0.166666666666667	0.493055555555556	0.185185185185185	0.533333333333333	0.488888888888889	0.493055555555556	0.488888888888889	0.185185185185185	0.422222222222222	0.142857142857143	0.0952380952380952	0.466666666666667	0.148148148148148	0.0952380952380952	0.222222222222222	0.470760233918129	0.131410256410256
chr4:22135736-22135961	NA	NA	NA	NA	NA	NA	NA	NA	NA	NA	NA	NA	NA	0.666666666666667	0.166666666666667	0.5	1	1	0.476190476190476	0.5	0.944444444444445	0.555555555555555	0.5	0.5	NA	0	0.916666666666667	1	0.523809523809524	1	NA	NA	NA	NA	NA	NA	NA	0.23015873015873	0.119047619047619	0.23015873015873	0.104166666666667	0.388888888888889	0.119047619047619	0.666666666666667	0.104166666666667	0.666666666666667	0.388888888888889	0.318181818181818	0.148148148148148	0.2	0.19047619047619	0.523809523809524	0.133333333333333	0.0666666666666667	NA	0.125
chr4:23473687-23473840	0	NA	NA	NA	NA	1	1	0	NA	NA	NA	NA	NA	0.333333333333333	0.75	0.5	0	0.333333333333333	0.5	0.571428571428571	0.166666666666667	0.8	0.5	1	1	1	0.5	0.5	0.5	0.8	NA	NA	NA	NA	NA	NA	NA	0.481481481481481	0.133333333333333	0.481481481481481	0.181818181818182	0.133333333333333	0.133333333333333	0.0952380952380952	0.181818181818182	0.0952380952380952	0.133333333333333	0.222222222222222	0	0.0833333333333333	0.111111111111111	0.111111111111111	0	0	0.05	0.080952380952381
chr4:23880970-23881113	NA	NA	NA	NA	NA	NA	NA	NA	NA	NA	NA	NA	NA	0.75	0.962962962962963	0.904761904761905	1	0.222222222222222	0.916666666666667	0.0952380952380952	1	0.904761904761905	0.909090909090909	0.5	0.111111111111111	0.25	0.5	0.866666666666667	0.5	0.75	NA	NA	NA	NA	NA	NA	NA	0.114666666666667	0.166666666666667	0.114666666666667	0.659090909090909	0.38202614379085	0.166666666666667	0.55812324929972	0.659090909090909	0.55812324929972	0.38202614379085	0.0995454545454545	0.306060606060606	0.0880952380952381	0.114285714285714	0.238095238095238	0.122222222222222	0.0185185185185185	0.0512544802867384	0.087962962962963
chr4:24796985-24797083	1	0.612517734366474	0.0403340823508891	0.026984126984127	0	1	0	0	0.0212311762311762	0.0840524549884156	0.134615327612527	0.138685861941676	0.167120181405896	0.771825396825397	0.556418219461698	0.778703703703704	0.588888888888889	0.653703703703704	0.679679144385027	0.770562770562771	0.976262626262626	0.490384615384615	0.534928229665072	0.130973084886128	0.652116402116402	0.383333333333333	0.642857142857143	0.0956043956043956	0.702777777777778	0.875	0	0	0.0358231583231583	0.00725232621784346	0.0400299166889556	0.00198412698412698	0.102380952380952	0.0706168831168831	0.333333333333333	0.0706168831168831	0.13629921665636	0.463203463203463	0.333333333333333	0.0337301587301587	0.13629921665636	0.0337301587301587	0.463203463203463	0.822751322751323	0.138888888888889	NA	0.0733333333333333	0.130952380952381	0.0166666666666667	0.0504225932797361	0.0919604205318491	0.0896164021164021
chr4:57547618-57547698	NA	NA	NA	NA	NA	NA	1	NA	NA	NA	NA	NA	NA	0.182539682539683	0.833333333333333	0.476190476190476	0.333333333333333	0.254545454545455	0.5	0.6	0.5	0.523809523809524	0.0555555555555556	0.833333333333333	1	NA	1	0.611111111111111	0	0.866666666666667	NA	NA	NA	NA	NA	NA	NA	0.125	0.0666666666666667	0.125	0.301328502415459	0.256410256410256	0.0666666666666667	0.0119047619047619	0.301328502415459	0.0119047619047619	0.256410256410256	0.133333333333333	0.0833333333333333	0.944444444444445	0.0277777777777778	0.037037037037037	0.888888888888889	0.096969696969697	0.00847457627118644	0.00308641975308642
chr4:58370935-58371158	0.0666666666666667	NA	0	NA	NA	0	0.533333333333333	0.888888888888889	NA	NA	NA	NA	NA	0.333333333333333	1	1	0.5	0.5	0.5	0.933333333333333	0.952380952380952	0.5	0.571428571428572	1	1	0.125	0.0833333333333333	0.933333333333333	0.0833333333333333	0.666666666666667	0.5	0	NA	NA	NA	NA	NA	0.333333333333333	0.157407407407407	0.333333333333333	0.0909090909090909	0.133333333333333	0.157407407407407	0.266666666666667	0.0909090909090909	0.266666666666667	0.133333333333333	0.111111111111111	0.2	0.5	0.142857142857143	0.5	0.0555555555555556	0.0666666666666667	0.12962962962963	0.0849673202614379
chr5:31047195-31047401	NA	NA	NA	NA	NA	NA	NA	NA	NA	NA	NA	NA	NA	0.5	0.666666666666667	1	0.5	0.888888888888889	0.5	1	0.333333333333333	0.666666666666667	1	1	0	0.5	1	1	0.714285714285714	0.5	NA	NA	NA	NA	NA	NA	NA	0.487179487179487	0.0666666666666667	0.487179487179487	0.434343434343434	0.333333333333333	0.0666666666666667	0.125	0.434343434343434	0.125	0.333333333333333	0.125	0.555555555555555	0.133333333333333	0.430555555555556	0.571428571428572	0.5	0.2	0.428571428571429	0.467391304347826
chr5:31900820-31900985	1	1	NA	NA	NA	NA	NA	1	NA	NA	NA	NA	NA	0.133333333333333	1	0.0952380952380952	0.5	0.666666666666667	0.5	0.944444444444445	0.541666666666667	0.111111111111111	0.933333333333333	1	1	0.5	0.2	0.916666666666667	0.0666666666666667	NA	1	0	NA	NA	NA	NA	NA	0.388888888888889	0.0833333333333333	0.388888888888889	0.0952380952380952	0	0.0833333333333333	0.133333333333333	0.0952380952380952	0.133333333333333	0	0.555555555555555	0.700854700854701	0.0666666666666667	0.0666666666666667	0.365079365079365	0	NA	0.414021164021164	0.104482323232323
chr5:3260551-3260682	NA	NA	NA	1	NA	NA	NA	NA	NA	NA	NA	NA	NA	0.4	0.222222222222222	0.5	1	0.904761904761905	0.166666666666667	0.5	0.904761904761905	0.5	0.347222222222222	0.666666666666667	1	1	0.166666666666667	0.933333333333333	0.933333333333333	1	NA	NA	NA	NA	NA	NA	NA	0.177083333333333	0.222222222222222	0.177083333333333	0.239393939393939	0.125396825396825	0.222222222222222	0.122222222222222	0.239393939393939	0.122222222222222	0.125396825396825	0.204545454545455	0.133333333333333	0.566666666666667	0.206349206349206	0.2	0.555555555555555	0.5	0.864035087719298	0.166666666666667
chr5:61436325-61436582	NA	NA	NA	NA	NA	NA	NA	NA	NA	NA	NA	NA	NA	0.5	0.5	0.666666666666667	0.333333333333333	0.75	0.6	1	0.5	0.666666666666667	0.5	0.666666666666667	0	0.5	1	0.75	1	1	NA	NA	NA	NA	NA	NA	NA	0.320512820512821	0.148148148148148	0.320512820512821	0.166666666666667	0.407407407407407	0.148148148148148	0.312820512820513	0.166666666666667	0.312820512820513	0.407407407407407	0.166666666666667	0.555555555555555	0.888888888888889	0.2	0.125	0.166666666666667	0.111111111111111	0.266666666666667	0.186666666666667
chr6:11224784-11224874	NA	NA	NA	NA	NA	NA	NA	NA	NA	NA	NA	NA	NA	0.444444444444444	0.652777777777778	0.904761904761905	0.555555555555555	0.541666666666667	0.916666666666667	0.0666666666666667	0.5	0.166666666666667	0.148148148148148	0.58974358974359	0.666666666666667	0.2	0.523809523809524	0.916666666666667	0.133333333333333	1	0	NA	NA	NA	NA	NA	NA	0.0833333333333333	NA	0.0833333333333333	0.347222222222222	0.182539682539683	NA	0.0714285714285714	0.347222222222222	0.0714285714285714	0.182539682539683	0.277777777777778	0	0.0833333333333333	0.0238095238095238	0.457407407407407	NA	0.5	0.213426305715067	0.359163124873507
chr6:148901764-148901886	NA	NA	NA	NA	NA	NA	NA	NA	NA	NA	NA	NA	NA	0.333333333333333	0.0833333333333333	0.166666666666667	0.5	0.916666666666667	0.5	0.125	0.0833333333333333	0.583333333333333	0.533333333333333	0.19047619047619	0.2	0.952380952380952	0.5	0.666666666666667	0.933333333333333	0.5	NA	NA	NA	NA	NA	NA	NA	0.407407407407407	0.0555555555555556	0.407407407407407	0.185185185185185	0.166666666666667	0.0555555555555556	0.110119047619048	0.185185185185185	0.110119047619048	0.166666666666667	0.114285714285714	0.0625	0.111111111111111	0.133333333333333	0.125	0.0952380952380952	0.333333333333333	0.0981216708718811	0.100430107526882
chr7:116151915-116152020	NA	NA	NA	0.166666666666667	1	NA	NA	NA	NA	NA	NA	NA	NA	0.463235294117647	0.954191033138402	0.916666666666667	0.336309523809524	0.3125	0.984848484848485	0.981481481481482	0.885416666666667	0.1	1	0.208333333333333	0.5	1	0.888888888888889	0.362037037037037	0.493589743589744	0.938492063492064	NA	NA	NA	NA	NA	NA	NA	0.126328502415459	0.0633333333333333	0.126328502415459	0.0833333333333333	0.0666666666666667	0.0633333333333333	0.484313725490196	0.0833333333333333	0.484313725490196	0.0666666666666667	0.383030303030303	0.216666666666667	0.457407407407407	0.398518518518519	0.133333333333333	0	1	0.395165366741577	0.0668984056358917
chr7:154409719-154409876	1	0.527777777777778	NA	NA	0.111111111111111	1	1	0.166666666666667	0.638888888888889	0.0555555555555556	0.194444444444444	0.666666666666667	0.2375	0.8	0.19047619047619	0.909090909090909	0.5	0.962962962962963	0.5	0.833333333333333	0.96969696969697	0.888888888888889	0.666666666666667	0.75	0.5	0.5	0.933333333333333	0.238095238095238	0.666666666666667	0.5	0.166666666666667	0	NA	0.855555555555556	NA	NA	1	0.333333333333333	0.128205128205128	0.333333333333333	0.261538461538462	0.3	0.128205128205128	0.121212121212121	0.261538461538462	0.121212121212121	0.3	0.318181818181818	0.333333333333333	0.0909090909090909	0.142857142857143	0.0833333333333333	0.0833333333333333	0.143589743589744	0.253968253968254	0.0676304420073114
chr7:27150519-27150597	0.669444444444445	0.798961038961039	0.35	0.35	0.3325	0.358333333333333	0.358333333333333	0.358333333333333	0.119444444444444	0.417526399401925	0.0538095238095238	0.043768115942029	0.208015513897867	0.851851851851852	0.914393939393939	0.418181818181818	1	1	0.418181818181818	1	0.791062801932367	0.918181818181818	1	0.861471861471861	0.555555555555555	0.914141414141414	0.6625	0.395833333333333	0.479824561403509	1	0.358333333333333	NA	0.2175	0.0776942355889724	0.193735676088617	0.128652597402597	0.0992207792207792	0.0988095238095238	0.843434343434343	0.0988095238095238	0.466666666666667	0.182539682539683	0.843434343434343	0	0.466666666666667	0	0.182539682539683	0.0733333333333333	0.388888888888889	0.0888888888888889	0.979166666666667	0.583333333333333	0	0	0.247933070866142	0.0490445269016698
chr7:40786842-40787014	NA	NA	NA	NA	NA	NA	NA	NA	NA	NA	NA	NA	NA	1	0.5	0.5	0.833333333333333	1	1	1	0.333333333333333	0.666666666666667	0.2	0.5	0.75	NA	0.75	1	0.5	0.5	NA	NA	NA	NA	NA	NA	NA	0.166666666666667	0.5	0.166666666666667	0.153846153846154	0.2	0.5	0.181818181818182	0.153846153846154	0.181818181818182	0.2	0.933333333333333	0.694444444444444	0.666666666666667	0.222222222222222	0.866666666666667	0.0833333333333333	0.333333333333333	0.266666666666667	0.190909090909091
chr7:504752-504798	0.570833333333333	1	0.0555555555555556	0.222222222222222	0.388888888888889	0.358333333333333	1	NA	0.2	0.722222222222222	0.796296296296296	1	0.189285714285714	0.785	1	0.422814440993789	0.972222222222222	0.195779220779221	1	0.5	0.572727272727273	0.9275	0.244444444444444	0.541666666666667	0.868055555555555	1	NA	0.425925925925926	0.496263736263736	0.788837478311162	1	1	0	0.166666666666667	0.166666666666667	0.583333333333333	0.166666666666667	0.0238095238095238	0	0.0238095238095238	0.291428571428571	0.0333333333333333	0	0.0833333333333333	0.291428571428571	0.0833333333333333	0.0333333333333333	0.182844129554656	0.025	0.277777777777778	0.025	0.334285714285714	NA	1	0.594871784875391	0.301437595221723
chr7:63147430-63147671	NA	NA	1	NA	NA	NA	0	1	NA	NA	NA	NA	NA	0.478696741854637	0.575757575757576	0.407407407407407	0.805555555555555	0.0555555555555556	0.166666666666667	0.0833333333333333	0.473214285714286	0.166666666666667	0.351851851851852	0.75	0.916666666666667	1	1	0.448484848484848	0.537037037037037	0.222222222222222	0	NA	NA	NA	NA	NA	NA	0.110294117647059	0.19047619047619	0.110294117647059	0.181372549019608	0.166666666666667	0.19047619047619	0.106837606837607	0.181372549019608	0.106837606837607	0.166666666666667	0.125	0.209090909090909	0.111111111111111	0.25	0.116666666666667	0.111111111111111	0.0208333333333333	0.728395061728395	0.181190476190476
chr7:92325241-92325327	NA	NA	NA	NA	NA	NA	NA	NA	NA	NA	NA	NA	NA	0.509803921568627	0.622222222222222	0.811111111111111	0.166666666666667	0.766666666666667	0.142857142857143	0.466666666666667	0.469047619047619	0.716931216931217	0.844444444444444	0.377777777777778	0.533333333333333	0.5	1	0.933333333333333	0.469565217391304	0.227272727272727	NA	NA	NA	NA	NA	NA	NA	0	0.0833333333333333	0	0.220238095238095	0.434126984126984	0.0833333333333333	0.328070175438596	0.220238095238095	0.328070175438596	0.434126984126984	0	0.555555555555555	0.125	0.22156862745098	0.716666666666667	0.182539682539683	0.0277777777777778	0.527777777777778	0.176146384479718
chr8:104349104-104349201	NA	NA	NA	NA	NA	NA	1	NA	NA	0.166666666666667	NA	NA	NA	0.5	0.851851851851852	0.472222222222222	0.0833333333333333	0.5	0.523809523809524	0.576470588235294	0.288888888888889	0.555555555555555	0.125	0.179487179487179	1	0.4	0.904761904761905	1	0.811111111111111	0.4	NA	NA	NA	NA	NA	NA	NA	0.282407407407407	0.133333333333333	0.282407407407407	0.166666666666667	0.166666666666667	0.133333333333333	0.0289855072463768	0.166666666666667	0.0289855072463768	0.166666666666667	0.275	0.110294117647059	0.225925925925926	0.584586466165414	0.443518518518519	0.175925925925926	0.111111111111111	0.214160839160839	0.243055555555556
chr8:145566711-145566837	0	NA	0.0208333333333333	NA	NA	NA	0	0	NA	0	NA	NA	0.0555555555555556	0.19047619047619	0.714285714285714	0.714285714285714	0.714285714285714	0.133333333333333	0.5	0.1	0.6	0.0666666666666667	0.166666666666667	0	0.666666666666667	0.6	0.5	0.5	0.75	0	0	NA	NA	NA	NA	NA	NA	0.0196078431372549	0.0208333333333333	0.0196078431372549	0.0350877192982456	0.0333333333333333	0.0208333333333333	0.0111111111111111	0.0350877192982456	0.0111111111111111	0.0333333333333333	0.0256410256410256	0.0256410256410256	0.0222222222222222	0.0416666666666667	0	0.0138888888888889	0	0.0193798449612403	0.0227272727272727
chr8:31198837-31198913	NA	NA	NA	NA	NA	NA	NA	NA	NA	NA	NA	NA	NA	0.541666666666667	NA	0.412698412698413	NA	0.6	0.6	0.166666666666667	0.351851851851852	0.694444444444444	0.366666666666667	0.365079365079365	0.888888888888889	0.166666666666667	0.6	0.916666666666667	0.583333333333333	0	NA	NA	NA	NA	NA	NA	NA	0.114285714285714	0	0.114285714285714	0.161764705882353	0.166666666666667	0	0.11965811965812	0.161764705882353	0.11965811965812	0.166666666666667	0.444444444444444	0.495421245421245	0.0625	0.123093681917211	0.162698412698413	0.5	0.142857142857143	0.0833333333333333	0.0947368421052632
chr8:42065003-42065035	0.277777777777778	NA	0	NA	1	0	0	0	NA	NA	NA	NA	NA	0.849511599511599	0.496031746031746	0.568681318681319	0.459694989106754	0.696428571428572	0.593434343434343	1	0.900176366843033	0.981481481481482	0.211111111111111	0.540909090909091	1	1	NA	0.347222222222222	0.966666666666667	0.177777777777778	0	0	NA	NA	NA	NA	NA	NA	NA	NA	0.178571428571429	0.386446886446886	NA	0.138888888888889	0.178571428571429	0.138888888888889	0.386446886446886	0.166666666666667	0.212962962962963	0.130952380952381	0.326388888888889	0.277777777777778	0.5	0.12962962962963	0.377873563218391	0.0658411949685535
chr8:48571999-48572120	0	NA	0	NA	1	NA	0	NA	0.166666666666667	0	NA	NA	NA	0.166666666666667	0.0833333333333333	0.904761904761905	0.833333333333333	0.833333333333333	0.481481481481481	0.833333333333333	0.111111111111111	0.888888888888889	0.111111111111111	0.233333333333333	NA	0	0.111111111111111	0.5	0.166666666666667	1	NA	NA	NA	NA	NA	NA	NA	0.025	0	0.025	0.0476190476190476	0.0833333333333333	0	0.0416666666666667	0.0476190476190476	0.0416666666666667	0.0833333333333333	0	0.466666666666667	0	0	0.0555555555555556	0.0166666666666667	0.0185185185185185	0.144545454545455	0.0409722222222222
chr9:102400086-102400104	NA	NA	NA	NA	NA	NA	NA	NA	NA	NA	NA	NA	NA	0.93452380952381	0.614718614718615	0.313804713804714	0.583333333333333	1	1	0.325	0.293627450980392	0.533333333333333	0.528935185185185	0.111111111111111	0.377777777777778	0.891666666666667	0	1	0.37037037037037	0.588888888888889	NA	NA	NA	NA	NA	NA	NA	0.278819444444444	0.380035650623886	0.278819444444444	0.192213423831071	0.132478632478632	0.380035650623886	0.195891472868217	0.192213423831071	0.195891472868217	0.132478632478632	0.25	0	0.112121212121212	0.0128205128205128	0.0476190476190476	0.25	0.0779220779220779	0.777120197672565	0.34585226564536
chr9:130517759-130517990	0.269642857142857	0.851303458446315	0.436201768156655	0.485119047619048	0.45095856524428	0.483058608058608	0.483333333333333	0.303910375338947	0.0595238095238095	0.0678834260977118	0.279385788016059	0.149379638218924	0.283114696923582	0.716583836684762	0.450505050505051	0.864848484848485	0.980597097138451	0.410284543925097	0.79	0.9875	1	0.666666666666667	0.451282051282051	0.734596137305497	0.701666666666667	0.213333333333333	1	0.733512820512821	0.926763867940339	0.621710526315789	0.505357142857143	0.0404761904761905	0	0	0.00446428571428571	0	0	0.250214071642643	0.246930114638448	0.250214071642643	0.174105594956659	0.461119832548404	0.246930114638448	0.00883838383838384	0.174105594956659	0.00883838383838384	0.461119832548404	0.866886645962733	0.0761009667024705	0.554668447717353	0.152597402597403	0.0716553287981859	0.00511695906432749	0.00793650793650794	0.879312775635356	0.292125481849766
chr9:138123979-138124183	NA	NA	NA	NA	NA	NA	NA	NA	NA	NA	NA	NA	NA	0.6	0.6	0.333333333333333	0.666666666666667	0.25	0.5	0.333333333333333	0.285714285714286	0.555555555555556	0.666666666666667	0.833333333333333	1	0.666666666666667	0.5	0.133333333333333	0.166666666666667	0.666666666666667	NA	NA	NA	NA	NA	NA	NA	0.180555555555556	0.181818181818182	0.180555555555556	0.196969696969697	0.136363636363636	0.181818181818182	0.1875	0.196969696969697	0.1875	0.136363636363636	0.192982456140351	0.175438596491228	0.0833333333333333	0.2	0.166666666666667	0.2	0.196078431372549	0.166666666666667	0.19047619047619
chr9:7656802-7657013	NA	NA	NA	NA	NA	NA	NA	NA	NA	NA	NA	NA	NA	0.495833333333333	0.430555555555556	0.361111111111111	0.2	0.153846153846154	0.533333333333333	0.656565656565657	0.277777777777778	0.181818181818182	0.333333333333333	0.333333333333333	0.407407407407407	0.19047619047619	0.5	0.944444444444445	0.538461538461538	0.6	0.166666666666667	NA	NA	NA	NA	NA	NA	0.115079365079365	0.111111111111111	0.115079365079365	0.374074074074074	0.116666666666667	0.111111111111111	0.15406162464986	0.374074074074074	0.15406162464986	0.116666666666667	0.137362637362637	0.333333333333333	0.0512820512820513	0.2	0.125	0.0333333333333333	0.6	0.103333333333333	0.181767868437698
chr9:86785904-86785976	NA	NA	NA	NA	1	NA	0	NA	NA	NA	NA	NA	NA	0.761904761904762	0.343434343434343	0.622222222222222	0.430555555555556	0.62962962962963	0.944444444444445	0.875	0.511111111111111	0.287878787878788	0.722222222222222	0.412698412698413	0.972222222222222	0.412698412698413	0.533333333333333	0.361111111111111	0.476190476190476	0.933333333333333	1	0.277777777777778	NA	NA	NA	NA	NA	0.154761904761905	0.166666666666667	0.154761904761905	0.5	NA	0.166666666666667	0.0595238095238095	0.5	0.0595238095238095	NA	0.0333333333333333	0	0	0.438888888888889	0	0.433333333333333	0.211111111111111	0.383566040763922	0.310248327328873
chr9:97788174-97788297	1	1	0.111111111111111	0.541666666666667	0.722222222222222	0.261904761904762	1	0.583333333333333	NA	0.583333333333333	0.166666666666667	NA	NA	0.172161172161172	0.425925925925926	0.416666666666667	0.869047619047619	0.53042328042328	0.335294117647059	0.722222222222222	0.449084249084249	0.482142857142857	0.520833333333333	0.551851851851852	0.554166666666667	0.533333333333333	0.375	0.822222222222222	0.411111111111111	1	0	1	NA	NA	NA	NA	NA	0.104515599343186	0.462301587301587	0.104515599343186	0.12842211108465	0.122222222222222	0.462301587301587	0.125802968960864	0.12842211108465	0.125802968960864	0.122222222222222	0.710416666666667	0.511111111111111	0.122448979591837	0.154761904761905	0.0801282051282051	0.267914438502674	0.264285714285714	0.249525305801818	0.128622432419901
