	McaM	McoM	Pvalue	OR	CI.upper	CI.lower	Logistic.P	Sens	Spec	AUC
BCAN_156616561	0.203315284002729	0.131194008294773	0.0188462573099748	5.29964937301334	10.3260315841742	1.40908965243043	0.0485795276588276	0.7	0.7	0.7425
BCAN_156616555	0.12970181135254	0.0716992488834682	0.0188462573099748	6.59021073262764	12.8526364348259	1.65850320647165	0.0485795276588276	0.85	0.55	0.7425
BCAN_156616536	0.161119713136391	0.0694175781884627	0.000201369785932343	12.8349527336833	22.318110305006	6.00076170385777	0.0383976753209457	0.9	0.75	0.8725
BCAN_156616519	0.399664431898981	0.376147748360082	0.816977900342225	0.652002686700964	2.93438714924789	-1.50664981635185	0.573274182070213	1	0.15	0.535
HOXA9_27204848	0.0439377001622651	0.0109688459618908	0.00330635572735491	42.981319517692	82.0100958227887	15.0318076840474	0.0404125079211709	0.736842105263158	0.894736842105263	0.803324099722992
HOXA9_27204854	0.0484870150113639	0.012951381818185	0.000502275017678606	35.7129337064687	67.5248307247796	12.5718757486687	0.0404125079211709	0.947368421052632	0.736842105263158	0.853185595567867
HOXA9_27204858	0.0574866206100998	0.0111042885678537	0.000278860196256337	53.6486580008561	97.9890091426522	23.4654890580433	0.0383976753209457	0.736842105263158	0.947368421052632	0.867036011080332
HOXA9_27204861	0.0619694772700133	0.0215290887692785	0.00102080996492662	20.1305994470931	38.8367896215146	6.22694941797357	0.0464009379632838	0.894736842105263	0.842105263157895	0.833795013850415
HOXA9_27204863	0.0439326991877285	0.0122610306134272	0.00225836203831077	41.5985416591706	74.8561647585128	14.910308513377	0.0383976753209457	0.684210526315789	0.947368421052632	0.814404432132964
HOXA9_27204879	0.0494988408017625	0.0138348876741924	0.00102080996492662	29.5309786472088	57.3798044505495	9.36208282963302	0.0464009379632838	0.842105263157895	0.736842105263158	0.833795013850415
HOXA9_27204884	0.0576594228562057	0.0167478600830314	0.000150727040266142	56.8662998197576	103.768215004635	25.9172838888423	0.0383976753209457	0.947368421052632	0.684210526315789	0.89196675900277
HOXA9_27204894	0.0851237525664854	0.0232136071073685	0.0000785010409230557	43.024523864421	80.4278349007796	17.6253029553049	0.0383976753209457	0.894736842105263	0.894736842105263	0.911357340720222
HOXA9_27204897	0.0976011874688946	0.0282513870290362	0.000213848113930331	17.9672965925793	33.6787694069789	7.39954460595009	0.0383976753209457	0.947368421052632	0.684210526315789	0.875346260387812
OTX1_63284100	0.165413528471246	0.142862261327964	0.834279794158396	1.96008196548281	6.47261252951262	-1.94661011822127	0.367647705995886	0.5	0.944444444444444	0.530555555555556
OTX1_63284093	0.0986019934530884	0.0768439366317289	0.795697978003751	5.13072851043611	13.3690948811527	-1.4056027052228	0.211125498739106	0.4	0.833333333333333	0.458333333333333
OTX1_63284083	0.0851387076388794	0.0687347012183106	0.919473274737069	3.60220577684247	11.3355887646714	-2.61664842291496	0.345025067797036	0.4	0.944444444444444	0.511111111111111
OTX1_63284081	0.134467596321133	0.170822942739081	0.170226122696444	-3.89167872406534	0.518456007889584	-9.14763276746229	0.144877901240601	0.5	1	0.65
OTX1_63284067	0.0808861118144629	0.051117006050177	0.170226122696444	9.37000291917986	22.5218751404297	0.976436919990553	0.119268772590661	0.5	0.888888888888889	0.65
OTX1_63284065	0.0729214569731466	0.0348572535357248	0.082674423212259	16.7730341452361	34.8980186473283	4.69763563228863	0.0527811911507734	0.55	1	0.688888888888889
OTX1_63284057	0.100744071919677	0.0784364343303064	0.749063199825425	3.90898261759978	10.8422908297978	-1.68176578766255	0.249924316459137	0.35	1	0.55
OTX1_63284054	0.0672220788897996	0.0518233717482864	0.834279794158396	3.64914034856575	11.8256762503604	-2.80693375322429	0.349882739442991	0.35	0.944444444444444	0.472222222222222
OTX1_63284039	0.0747643541685217	0.0527945315706835	0.702159769803198	6.13929494358586	17.1525844111857	-1.1468012086475	0.211465466783739	0.45	0.944444444444444	0.558333333333333
OTX1_63284037	0.0776115793436419	0.0733375716396328	0.364940655263155	0.847312819616231	7.30700479300416	-5.17077345414602	0.780011691294476	0.35	1	0.605555555555556
SATB2.AS1_200335527	0.0473524590100928	0.0237969513938293	0.169835401864088	22.8802262383887	50.6175209587026	3.42015514838107	0.103709722359423	0.5	1	0.65
SATB2.AS1_200335523	0.114901110153004	0.0680675121550765	0.0188462573099748	15.7196297576306	31.5834955007289	4.92755815062915	0.0485795276588276	0.65	0.95	0.745
SATB2.AS1_200335521	0.0662507887154841	0.0301571335184363	0.0373180059830686	24.6333570067496	49.7890222561046	6.79514452901414	0.0487645580908688	0.5	1	0.7175
SATB2.AS1_200335513	0.144927132139514	0.0980214384662492	0.0416510013066574	11.0991426475039	22.5369727303173	3.05646741024608	0.0487645580908688	0.5	1	0.71
SATB2.AS1_200335506	0.152570072852255	0.117863299458582	0.104663536071622	8.60150717295024	19.4934839179742	1.12969979457249	0.103709722359423	0.5	0.9	0.6725
SATB2.AS1_200335499	0.18439495790738	0.168809843923953	0.919473274737069	3.04670204710284	10.0183831316949	-2.66614824954473	0.360864811658	0.35	0.85	0.4875
cg01541645_61104309	0.0372063966702363	0.0271507180244104	0.251117403010207	13.2917727774005	30.7446851116162	-1.76730043427671	0.144877901240601	0.8	0.45	0.625
cg01541645_61104316	0.0411003085979955	0.02609827961667	0.0379243023949134	16.4057999469799	35.9623858565658	1.76038456618463	0.0984948379335377	0.75	0.7	0.715
cg01541645_61104320	0.0584733307820865	0.036244498763906	0.0058713734827291	21.7560969078694	41.2825234468415	7.04808849593908	0.0421095854323168	0.75	0.75	0.78
cg01541645_61104329	0.0354333325076907	0.0201560385687185	0.0340526354532255	27.0541009738055	53.5573811282928	6.55736006788511	0.0487645580908688	0.7	0.8	0.7225
