#node1	node2	node1_string_id	node2_string_id	node1_external_id	node2_external_id	neighborhood	fusion	cooccurence	homology	coexpression	experimental	knowledge	textmining	combined_score
RAB11B	HNRNPUL2	1851595	1848337	ENSP00000333547	ENSP00000301785	0.000	0.000	0.000	0.000	0.000	0.818	0.000	0.000	0.818
PEX5	PEX12	1860660	1843058	ENSP00000407401	ENSP00000225873	0.000	0.000	0.000	0.000	0.180	0.996	0.000	0.880	0.999
GLO1	PGM1	1855892	1855399	ENSP00000362463	ENSP00000360124	0.000	0.000	0.000	0.000	0.000	0.000	0.000	0.725	0.725
EZR	PRKCG	1852156	1845356	ENSP00000338934	ENSP00000263431	0.000	0.000	0.000	0.000	0.000	0.000	0.800	0.059	0.803
TBCD	TUBA1A	1853205	1848244	ENSP00000347719	ENSP00000301071	0.000	0.000	0.000	0.000	0.000	0.381	0.900	0.201	0.946
RPL34	SMG6	1858216	1845276	ENSP00000378160	ENSP00000263073	0.000	0.000	0.000	0.000	0.000	0.000	0.900	0.000	0.900
PNPLA1	PNPLA8	1858207	1844528	ENSP00000378072	ENSP00000257694	0.000	0.000	0.000	0.000	0.092	0.000	0.000	0.801	0.811
GPR17	KALRN	1846273	1843581	ENSP00000272644	ENSP00000240874	0.000	0.000	0.000	0.000	0.000	0.000	0.900	0.000	0.900
HNRNPUL1	RNPS1	1857971	1848328	ENSP00000375863	ENSP00000301730	0.000	0.000	0.000	0.000	0.000	0.000	0.900	0.000	0.900
GNAS	PRKACB	1855402	1855328	ENSP00000360141	ENSP00000359719	0.000	0.000	0.000	0.000	0.000	0.000	0.900	0.201	0.916
PPARG	SETDB1	1847090	1846207	ENSP00000287820	ENSP00000271640	0.000	0.000	0.000	0.000	0.000	0.566	0.900	0.181	0.961
IFITM3	IFITM1	1858761	1851288	ENSP00000382707	ENSP00000330825	0.000	0.000	0.000	0.972	0.000	0.000	0.900	0.811	0.902
ATP6V0E1	ATP6V0A2	1861726	1851449	ENSP00000427941	ENSP00000332247	0.000	0.000	0.000	0.000	0.000	0.227	0.900	0.892	0.991
DCC	TRIO	1859404	1852198	ENSP00000389140	ENSP00000339299	0.000	0.000	0.000	0.609	0.000	0.323	0.900	0.547	0.943
AGPAT1	AGPAT4	1852006	1849676	ENSP00000337463	ENSP00000314036	0.000	0.000	0.000	0.000	0.000	0.000	0.000	0.771	0.771
RHOT2	CDC42	1850404	1849707	ENSP00000321971	ENSP00000314458	0.000	0.000	0.000	0.707	0.000	0.089	0.900	0.193	0.909
FKBP5	ESR1	1852076	1842435	ENSP00000338160	ENSP00000206249	0.000	0.000	0.000	0.000	0.000	0.573	0.000	0.329	0.701
KPNA1	CSE1L	1852732	1845260	ENSP00000343701	ENSP00000262982	0.000	0.000	0.000	0.000	0.112	0.839	0.000	0.846	0.976
ITPR3	EXOC4	1856094	1844259	ENSP00000363435	ENSP00000253861	0.000	0.000	0.000	0.000	0.000	0.000	0.000	0.817	0.817
DUT	DTYMK	1857313	1848672	ENSP00000370376	ENSP00000304802	0.066	0.000	0.000	0.000	0.432	0.000	0.900	0.662	0.979
TOLLIP	PELI2	1849729	1845946	ENSP00000314733	ENSP00000267460	0.000	0.000	0.000	0.000	0.000	0.000	0.900	0.081	0.904
NUP93	RNPS1	1849329	1848328	ENSP00000310668	ENSP00000301730	0.000	0.000	0.000	0.000	0.000	0.000	0.900	0.000	0.900
RPL34	PABPC1	1858216	1849591	ENSP00000378160	ENSP00000313007	0.000	0.000	0.000	0.000	0.000	0.000	0.900	0.084	0.904
PIWIL2	MOV10L1	1853409	1845215	ENSP00000349208	ENSP00000262794	0.000	0.000	0.000	0.000	0.000	0.343	0.000	0.884	0.920
YBX1	HNRNPA2B1	1855704	1853084	ENSP00000361626	ENSP00000346694	0.000	0.000	0.000	0.000	0.105	0.843	0.900	0.391	0.990
HTR2A	TGFB1	1856916	1842869	ENSP00000367959	ENSP00000221930	0.000	0.000	0.000	0.000	0.000	0.000	0.000	0.812	0.812
COL18A1	COL9A3	1853197	1852483	ENSP00000347665	ENSP00000341640	0.000	0.000	0.000	0.624	0.000	0.000	0.900	0.177	0.905
ITPA	POLR3E	1857158	1848107	ENSP00000369456	ENSP00000299853	0.000	0.000	0.000	0.000	0.000	0.000	0.900	0.000	0.900
PPARG	FOXA1	1847090	1844009	ENSP00000287820	ENSP00000250448	0.000	0.000	0.000	0.000	0.000	0.000	0.000	0.854	0.854
CALM1	CCNE1	1853445	1845190	ENSP00000349467	ENSP00000262643	0.000	0.000	0.000	0.000	0.000	0.812	0.000	0.114	0.826
TEK	CSF1	1857139	1850929	ENSP00000369375	ENSP00000327513	0.000	0.000	0.000	0.000	0.000	0.064	0.800	0.116	0.820
ITPR3	CALM1	1856094	1853445	ENSP00000363435	ENSP00000349467	0.000	0.000	0.000	0.000	0.000	0.000	0.900	0.224	0.919
OBSCN	ARHGAP20	1862970	1844774	ENSP00000455507	ENSP00000260283	0.000	0.000	0.000	0.000	0.000	0.000	0.900	0.041	0.900
CNR2	LPAR1	1856124	1853763	ENSP00000363596	ENSP00000351755	0.000	0.000	0.000	0.685	0.000	0.000	0.900	0.000	0.900
NDE1	TUBA1A	1852988	1848244	ENSP00000345892	ENSP00000301071	0.000	0.000	0.000	0.000	0.000	0.000	0.900	0.303	0.927
ROR2	WNT4	1856365	1847209	ENSP00000364860	ENSP00000290167	0.000	0.000	0.000	0.000	0.000	0.218	0.000	0.715	0.768
HLA-DRB1	DYNC1H1	1853944	1853378	ENSP00000353099	ENSP00000348965	0.000	0.000	0.000	0.000	0.000	0.000	0.900	0.000	0.900
RYR2	CACNA1C	1854400	1845866	ENSP00000355533	ENSP00000266376	0.000	0.000	0.000	0.000	0.093	0.576	0.000	0.977	0.990
GNAS	PDE4A	1855402	1846154	ENSP00000360141	ENSP00000270474	0.000	0.000	0.000	0.000	0.000	0.000	0.900	0.231	0.919
PRKACB	EZR	1855328	1852156	ENSP00000359719	ENSP00000338934	0.000	0.000	0.000	0.000	0.000	0.000	0.900	0.000	0.900
OBSCN	CALM1	1862970	1853445	ENSP00000455507	ENSP00000349467	0.000	0.000	0.000	0.000	0.000	0.691	0.000	0.724	0.911
DEPTOR	RHEB	1847000	1845084	ENSP00000286234	ENSP00000262187	0.000	0.000	0.000	0.000	0.000	0.000	0.900	0.583	0.956
PPP2R2B	NFKB1	1851897	1843094	ENSP00000336591	ENSP00000226574	0.000	0.000	0.000	0.000	0.000	0.000	0.800	0.064	0.804
CDH7	CDH6	1850119	1845681	ENSP00000319166	ENSP00000265071	0.000	0.000	0.000	0.971	0.000	0.574	0.900	0.514	0.956
BCAS3	ESR1	1857879	1842435	ENSP00000375067	ENSP00000206249	0.000	0.000	0.000	0.000	0.000	0.000	0.000	0.865	0.865
RASGRF1	CALM1	1860566	1853445	ENSP00000405963	ENSP00000349467	0.000	0.000	0.000	0.000	0.000	0.000	0.800	0.000	0.800
MCF2L	ABR	1862148	1848581	ENSP00000440374	ENSP00000303909	0.000	0.000	0.000	0.000	0.000	0.000	0.900	0.116	0.907
LPAR1	NPY2R	1853763	1851488	ENSP00000351755	ENSP00000332591	0.000	0.000	0.000	0.000	0.000	0.000	0.900	0.000	0.900
HLA-DRB1	DYNC1I1	1853944	1850210	ENSP00000353099	ENSP00000320130	0.000	0.000	0.000	0.000	0.000	0.000	0.900	0.000	0.900
CUX1	BANP	1853975	1846995	ENSP00000353401	ENSP00000286122	0.000	0.000	0.000	0.000	0.000	0.000	0.000	0.947	0.947
ENSG00000244115	HSPA12A	1856088	1854978	ENSP00000363412	ENSP00000358211	0.462	0.000	0.000	0.000	0.273	0.235	0.000	0.340	0.776
INPP5B	RHOT2	1855808	1850404	ENSP00000362115	ENSP00000321971	0.000	0.000	0.000	0.000	0.000	0.000	0.900	0.089	0.905
TIAM2	CDC42	1850911	1849707	ENSP00000327315	ENSP00000314458	0.000	0.000	0.000	0.000	0.000	0.000	0.900	0.737	0.972
CCNF	FBXO9	1858453	1843715	ENSP00000380256	ENSP00000244426	0.000	0.000	0.000	0.000	0.000	0.000	0.900	0.000	0.900
LPCAT1	PNPLA8	1846853	1844528	ENSP00000283415	ENSP00000257694	0.000	0.000	0.000	0.000	0.000	0.000	0.900	0.134	0.909
COL5A2	COL9A3	1856195	1852483	ENSP00000364000	ENSP00000341640	0.000	0.000	0.000	0.633	0.000	0.000	0.900	0.302	0.910
MCF2L	ARHGAP22	1862148	1843969	ENSP00000440374	ENSP00000249601	0.000	0.000	0.000	0.000	0.000	0.000	0.900	0.199	0.916
ERCC8	CRBN	1845673	1843306	ENSP00000265038	ENSP00000231948	0.000	0.000	0.000	0.000	0.000	0.000	0.900	0.000	0.900
ATP1B1	ATP1A3	1854664	1848401	ENSP00000356789	ENSP00000302397	0.000	0.000	0.000	0.000	0.071	0.665	0.900	0.645	0.987
NPY1R	NPY2R	1854180	1851488	ENSP00000354652	ENSP00000332591	0.000	0.000	0.000	0.773	0.000	0.000	0.900	0.885	0.919
MCF2L	ARHGAP15	1862148	1847533	ENSP00000440374	ENSP00000295095	0.000	0.000	0.000	0.000	0.000	0.000	0.900	0.078	0.903
NLK	PPARG	1858963	1847090	ENSP00000384625	ENSP00000287820	0.000	0.000	0.000	0.000	0.000	0.566	0.900	0.178	0.961
MUC4	ERBB2	1861298	1846101	ENSP00000417498	ENSP00000269571	0.000	0.000	0.000	0.000	0.000	0.576	0.000	0.886	0.950
COL5A2	COL18A1	1856195	1853197	ENSP00000364000	ENSP00000347665	0.000	0.000	0.000	0.609	0.000	0.000	0.900	0.400	0.914
PRPF6	FUS	1845854	1844273	ENSP00000266079	ENSP00000254108	0.000	0.000	0.000	0.000	0.000	0.000	0.900	0.160	0.912
PCGF6	CBX2	1855118	1849106	ENSP00000358862	ENSP00000308750	0.000	0.000	0.000	0.000	0.000	0.000	0.900	0.470	0.944
RNPS1	LUC7L3	1848328	1843556	ENSP00000301730	ENSP00000240304	0.000	0.000	0.000	0.000	0.000	0.655	0.000	0.205	0.714
MCF2L	ARHGAP20	1862148	1844774	ENSP00000440374	ENSP00000260283	0.000	0.000	0.000	0.000	0.000	0.000	0.900	0.240	0.920
RHOT2	ARHGAP20	1850404	1844774	ENSP00000321971	ENSP00000260283	0.000	0.000	0.000	0.000	0.000	0.000	0.900	0.000	0.900
CD163	CD68	1853796	1843990	ENSP00000352071	ENSP00000250092	0.000	0.000	0.000	0.000	0.000	0.000	0.000	0.801	0.801
PAK2	PSMD7	1849679	1842741	ENSP00000314067	ENSP00000219313	0.000	0.000	0.000	0.000	0.000	0.000	0.900	0.000	0.900
CNR2	OPRL1	1856124	1851923	ENSP00000363596	ENSP00000336764	0.000	0.000	0.000	0.000	0.000	0.000	0.900	0.000	0.900
PLD3	CHPT1	1853368	1843189	ENSP00000348901	ENSP00000229266	0.000	0.000	0.000	0.000	0.000	0.000	0.900	0.113	0.907
RET	NEDD4	1853238	1852948	ENSP00000347942	ENSP00000345530	0.000	0.000	0.000	0.000	0.000	0.102	0.800	0.104	0.825
JAM3	PRKCG	1859892	1845356	ENSP00000395742	ENSP00000263431	0.000	0.000	0.000	0.000	0.000	0.000	0.800	0.000	0.800
PHF1	HOXC10	1856132	1848950	ENSP00000363640	ENSP00000307321	0.000	0.000	0.000	0.000	0.000	0.239	0.000	0.632	0.708
ARF6	EXOC4	1847953	1844259	ENSP00000298316	ENSP00000253861	0.000	0.000	0.000	0.000	0.000	0.000	0.900	0.388	0.936
CNR2	GRM8	1856124	1852779	ENSP00000363596	ENSP00000344173	0.000	0.000	0.000	0.000	0.000	0.000	0.900	0.140	0.910
HNRNPUL1	FUS	1857971	1844273	ENSP00000375863	ENSP00000254108	0.000	0.000	0.000	0.000	0.112	0.000	0.900	0.055	0.908
MYO9B	TIAM2	1858475	1850911	ENSP00000380444	ENSP00000327315	0.000	0.000	0.000	0.000	0.000	0.000	0.900	0.089	0.905
HNRNPA2B1	HNRNPM	1853084	1850730	ENSP00000346694	ENSP00000325376	0.000	0.000	0.000	0.000	0.090	0.000	0.900	0.432	0.943
NOTCH4	DLL4	1856221	1843973	ENSP00000364163	ENSP00000249749	0.000	0.000	0.000	0.686	0.000	0.624	0.900	0.882	0.971
PCNT	TUBA1A	1853867	1848244	ENSP00000352572	ENSP00000301071	0.000	0.000	0.000	0.000	0.000	0.000	0.900	0.694	0.968
PDPK1	NFKB1	1852785	1843094	ENSP00000344220	ENSP00000226574	0.000	0.000	0.000	0.000	0.000	0.000	0.900	0.383	0.935
GPR132	KALRN	1851080	1843581	ENSP00000328818	ENSP00000240874	0.000	0.000	0.000	0.000	0.000	0.000	0.900	0.000	0.900
PPARG	ESR1	1847090	1842435	ENSP00000287820	ENSP00000206249	0.000	0.000	0.000	0.651	0.000	0.915	0.900	0.639	0.993
RPS6KA2	RHEB	1861695	1845084	ENSP00000427015	ENSP00000262187	0.000	0.000	0.000	0.000	0.000	0.157	0.000	0.791	0.817
TAF11	TAF4	1854176	1844180	ENSP00000354633	ENSP00000252996	0.000	0.000	0.000	0.000	0.000	0.999	0.900	0.859	0.999
ORC1	PSMD7	1855507	1842741	ENSP00000360621	ENSP00000219313	0.000	0.000	0.000	0.000	0.000	0.000	0.900	0.000	0.900
NTPCR	POLR3E	1854414	1848107	ENSP00000355587	ENSP00000299853	0.000	0.000	0.000	0.000	0.000	0.000	0.900	0.000	0.900
PRKACB	NFKB1	1855328	1843094	ENSP00000359719	ENSP00000226574	0.000	0.000	0.000	0.000	0.071	0.082	0.900	0.222	0.924
EZR	KBTBD2	1852156	1848425	ENSP00000338934	ENSP00000302586	0.000	0.000	0.000	0.000	0.000	0.000	0.000	0.828	0.828
POLE4	NHEJ1	1861462	1853423	ENSP00000420176	ENSP00000349313	0.000	0.000	0.000	0.000	0.000	0.000	0.900	0.000	0.900
FKBP1A	NFATC1	1857423	1850967	ENSP00000371138	ENSP00000327850	0.000	0.000	0.000	0.000	0.000	0.000	0.900	0.354	0.932
ALDH9A1	AKR1A1	1853096	1849549	ENSP00000346827	ENSP00000312606	0.000	0.000	0.000	0.000	0.073	0.000	0.900	0.217	0.921
RNPS1	FUS	1848328	1844273	ENSP00000301730	ENSP00000254108	0.000	0.000	0.000	0.000	0.000	0.000	0.900	0.071	0.903
CDC42	CDON	1849707	1845370	ENSP00000314458	ENSP00000263577	0.000	0.000	0.000	0.000	0.000	0.000	0.900	0.110	0.907
HNRNPUL1	RAB11B	1857971	1851595	ENSP00000375863	ENSP00000333547	0.000	0.000	0.000	0.000	0.000	0.869	0.000	0.000	0.869
FKBP1A	SMAD6	1857423	1847140	ENSP00000371138	ENSP00000288840	0.000	0.000	0.000	0.000	0.000	0.567	0.000	0.394	0.726
HSPA12A	DNAJB6	1854978	1845081	ENSP00000358211	ENSP00000262177	0.462	0.000	0.000	0.000	0.273	0.235	0.000	0.444	0.811
LPAR1	GPR132	1853763	1851080	ENSP00000351755	ENSP00000328818	0.000	0.000	0.000	0.000	0.000	0.000	0.900	0.097	0.905
LPAR1	P2RY1	1853763	1848668	ENSP00000351755	ENSP00000304767	0.000	0.000	0.000	0.000	0.000	0.000	0.900	0.054	0.901
GLI3	CSNK1G2	1858347	1844386	ENSP00000379258	ENSP00000255641	0.000	0.000	0.000	0.000	0.000	0.000	0.800	0.090	0.810
DYNC1H1	TUBA1A	1853378	1848244	ENSP00000348965	ENSP00000301071	0.000	0.000	0.000	0.000	0.000	0.304	0.900	0.713	0.978
RASGRF1	CACNA1C	1860566	1845866	ENSP00000405963	ENSP00000266376	0.000	0.000	0.000	0.000	0.000	0.000	0.800	0.000	0.800
OPCML	ERBB2	1851292	1846101	ENSP00000330862	ENSP00000269571	0.000	0.000	0.000	0.000	0.000	0.000	0.000	0.823	0.823
OR10H2	OR5A2	1848805	1848575	ENSP00000306095	ENSP00000303834	0.000	0.000	0.000	0.900	0.000	0.000	0.900	0.000	0.900
RPL34	RNPS1	1858216	1848328	ENSP00000378160	ENSP00000301730	0.000	0.000	0.000	0.000	0.000	0.000	0.900	0.000	0.900
LPAR1	GPR17	1853763	1846273	ENSP00000351755	ENSP00000272644	0.000	0.000	0.000	0.000	0.000	0.000	0.900	0.101	0.906
DCC	EZR	1859404	1852156	ENSP00000389140	ENSP00000338934	0.000	0.000	0.000	0.000	0.000	0.136	0.900	0.046	0.910
YBX1	TGFB1	1855704	1842869	ENSP00000361626	ENSP00000221930	0.000	0.000	0.000	0.000	0.000	0.000	0.000	0.836	0.836
ELMO1	DOCK2	1849503	1844476	ENSP00000312185	ENSP00000256935	0.000	0.000	0.000	0.000	0.000	0.970	0.900	0.976	0.999
NTPCR	AK4	1854414	1850420	ENSP00000355587	ENSP00000322175	0.000	0.000	0.000	0.000	0.000	0.000	0.900	0.000	0.900
JMJD1C	KDM4D	1858707	1851688	ENSP00000382204	ENSP00000334181	0.000	0.000	0.000	0.000	0.000	0.000	0.000	0.766	0.766
HDAC4	ESR1	1845573	1842435	ENSP00000264606	ENSP00000206249	0.000	0.000	0.000	0.000	0.000	0.812	0.900	0.281	0.985
HIPK2	NLK	1859047	1858963	ENSP00000385571	ENSP00000384625	0.000	0.000	0.000	0.628	0.000	0.566	0.900	0.877	0.969
INO80C	TAF4	1859565	1844180	ENSP00000391457	ENSP00000252996	0.000	0.000	0.000	0.000	0.000	0.000	0.900	0.000	0.900
PPAP2C	AGPAT4	1851176	1849676	ENSP00000329697	ENSP00000314036	0.000	0.000	0.000	0.000	0.000	0.000	0.900	0.504	0.948
MCL1	ERBB2	1854935	1846101	ENSP00000358022	ENSP00000269571	0.000	0.000	0.000	0.000	0.000	0.000	0.000	0.905	0.905
NFATC2	FKBP1A	1858353	1857423	ENSP00000379330	ENSP00000371138	0.000	0.000	0.000	0.000	0.000	0.000	0.900	0.391	0.936
COL23A1	COL18A1	1857880	1853197	ENSP00000375069	ENSP00000347665	0.000	0.000	0.000	0.621	0.000	0.000	0.900	0.228	0.907
TEK	PDGFB	1857139	1851250	ENSP00000369375	ENSP00000330382	0.000	0.000	0.000	0.000	0.000	0.000	0.800	0.726	0.942
TUBA1A	ESR1	1848244	1842435	ENSP00000301071	ENSP00000206249	0.000	0.000	0.000	0.000	0.000	0.567	0.900	0.062	0.955
CDC42	RAF1	1849707	1844086	ENSP00000314458	ENSP00000251849	0.000	0.000	0.000	0.000	0.000	0.224	0.000	0.672	0.735
PID1	KAT5	1857978	1852315	ENSP00000375907	ENSP00000340330	0.000	0.000	0.000	0.000	0.000	0.000	0.000	0.856	0.856
OBSCN	ARAP3	1862970	1843522	ENSP00000455507	ENSP00000239440	0.000	0.000	0.000	0.000	0.000	0.000	0.900	0.070	0.903
KARS	AARS	1850738	1844989	ENSP00000325448	ENSP00000261772	0.000	0.000	0.206	0.000	0.267	0.000	0.000	0.835	0.896
LPCAT1	CHPT1	1846853	1843189	ENSP00000283415	ENSP00000229266	0.000	0.000	0.000	0.000	0.000	0.000	0.900	0.350	0.932
WIPF2	ACTR3	1850295	1845311	ENSP00000320924	ENSP00000263238	0.000	0.000	0.000	0.000	0.000	0.199	0.900	0.127	0.923
CDH4	CDH7	1854013	1850119	ENSP00000353656	ENSP00000319166	0.000	0.000	0.000	0.836	0.000	0.000	0.900	0.703	0.911
RASGRF1	CDC42	1860566	1849707	ENSP00000405963	ENSP00000314458	0.000	0.000	0.000	0.000	0.000	0.000	0.900	0.421	0.939
MYO10	DCC	1861521	1859404	ENSP00000421280	ENSP00000389140	0.000	0.000	0.000	0.000	0.000	0.954	0.900	0.100	0.995
RASGRF1	GRIN2A	1860566	1851485	ENSP00000405963	ENSP00000332549	0.000	0.000	0.000	0.000	0.000	0.000	0.900	0.722	0.971
FKBP1A	ITPR3	1857423	1856094	ENSP00000371138	ENSP00000363435	0.000	0.000	0.000	0.000	0.000	0.000	0.000	0.896	0.897
GLI3	WNT4	1858347	1847209	ENSP00000379258	ENSP00000290167	0.000	0.000	0.000	0.000	0.000	0.284	0.000	0.764	0.824
CALM1	GRIN2A	1853445	1851485	ENSP00000349467	ENSP00000332549	0.000	0.000	0.000	0.000	0.000	0.000	0.800	0.189	0.831
PRKAG1	RHEB	1850588	1845084	ENSP00000323867	ENSP00000262187	0.000	0.000	0.000	0.000	0.000	0.101	0.900	0.162	0.918
CCNF	CCNE1	1858453	1845190	ENSP00000380256	ENSP00000262643	0.000	0.000	0.000	0.000	0.282	0.296	0.000	0.581	0.769
GAB4	ERBB2	1858841	1846101	ENSP00000383431	ENSP00000269571	0.000	0.000	0.000	0.000	0.000	0.000	0.000	0.725	0.725
EZR	SLC12A7	1852156	1845645	ENSP00000338934	ENSP00000264930	0.000	0.000	0.000	0.000	0.000	0.000	0.000	0.814	0.814
PDCD5	KAT5	1863943	1852315	ENSP00000466214	ENSP00000340330	0.000	0.000	0.000	0.000	0.000	0.588	0.000	0.919	0.965
PDE7A	AK4	1859054	1850420	ENSP00000385632	ENSP00000322175	0.000	0.000	0.000	0.000	0.000	0.000	0.900	0.052	0.901
NLK	CSNK1G2	1858963	1844386	ENSP00000384625	ENSP00000255641	0.000	0.000	0.000	0.000	0.102	0.000	0.000	0.700	0.719
RPL34	GJB4	1858216	1852986	ENSP00000378160	ENSP00000345868	0.000	0.000	0.000	0.000	0.000	0.000	0.000	0.860	0.860
NFKB1	ESR1	1843094	1842435	ENSP00000226574	ENSP00000206249	0.000	0.000	0.000	0.000	0.000	0.812	0.000	0.625	0.926
GRM8	OPRL1	1852779	1851923	ENSP00000344173	ENSP00000336764	0.000	0.000	0.000	0.000	0.000	0.000	0.900	0.130	0.909
AGPAT1	LPCAT1	1852006	1846853	ENSP00000337463	ENSP00000283415	0.000	0.000	0.000	0.000	0.000	0.000	0.000	0.764	0.764
DLX3	SMAD6	1859461	1847140	ENSP00000389870	ENSP00000288840	0.000	0.000	0.000	0.000	0.000	0.000	0.000	0.838	0.838
COPG2	SEC22A	1859757	1849306	ENSP00000393912	ENSP00000310521	0.000	0.000	0.000	0.000	0.091	0.574	0.000	0.430	0.760
PLD3	LPCAT1	1853368	1846853	ENSP00000348901	ENSP00000283415	0.000	0.000	0.000	0.000	0.000	0.000	0.900	0.085	0.904
PABPC1	PAIP2	1849591	1845709	ENSP00000313007	ENSP00000265192	0.000	0.000	0.000	0.000	0.000	0.996	0.000	0.912	0.999
IFITM3	OAS2	1858761	1852576	ENSP00000382707	ENSP00000342278	0.000	0.000	0.000	0.000	0.000	0.000	0.900	0.184	0.914
RNPS1	PRPF6	1848328	1845854	ENSP00000301730	ENSP00000266079	0.000	0.000	0.000	0.000	0.090	0.098	0.900	0.060	0.912
LPAR6	GPR132	1852804	1851080	ENSP00000344353	ENSP00000328818	0.000	0.000	0.000	0.733	0.000	0.000	0.900	0.000	0.900
WIPF2	ACTC1	1850295	1847228	ENSP00000320924	ENSP00000290378	0.000	0.000	0.000	0.000	0.000	0.301	0.000	0.603	0.711
NPY1R	GRM8	1854180	1852779	ENSP00000354652	ENSP00000344173	0.000	0.000	0.000	0.000	0.000	0.000	0.900	0.063	0.902
HLA-DRB1	OAS2	1853944	1852576	ENSP00000353099	ENSP00000342278	0.000	0.000	0.000	0.000	0.000	0.000	0.900	0.000	0.900
LPAR6	GPR17	1852804	1846273	ENSP00000344353	ENSP00000272644	0.000	0.000	0.000	0.816	0.000	0.000	0.900	0.742	0.913
CUL2	ARID1B	1862282	1852829	ENSP00000444856	ENSP00000344546	0.000	0.000	0.000	0.000	0.000	0.570	0.000	0.824	0.921
PLS3	ACTC1	1853267	1847228	ENSP00000348163	ENSP00000290378	0.000	0.000	0.000	0.000	0.000	0.431	0.000	0.744	0.848
RHOT2	ARHGAP22	1850404	1843969	ENSP00000321971	ENSP00000249601	0.000	0.000	0.000	0.000	0.000	0.000	0.900	0.089	0.905
RET	EPN3	1853238	1846053	ENSP00000347942	ENSP00000268933	0.000	0.000	0.000	0.000	0.000	0.075	0.800	0.000	0.807
LPAR6	TRIO	1852804	1852198	ENSP00000344353	ENSP00000339299	0.000	0.000	0.000	0.000	0.000	0.000	0.900	0.000	0.900
HLA-DQB1	HLA-DQA1	1858691	1852213	ENSP00000382034	ENSP00000339398	0.000	0.000	0.000	0.677	0.114	0.911	0.800	0.439	0.985
TRIO	CDC42	1852198	1849707	ENSP00000339299	ENSP00000314458	0.000	0.000	0.000	0.000	0.000	0.449	0.900	0.462	0.967
TIAM2	ARHGAP20	1850911	1844774	ENSP00000327315	ENSP00000260283	0.000	0.000	0.000	0.000	0.000	0.000	0.900	0.221	0.918
OPRL1	GPR17	1851923	1846273	ENSP00000336764	ENSP00000272644	0.000	0.000	0.000	0.722	0.000	0.000	0.900	0.000	0.900
CD40	PPARG	1855654	1847090	ENSP00000361359	ENSP00000287820	0.000	0.000	0.000	0.000	0.000	0.000	0.000	0.872	0.872
OBSCN	CDC42	1862970	1849707	ENSP00000455507	ENSP00000314458	0.000	0.000	0.000	0.000	0.000	0.000	0.900	0.456	0.943
MYO9B	KALRN	1858475	1843581	ENSP00000380444	ENSP00000240874	0.000	0.000	0.000	0.000	0.000	0.000	0.900	0.000	0.900
ELOVL4	PLEKHA1	1855112	1854931	ENSP00000358831	ENSP00000357986	0.000	0.000	0.000	0.000	0.000	0.000	0.000	0.726	0.726
MUTYH	NUDT1	1855617	1852224	ENSP00000361170	ENSP00000339503	0.088	0.000	0.000	0.000	0.000	0.000	0.000	0.870	0.877
DGKI	CHPT1	1847128	1843189	ENSP00000288490	ENSP00000229266	0.000	0.000	0.000	0.000	0.000	0.000	0.900	0.000	0.900
HNRNPA2B1	FUS	1853084	1844273	ENSP00000346694	ENSP00000254108	0.000	0.000	0.000	0.000	0.077	0.000	0.900	0.396	0.939
AK4	PDE7B	1850420	1849328	ENSP00000322175	ENSP00000310661	0.000	0.000	0.000	0.000	0.000	0.000	0.900	0.000	0.900
INPP5B	CDC42	1855808	1849707	ENSP00000362115	ENSP00000314458	0.000	0.000	0.000	0.000	0.000	0.000	0.900	0.211	0.917
MYO9B	CDC42	1858475	1849707	ENSP00000380444	ENSP00000314458	0.000	0.000	0.000	0.000	0.000	0.364	0.900	0.640	0.975
CDC42	ARF6	1849707	1847953	ENSP00000314458	ENSP00000298316	0.000	0.000	0.000	0.000	0.073	0.097	0.000	0.778	0.798
HTR2A	LPAR6	1856916	1852804	ENSP00000367959	ENSP00000344353	0.000	0.000	0.000	0.637	0.000	0.000	0.900	0.119	0.902
MYO9B	CALM1	1858475	1853445	ENSP00000380444	ENSP00000349467	0.000	0.000	0.000	0.000	0.000	0.699	0.000	0.447	0.826
CDC42	ACTR3	1849707	1845311	ENSP00000314458	ENSP00000263238	0.000	0.000	0.000	0.000	0.088	0.576	0.900	0.588	0.981
PABPC1	PSMD7	1849591	1842741	ENSP00000313007	ENSP00000219313	0.000	0.000	0.000	0.000	0.000	0.000	0.900	0.063	0.902
MCF2L	KALRN	1862148	1843581	ENSP00000440374	ENSP00000240874	0.000	0.000	0.000	0.652	0.000	0.000	0.900	0.000	0.900
CNOT1	CPEB3	1850299	1845840	ENSP00000320949	ENSP00000265997	0.000	0.000	0.000	0.000	0.000	0.000	0.900	0.200	0.916
PRKACB	GRIN2A	1855328	1851485	ENSP00000359719	ENSP00000332549	0.000	0.000	0.000	0.000	0.000	0.100	0.800	0.278	0.858
ORC1	CCNE1	1855507	1845190	ENSP00000360621	ENSP00000262643	0.000	0.000	0.000	0.000	0.223	0.000	0.900	0.283	0.939
MYO10	CALM1	1861521	1853445	ENSP00000421280	ENSP00000349467	0.000	0.000	0.000	0.000	0.000	0.834	0.000	0.350	0.888
PRKAG2	RHEB	1847092	1845084	ENSP00000287878	ENSP00000262187	0.000	0.000	0.000	0.000	0.000	0.101	0.900	0.187	0.920
GRM8	GPR17	1852779	1846273	ENSP00000344173	ENSP00000272644	0.000	0.000	0.000	0.000	0.000	0.000	0.900	0.071	0.903
GLO1	SDSL	1855892	1852414	ENSP00000362463	ENSP00000341117	0.000	0.000	0.000	0.000	0.000	0.000	0.800	0.000	0.800
PRKAG1	PRKAG2	1850588	1847092	ENSP00000323867	ENSP00000287878	0.000	0.000	0.000	0.978	0.000	0.941	0.900	0.136	0.993
TRIO	GPR132	1852198	1851080	ENSP00000339299	ENSP00000328818	0.000	0.000	0.000	0.000	0.000	0.000	0.900	0.000	0.900
POLE4	ERCC8	1861462	1845673	ENSP00000420176	ENSP00000265038	0.000	0.000	0.000	0.000	0.000	0.000	0.900	0.000	0.900
INPP5B	KALRN	1855808	1843581	ENSP00000362115	ENSP00000240874	0.000	0.000	0.000	0.000	0.000	0.000	0.900	0.000	0.900
PNMA2	PNMA1	1861787	1850095	ENSP00000429344	ENSP00000318914	0.000	0.000	0.000	0.937	0.000	0.714	0.000	0.884	0.729
MLL	INO80C	1862045	1859565	ENSP00000436786	ENSP00000391457	0.000	0.000	0.000	0.000	0.000	0.000	0.900	0.000	0.900
GNAS	HTR4	1855402	1854053	ENSP00000360141	ENSP00000353915	0.000	0.000	0.000	0.000	0.000	0.000	0.900	0.178	0.914
OBSCN	ARHGAP15	1862970	1847533	ENSP00000455507	ENSP00000295095	0.000	0.000	0.000	0.000	0.000	0.000	0.900	0.000	0.900
HNRNPUL1	HNRNPUL2	1857971	1848337	ENSP00000375863	ENSP00000301785	0.000	0.000	0.000	0.890	0.000	0.892	0.000	0.000	0.892
AGPAT4	DGKD	1849676	1845472	ENSP00000314036	ENSP00000264057	0.000	0.000	0.000	0.000	0.000	0.000	0.900	0.106	0.906
CD40	NFKB1	1855654	1843094	ENSP00000361359	ENSP00000226574	0.000	0.000	0.000	0.000	0.000	0.000	0.900	0.942	0.994
OR5P2	OR5A2	1851396	1848575	ENSP00000331823	ENSP00000303834	0.000	0.000	0.000	0.930	0.000	0.000	0.900	0.000	0.900
PSMB11	PSMD7	1859133	1842741	ENSP00000386212	ENSP00000219313	0.000	0.000	0.000	0.000	0.161	0.590	0.900	0.266	0.971
SPIRE2	FMN2	1856843	1850090	ENSP00000367494	ENSP00000318884	0.000	0.000	0.000	0.000	0.000	0.000	0.000	0.923	0.923
CALM1	IQCB1	1853445	1849434	ENSP00000349467	ENSP00000311505	0.000	0.000	0.000	0.000	0.000	0.725	0.000	0.473	0.849
ROR2	WNT3	1856365	1843027	ENSP00000364860	ENSP00000225512	0.000	0.000	0.000	0.000	0.000	0.218	0.000	0.733	0.782
CDC42	ARHGAP15	1849707	1847533	ENSP00000314458	ENSP00000295095	0.000	0.000	0.000	0.000	0.000	0.230	0.900	0.482	0.956
RYR2	PPP2R2B	1854400	1851897	ENSP00000355533	ENSP00000336591	0.000	0.000	0.000	0.000	0.000	0.000	0.800	0.000	0.800
COL18A1	COL22A1	1853197	1848499	ENSP00000347665	ENSP00000303153	0.000	0.000	0.000	0.609	0.000	0.000	0.900	0.234	0.907
RPL34	EIF3B	1858216	1854079	ENSP00000378160	ENSP00000354125	0.000	0.000	0.000	0.000	0.172	0.000	0.900	0.000	0.913
AP3S2	AP3B1	1852139	1844363	ENSP00000338777	ENSP00000255194	0.000	0.000	0.000	0.000	0.000	0.877	0.360	0.555	0.961
HNRNPUL1	YBX1	1857971	1855704	ENSP00000375863	ENSP00000361626	0.000	0.000	0.000	0.000	0.000	0.297	0.900	0.114	0.932
PSMB11	PABPC1	1859133	1849591	ENSP00000386212	ENSP00000313007	0.000	0.000	0.000	0.000	0.000	0.000	0.900	0.000	0.900
PPARG	PRDM16	1847090	1846173	ENSP00000287820	ENSP00000270722	0.000	0.000	0.000	0.000	0.000	0.149	0.000	0.889	0.902
NPY1R	LPAR1	1854180	1853763	ENSP00000354652	ENSP00000351755	0.000	0.000	0.000	0.000	0.000	0.000	0.900	0.000	0.900
PRKACB	CACNA1C	1855328	1845866	ENSP00000359719	ENSP00000266376	0.000	0.000	0.000	0.000	0.000	0.000	0.800	0.116	0.815
ZMAT2	PRPF6	1846408	1845854	ENSP00000274712	ENSP00000266079	0.000	0.000	0.000	0.000	0.000	0.861	0.000	0.000	0.861
PRKACB	RYR2	1855328	1854400	ENSP00000359719	ENSP00000355533	0.000	0.000	0.000	0.000	0.000	0.571	0.800	0.100	0.916
DERL1	EDEM1	1844703	1844444	ENSP00000259512	ENSP00000256497	0.000	0.000	0.000	0.000	0.000	0.564	0.000	0.752	0.887
PAGR1	ESR1	1850840	1842435	ENSP00000326519	ENSP00000206249	0.000	0.000	0.000	0.000	0.000	0.576	0.000	0.358	0.716
PRKACB	RAF1	1855328	1844086	ENSP00000359719	ENSP00000251849	0.000	0.000	0.000	0.633	0.000	0.000	0.800	0.672	0.848
GNAS	ESR1	1855402	1842435	ENSP00000360141	ENSP00000206249	0.000	0.000	0.000	0.000	0.000	0.000	0.900	0.304	0.927
MCF2L	MYO9B	1862148	1858475	ENSP00000440374	ENSP00000380444	0.000	0.000	0.000	0.000	0.000	0.000	0.900	0.159	0.912
LPCAT1	GPAM	1846853	1845717	ENSP00000283415	ENSP00000265276	0.000	0.000	0.000	0.000	0.000	0.000	0.900	0.572	0.955
RHOT2	ARHGAP15	1850404	1847533	ENSP00000321971	ENSP00000295095	0.000	0.000	0.000	0.000	0.000	0.000	0.900	0.000	0.900
TIAM2	ABR	1850911	1848581	ENSP00000327315	ENSP00000303909	0.000	0.000	0.000	0.000	0.000	0.000	0.900	0.093	0.905
NLK	CSNK1G1	1858963	1848771	ENSP00000384625	ENSP00000305777	0.000	0.000	0.000	0.000	0.102	0.000	0.000	0.700	0.719
OBSCN	MYO9B	1862970	1858475	ENSP00000455507	ENSP00000380444	0.000	0.000	0.000	0.000	0.069	0.000	0.900	0.078	0.906
NPY2R	GPR17	1851488	1846273	ENSP00000332591	ENSP00000272644	0.000	0.000	0.000	0.636	0.000	0.000	0.900	0.000	0.900
NFATC2	PPARG	1858353	1847090	ENSP00000379330	ENSP00000287820	0.000	0.000	0.000	0.000	0.000	0.000	0.900	0.210	0.917
COL18A1	ESR1	1853197	1842435	ENSP00000347665	ENSP00000206249	0.000	0.000	0.000	0.000	0.000	0.000	0.900	0.308	0.927
RABEP2	ZFAND3	1853650	1847059	ENSP00000350934	ENSP00000287218	0.000	0.000	0.000	0.000	0.000	0.249	0.000	0.681	0.750
ABR	ARHGAP20	1848581	1844774	ENSP00000303909	ENSP00000260283	0.000	0.000	0.000	0.611	0.000	0.000	0.900	0.545	0.920
PLD3	PPAP2C	1853368	1851176	ENSP00000348901	ENSP00000329697	0.000	0.000	0.000	0.000	0.000	0.000	0.900	0.000	0.900
HDAC4	NFKB1	1845573	1843094	ENSP00000264606	ENSP00000226574	0.000	0.000	0.000	0.000	0.000	0.597	0.000	0.353	0.728
PCM1	TUBA1A	1850891	1848244	ENSP00000327077	ENSP00000301071	0.000	0.000	0.000	0.000	0.000	0.000	0.900	0.116	0.907
TRIO	ABR	1852198	1848581	ENSP00000339299	ENSP00000303909	0.000	0.000	0.000	0.000	0.000	0.000	0.900	0.000	0.900
AGPAT4	GPAM	1849676	1845717	ENSP00000314036	ENSP00000265276	0.000	0.000	0.000	0.000	0.000	0.000	0.900	0.563	0.954
PLD3	AGPAT4	1853368	1849676	ENSP00000348901	ENSP00000314036	0.000	0.000	0.000	0.000	0.000	0.000	0.900	0.000	0.900
OR6F1	OR5A2	1848751	1848575	ENSP00000305640	ENSP00000303834	0.000	0.000	0.000	0.918	0.000	0.000	0.900	0.000	0.900
ITCH	UBE2D3	1856193	1853486	ENSP00000363998	ENSP00000349722	0.000	0.000	0.000	0.000	0.000	0.684	0.000	0.376	0.794
TRIO	GPR17	1852198	1846273	ENSP00000339299	ENSP00000272644	0.000	0.000	0.000	0.000	0.000	0.000	0.900	0.000	0.900
PPARG	TGFB1	1847090	1842869	ENSP00000287820	ENSP00000221930	0.000	0.000	0.000	0.000	0.000	0.000	0.900	0.923	0.991
HNRNPUL1	PRMT2	1857971	1853230	ENSP00000375863	ENSP00000347906	0.000	0.000	0.000	0.000	0.000	0.576	0.000	0.381	0.726
PDGFB	ACTR3	1851250	1845311	ENSP00000330382	ENSP00000263238	0.000	0.000	0.000	0.000	0.000	0.000	0.900	0.000	0.900
TRIO	LRRC16A	1852198	1851419	ENSP00000339299	ENSP00000331983	0.000	0.000	0.000	0.000	0.000	0.000	0.000	0.706	0.706
ITPA	GLO1	1857158	1855892	ENSP00000369456	ENSP00000362463	0.000	0.000	0.000	0.000	0.092	0.644	0.000	0.214	0.723
KAT5	GPAM	1852315	1845717	ENSP00000340330	ENSP00000265276	0.000	0.000	0.000	0.000	0.000	0.000	0.900	0.000	0.900
ELMO3	DOCK2	1858150	1844476	ENSP00000377566	ENSP00000256935	0.000	0.000	0.000	0.000	0.000	0.363	0.000	0.740	0.828
DCC	PITPNA	1859404	1849907	ENSP00000389140	ENSP00000316809	0.000	0.000	0.000	0.000	0.000	0.576	0.900	0.000	0.955
KLHL2	WNK1	1861621	1849596	ENSP00000424198	ENSP00000313059	0.000	0.000	0.000	0.000	0.000	0.805	0.000	0.100	0.817
LPAR6	P2RY1	1852804	1848668	ENSP00000344353	ENSP00000304767	0.000	0.000	0.000	0.799	0.000	0.000	0.900	0.529	0.910
GPR132	P2RY1	1851080	1848668	ENSP00000328818	ENSP00000304767	0.000	0.000	0.000	0.699	0.000	0.000	0.900	0.000	0.900
RNPS1	SMG6	1848328	1845276	ENSP00000301730	ENSP00000263073	0.000	0.000	0.000	0.000	0.000	0.000	0.900	0.266	0.923
PEX5	PMVK	1860660	1854803	ENSP00000407401	ENSP00000357452	0.000	0.000	0.000	0.000	0.000	0.000	0.000	0.750	0.750
OBSCN	RHOT2	1862970	1850404	ENSP00000455507	ENSP00000321971	0.000	0.000	0.000	0.000	0.000	0.000	0.900	0.000	0.900
UVSSA	ERCC8	1857865	1845673	ENSP00000374501	ENSP00000265038	0.000	0.000	0.000	0.000	0.000	0.575	0.000	0.636	0.838
AGPAT4	DGKI	1849676	1847128	ENSP00000314036	ENSP00000288490	0.000	0.000	0.000	0.000	0.000	0.000	0.900	0.274	0.924
TTC12	AHSA2	1861948	1853455	ENSP00000433757	ENSP00000349525	0.000	0.000	0.000	0.000	0.751	0.214	0.000	0.467	0.886
DYNC1I1	TUBA1A	1850210	1848244	ENSP00000320130	ENSP00000301071	0.000	0.000	0.000	0.000	0.000	0.000	0.800	0.148	0.822
ITCH	RET	1856193	1853238	ENSP00000363998	ENSP00000347942	0.000	0.000	0.000	0.000	0.000	0.089	0.800	0.081	0.817
WNT3	TGFB1	1843027	1842869	ENSP00000225512	ENSP00000221930	0.000	0.000	0.000	0.000	0.000	0.158	0.000	0.724	0.758
AK4	PDE4A	1850420	1846154	ENSP00000322175	ENSP00000270474	0.000	0.000	0.000	0.000	0.000	0.000	0.900	0.000	0.900
ITPR3	TRPM2	1856094	1848185	ENSP00000363435	ENSP00000300482	0.000	0.000	0.000	0.000	0.000	0.569	0.000	0.468	0.761
HNRNPA2B1	RAF1	1853084	1844086	ENSP00000346694	ENSP00000251849	0.000	0.000	0.000	0.000	0.000	0.000	0.000	0.808	0.808
OBSCN	ARHGAP22	1862970	1843969	ENSP00000455507	ENSP00000249601	0.000	0.000	0.000	0.000	0.000	0.000	0.900	0.000	0.900
CDC42	EXOC4	1849707	1844259	ENSP00000314458	ENSP00000253861	0.000	0.000	0.000	0.000	0.000	0.619	0.000	0.677	0.871
INPP5B	ABR	1855808	1848581	ENSP00000362115	ENSP00000303909	0.000	0.000	0.000	0.000	0.000	0.000	0.900	0.072	0.903
SLC6A5	GPHN	1861968	1861331	ENSP00000434364	ENSP00000417901	0.000	0.000	0.000	0.000	0.000	0.000	0.000	0.720	0.720
MYO10	ACTR3	1861521	1845311	ENSP00000421280	ENSP00000263238	0.000	0.000	0.000	0.000	0.000	0.190	0.900	0.207	0.930
PABPC1	SMG6	1849591	1845276	ENSP00000313007	ENSP00000263073	0.000	0.000	0.000	0.000	0.000	0.000	0.900	0.187	0.915
MYO9B	TRIO	1858475	1852198	ENSP00000380444	ENSP00000339299	0.000	0.000	0.000	0.000	0.069	0.000	0.900	0.000	0.902
COL23A1	COL5A2	1857880	1856195	ENSP00000375069	ENSP00000364000	0.000	0.000	0.000	0.651	0.000	0.000	0.900	0.000	0.900
CNR2	NPY1R	1856124	1854180	ENSP00000363596	ENSP00000354652	0.000	0.000	0.000	0.000	0.000	0.000	0.900	0.000	0.900
HNRNPUL1	PRPF6	1857971	1845854	ENSP00000375863	ENSP00000266079	0.000	0.000	0.000	0.000	0.000	0.000	0.900	0.000	0.900
PEX5	SLC25A17	1860660	1859511	ENSP00000407401	ENSP00000390722	0.000	0.000	0.000	0.000	0.000	0.000	0.000	0.758	0.758
DUT	ITPA	1857313	1857158	ENSP00000370376	ENSP00000369456	0.000	0.000	0.000	0.000	0.181	0.000	0.800	0.290	0.873
CDC42	PAK2	1849707	1849679	ENSP00000314458	ENSP00000314067	0.000	0.000	0.000	0.000	0.000	0.996	0.900	0.889	0.999
DDX17	ESR1	1858423	1842435	ENSP00000380033	ENSP00000206249	0.000	0.000	0.000	0.000	0.000	0.902	0.900	0.358	0.993
DIEXF	DUS1L	1861391	1848542	ENSP00000419005	ENSP00000303515	0.000	0.000	0.000	0.000	0.660	0.000	0.000	0.485	0.817
INPP5B	TIAM2	1855808	1850911	ENSP00000362115	ENSP00000327315	0.000	0.000	0.000	0.000	0.000	0.000	0.900	0.107	0.906
HNRNPA2B1	RNPS1	1853084	1848328	ENSP00000346694	ENSP00000301730	0.000	0.000	0.000	0.000	0.135	0.103	0.900	0.207	0.930
POLE4	ITPA	1861462	1857158	ENSP00000420176	ENSP00000369456	0.000	0.000	0.000	0.000	0.000	0.000	0.900	0.000	0.900
RASGRF1	PRKACB	1860566	1855328	ENSP00000405963	ENSP00000359719	0.000	0.000	0.000	0.000	0.000	0.000	0.800	0.114	0.815
OPRL1	NPY2R	1851923	1851488	ENSP00000336764	ENSP00000332591	0.000	0.000	0.000	0.692	0.000	0.000	0.900	0.104	0.902
HNRNPM	FUS	1850730	1844273	ENSP00000325376	ENSP00000254108	0.000	0.000	0.000	0.000	0.096	0.000	0.900	0.255	0.926
LPAR1	NFKB1	1853763	1843094	ENSP00000351755	ENSP00000226574	0.000	0.000	0.000	0.000	0.000	0.000	0.900	0.160	0.912
GLI3	PRKACB	1858347	1855328	ENSP00000379258	ENSP00000359719	0.000	0.000	0.000	0.000	0.113	0.213	0.800	0.686	0.950
GNAS	PDE7B	1855402	1849328	ENSP00000360141	ENSP00000310661	0.000	0.000	0.000	0.000	0.000	0.000	0.900	0.063	0.902
TRIO	ARHGAP22	1852198	1843969	ENSP00000339299	ENSP00000249601	0.000	0.000	0.000	0.000	0.000	0.000	0.900	0.000	0.900
NDE1	PCM1	1852988	1850891	ENSP00000345892	ENSP00000327077	0.000	0.000	0.000	0.000	0.000	0.000	0.900	0.165	0.912
MCF2L	INPP5B	1862148	1855808	ENSP00000440374	ENSP00000362115	0.000	0.000	0.000	0.000	0.000	0.000	0.900	0.199	0.916
PAK2	RAF1	1849679	1844086	ENSP00000314067	ENSP00000251849	0.000	0.000	0.000	0.652	0.000	0.576	0.900	0.750	0.967
KAT5	NFKB1	1852315	1843094	ENSP00000340330	ENSP00000226574	0.000	0.000	0.000	0.000	0.000	0.573	0.000	0.344	0.707
PSMB11	ORC1	1859133	1855507	ENSP00000386212	ENSP00000360621	0.000	0.000	0.000	0.000	0.000	0.000	0.900	0.000	0.900
RPS6KA2	YBX1	1861695	1855704	ENSP00000427015	ENSP00000361626	0.000	0.000	0.000	0.000	0.000	0.000	0.000	0.847	0.847
EZR	CDC42	1852156	1849707	ENSP00000338934	ENSP00000314458	0.000	0.000	0.000	0.000	0.000	0.094	0.000	0.689	0.706
LPAR1	TRIO	1853763	1852198	ENSP00000351755	ENSP00000339299	0.000	0.000	0.000	0.000	0.000	0.000	0.900	0.064	0.902
CDC42	ARHGAP20	1849707	1844774	ENSP00000314458	ENSP00000260283	0.000	0.000	0.000	0.000	0.000	0.000	0.900	0.234	0.920
DYNC1H1	PCM1	1853378	1850891	ENSP00000348965	ENSP00000327077	0.000	0.000	0.000	0.000	0.000	0.000	0.900	0.000	0.900
DCC	ELMO1	1859404	1849503	ENSP00000389140	ENSP00000312185	0.000	0.000	0.000	0.000	0.000	0.000	0.900	0.042	0.900
CD40	DYNC1H1	1855654	1853378	ENSP00000361359	ENSP00000348965	0.000	0.000	0.000	0.000	0.000	0.000	0.000	0.720	0.720
SCD	HCLS1	1855232	1850213	ENSP00000359380	ENSP00000320176	0.000	0.000	0.000	0.000	0.000	0.000	0.000	0.800	0.800
GNAS	P2RY1	1855402	1848668	ENSP00000360141	ENSP00000304767	0.000	0.000	0.000	0.000	0.000	0.000	0.800	0.000	0.800
PPAP2C	CERS3	1851176	1846903	ENSP00000329697	ENSP00000284382	0.000	0.000	0.000	0.000	0.000	0.149	0.900	0.102	0.916
PPARG	NFKB1	1847090	1843094	ENSP00000287820	ENSP00000226574	0.000	0.000	0.000	0.000	0.000	0.000	0.900	0.751	0.974
HTR2A	GPR17	1856916	1846273	ENSP00000367959	ENSP00000272644	0.000	0.000	0.000	0.638	0.000	0.000	0.900	0.000	0.900
PLD3	DGKD	1853368	1845472	ENSP00000348901	ENSP00000264057	0.000	0.000	0.000	0.000	0.000	0.000	0.900	0.098	0.905
DYNC1H1	NDE1	1853378	1852988	ENSP00000348965	ENSP00000345892	0.000	0.000	0.000	0.000	0.000	0.000	0.900	0.390	0.936
LPAR1	GRM8	1853763	1852779	ENSP00000351755	ENSP00000344173	0.000	0.000	0.000	0.000	0.000	0.000	0.900	0.091	0.905
HNRNPUL1	HNRNPA2B1	1857971	1853084	ENSP00000375863	ENSP00000346694	0.000	0.000	0.000	0.000	0.078	0.000	0.900	0.132	0.913
HDAC4	DNAJB6	1845573	1845081	ENSP00000264606	ENSP00000262177	0.000	0.000	0.000	0.000	0.000	0.808	0.000	0.151	0.830
ATP1B1	ABCA2	1854664	1852776	ENSP00000356789	ENSP00000344155	0.000	0.000	0.000	0.000	0.000	0.000	0.720	0.047	0.721
PRCP	PREP	1858097	1854953	ENSP00000377055	ENSP00000358106	0.000	0.000	0.000	0.000	0.000	0.000	0.000	0.700	0.700
COL5A2	COL22A1	1856195	1848499	ENSP00000364000	ENSP00000303153	0.000	0.000	0.000	0.612	0.000	0.000	0.900	0.330	0.911
ARHGAP22	KALRN	1843969	1843581	ENSP00000249601	ENSP00000240874	0.000	0.000	0.000	0.000	0.000	0.000	0.900	0.074	0.903
HTR2A	TRIO	1856916	1852198	ENSP00000367959	ENSP00000339299	0.000	0.000	0.000	0.000	0.000	0.000	0.900	0.064	0.902
EPHB2	KALRN	1856154	1843581	ENSP00000363763	ENSP00000240874	0.000	0.000	0.000	0.000	0.000	0.576	0.900	0.384	0.971
CHST2	NTAN1	1849019	1847083	ENSP00000307911	ENSP00000287706	0.000	0.000	0.000	0.000	0.000	0.000	0.000	0.862	0.862
NFATC2	NFATC1	1858353	1850967	ENSP00000379330	ENSP00000327850	0.000	0.000	0.000	0.872	0.000	0.000	0.900	0.841	0.910
RHOT2	KALRN	1850404	1843581	ENSP00000321971	ENSP00000240874	0.000	0.000	0.000	0.000	0.000	0.000	0.900	0.000	0.900
PDGFB	ERBB2	1851250	1846101	ENSP00000330382	ENSP00000269571	0.000	0.000	0.000	0.000	0.000	0.000	0.800	0.397	0.874
HTR2A	KALRN	1856916	1843581	ENSP00000367959	ENSP00000240874	0.000	0.000	0.000	0.000	0.000	0.000	0.900	0.150	0.911
PPAP2C	CHPT1	1851176	1843189	ENSP00000329697	ENSP00000229266	0.000	0.000	0.000	0.000	0.000	0.000	0.900	0.356	0.932
OBSCN	KALRN	1862970	1843581	ENSP00000455507	ENSP00000240874	0.000	0.000	0.000	0.613	0.000	0.000	0.900	0.389	0.914
ABR	ARHGAP15	1848581	1847533	ENSP00000303909	ENSP00000295095	0.000	0.000	0.000	0.693	0.000	0.000	0.900	0.202	0.905
PABPC1	RNPS1	1849591	1848328	ENSP00000313007	ENSP00000301730	0.000	0.000	0.000	0.000	0.071	0.283	0.900	0.757	0.981
EZR	ELMO1	1852156	1849503	ENSP00000338934	ENSP00000312185	0.000	0.000	0.000	0.000	0.000	0.000	0.000	0.820	0.820
HTR2A	P2RY1	1856916	1848668	ENSP00000367959	ENSP00000304767	0.000	0.000	0.000	0.000	0.000	0.000	0.900	0.262	0.923
EIF2C3	PABPC1	1855848	1849591	ENSP00000362287	ENSP00000313007	0.000	0.000	0.000	0.000	0.140	0.064	0.000	0.754	0.784
MCF2L	CDC42	1862148	1849707	ENSP00000440374	ENSP00000314458	0.000	0.000	0.000	0.000	0.000	0.915	0.900	0.226	0.992
LPAR1	LPAR6	1853763	1852804	ENSP00000351755	ENSP00000344353	0.000	0.000	0.000	0.000	0.000	0.000	0.900	0.677	0.966
TIAM2	KALRN	1850911	1843581	ENSP00000327315	ENSP00000240874	0.000	0.000	0.000	0.609	0.000	0.000	0.900	0.353	0.912
ARF6	ARAP3	1847953	1843522	ENSP00000298316	ENSP00000239440	0.000	0.000	0.000	0.000	0.000	0.108	0.900	0.543	0.955
FKBP1A	TGFB1	1857423	1842869	ENSP00000371138	ENSP00000221930	0.000	0.000	0.000	0.000	0.000	0.802	0.900	0.345	0.985
FOXA1	APOB	1844009	1843345	ENSP00000250448	ENSP00000233242	0.000	0.000	0.000	0.000	0.069	0.000	0.900	0.163	0.915
RPL34	PLEC	1858216	1850586	ENSP00000378160	ENSP00000323856	0.000	0.000	0.000	0.000	0.736	0.000	0.000	0.091	0.749
SEPT2	CDC42	1853952	1849707	ENSP00000353157	ENSP00000314458	0.000	0.000	0.000	0.000	0.000	0.095	0.900	0.547	0.955
ABR	KALRN	1848581	1843581	ENSP00000303909	ENSP00000240874	0.000	0.000	0.000	0.000	0.000	0.000	0.900	0.235	0.920
CDC42	ABR	1849707	1848581	ENSP00000314458	ENSP00000303909	0.000	0.000	0.000	0.000	0.000	0.000	0.900	0.326	0.929
MUC4	TGFB1	1861298	1842869	ENSP00000417498	ENSP00000221930	0.000	0.000	0.000	0.000	0.000	0.000	0.000	0.837	0.837
EZR	ERBB2	1852156	1846101	ENSP00000338934	ENSP00000269571	0.000	0.000	0.000	0.000	0.000	0.425	0.000	0.745	0.847
NPHP4	IQCB1	1856823	1849434	ENSP00000367398	ENSP00000311505	0.000	0.000	0.000	0.000	0.000	0.000	0.000	0.771	0.771
P2RY1	KALRN	1848668	1843581	ENSP00000304767	ENSP00000240874	0.000	0.000	0.000	0.000	0.000	0.000	0.900	0.000	0.900
FBLN2	COL18A1	1858906	1853197	ENSP00000384169	ENSP00000347665	0.000	0.000	0.000	0.000	0.000	0.566	0.000	0.435	0.744
GLI3	TGFB1	1858347	1842869	ENSP00000379258	ENSP00000221930	0.000	0.000	0.000	0.000	0.000	0.000	0.000	0.711	0.711
TIAM2	ARHGAP15	1850911	1847533	ENSP00000327315	ENSP00000295095	0.000	0.000	0.000	0.000	0.000	0.000	0.900	0.000	0.900
TEK	NFKB1	1857139	1843094	ENSP00000369375	ENSP00000226574	0.000	0.000	0.000	0.000	0.000	0.110	0.900	0.392	0.941
CDC42	ARAP3	1849707	1843522	ENSP00000314458	ENSP00000239440	0.000	0.000	0.000	0.000	0.000	0.092	0.900	0.333	0.934
AGPAT1	GPAM	1852006	1845717	ENSP00000337463	ENSP00000265276	0.000	0.000	0.000	0.000	0.000	0.000	0.000	0.819	0.819
ITPA	DTYMK	1857158	1848672	ENSP00000369456	ENSP00000304802	0.000	0.000	0.000	0.000	0.072	0.000	0.900	0.214	0.920
TIAM2	ARAP3	1850911	1843522	ENSP00000327315	ENSP00000239440	0.000	0.000	0.000	0.000	0.000	0.000	0.900	0.112	0.907
FAM129B	DIO3	1855881	1853828	ENSP00000362409	ENSP00000352273	0.000	0.000	0.000	0.000	0.000	0.000	0.000	0.700	0.700
DCC	KALRN	1859404	1843581	ENSP00000389140	ENSP00000240874	0.000	0.000	0.000	0.000	0.000	0.323	0.000	0.591	0.711
ABR	ARHGAP22	1848581	1843969	ENSP00000303909	ENSP00000249601	0.000	0.000	0.000	0.628	0.000	0.000	0.900	0.065	0.900
CNR2	GPR17	1856124	1846273	ENSP00000363596	ENSP00000272644	0.000	0.000	0.000	0.000	0.000	0.000	0.900	0.000	0.900
PRLR	GH2	1857467	1851551	ENSP00000371432	ENSP00000333157	0.000	0.000	0.000	0.000	0.000	0.000	0.800	0.000	0.800
PCNT	NDE1	1853867	1852988	ENSP00000352572	ENSP00000345892	0.000	0.000	0.000	0.000	0.000	0.110	0.900	0.235	0.925
MLL	TAF4	1862045	1844180	ENSP00000436786	ENSP00000252996	0.000	0.000	0.000	0.000	0.000	0.000	0.900	0.000	0.900
DYNC1H1	DYNC1I1	1853378	1850210	ENSP00000348965	ENSP00000320130	0.000	0.000	0.000	0.000	0.094	0.575	0.900	0.789	0.990
CD55	MRPS22	1849863	1849345	ENSP00000316333	ENSP00000310785	0.000	0.000	0.000	0.000	0.000	0.000	0.000	0.723	0.723
KAT5	FKBP5	1852315	1852076	ENSP00000340330	ENSP00000338160	0.000	0.000	0.000	0.000	0.000	0.000	0.000	0.805	0.805
NPY1R	OPRL1	1854180	1851923	ENSP00000354652	ENSP00000336764	0.000	0.000	0.000	0.702	0.000	0.000	0.900	0.063	0.900
NFKB1	TGFB1	1843094	1842869	ENSP00000226574	ENSP00000221930	0.000	0.000	0.000	0.000	0.000	0.000	0.000	0.942	0.942
KCNAB1	KCNQ2	1861449	1853793	ENSP00000419952	ENSP00000352035	0.000	0.000	0.000	0.000	0.000	0.000	0.900	0.427	0.940
PRLR	OPRL1	1857467	1851923	ENSP00000371432	ENSP00000336764	0.000	0.000	0.000	0.000	0.000	0.000	0.000	0.804	0.804
RET	RAP1GAP	1853238	1847204	ENSP00000347942	ENSP00000290101	0.000	0.000	0.000	0.000	0.000	0.000	0.000	0.835	0.835
BAI1	ELMO1	1849594	1849503	ENSP00000313046	ENSP00000312185	0.000	0.000	0.000	0.000	0.000	0.576	0.000	0.439	0.751
ARHGAP15	KALRN	1847533	1843581	ENSP00000295095	ENSP00000240874	0.000	0.000	0.000	0.000	0.000	0.000	0.900	0.054	0.901
MCF2L	ARAP3	1862148	1843522	ENSP00000440374	ENSP00000239440	0.000	0.000	0.000	0.000	0.000	0.000	0.900	0.000	0.900
NLK	SETDB1	1858963	1846207	ENSP00000384625	ENSP00000271640	0.000	0.000	0.000	0.000	0.000	0.566	0.900	0.268	0.965
GPR132	GPR17	1851080	1846273	ENSP00000328818	ENSP00000272644	0.000	0.000	0.000	0.724	0.000	0.000	0.900	0.000	0.900
ITPA	POLD3	1857158	1845392	ENSP00000369456	ENSP00000263681	0.000	0.000	0.000	0.000	0.000	0.000	0.900	0.000	0.900
MCL1	DAD1	1854935	1844013	ENSP00000358022	ENSP00000250498	0.000	0.000	0.000	0.000	0.000	0.576	0.000	0.894	0.953
PRKACB	PDE4A	1855328	1846154	ENSP00000359719	ENSP00000270474	0.000	0.000	0.000	0.000	0.207	0.151	0.900	0.526	0.963
KAT5	ESR1	1852315	1842435	ENSP00000340330	ENSP00000206249	0.000	0.000	0.000	0.000	0.000	0.955	0.000	0.358	0.970
TRIO	KALRN	1852198	1843581	ENSP00000339299	ENSP00000240874	0.000	0.000	0.000	0.984	0.000	0.000	0.900	0.495	0.900
PRKCG	RAF1	1845356	1844086	ENSP00000263431	ENSP00000251849	0.000	0.000	0.000	0.620	0.000	0.000	0.800	0.499	0.836
RYR2	CALM1	1854400	1853445	ENSP00000355533	ENSP00000349467	0.000	0.000	0.000	0.000	0.000	0.576	0.800	0.213	0.927
CALM1	CACNA1C	1853445	1845866	ENSP00000349467	ENSP00000266376	0.000	0.000	0.000	0.000	0.000	0.823	0.800	0.281	0.972
HNRNPUL1	HNRNPM	1857971	1850730	ENSP00000375863	ENSP00000325376	0.000	0.000	0.000	0.000	0.113	0.000	0.900	0.161	0.919
OBSCN	INPP5B	1862970	1855808	ENSP00000455507	ENSP00000362115	0.000	0.000	0.000	0.000	0.000	0.000	0.900	0.000	0.900
ITGA6	COL5A2	1859218	1856195	ENSP00000386896	ENSP00000364000	0.000	0.000	0.000	0.000	0.000	0.000	0.800	0.230	0.839
NUP93	NEK9	1849329	1843490	ENSP00000310668	ENSP00000238616	0.000	0.000	0.000	0.000	0.000	0.000	0.900	0.406	0.938
CNOT1	PABPC1	1850299	1849591	ENSP00000320949	ENSP00000313007	0.000	0.000	0.000	0.000	0.091	0.000	0.900	0.436	0.944
WIPF2	CDC42	1850295	1849707	ENSP00000320924	ENSP00000314458	0.000	0.000	0.000	0.000	0.000	0.107	0.900	0.330	0.935
TRIO	ARAP3	1852198	1843522	ENSP00000339299	ENSP00000239440	0.000	0.000	0.000	0.000	0.000	0.000	0.900	0.000	0.900
HARS2	HMOX2	1843265	1842767	ENSP00000230771	ENSP00000219700	0.000	0.000	0.000	0.000	0.000	0.000	0.000	0.906	0.906
CDC42	PRKCG	1849707	1845356	ENSP00000314458	ENSP00000263431	0.000	0.000	0.000	0.000	0.000	0.791	0.000	0.525	0.896
LHX9	WNT4	1854579	1847209	ENSP00000356357	ENSP00000290167	0.000	0.000	0.000	0.000	0.000	0.279	0.000	0.660	0.744
COL23A1	COL22A1	1857880	1848499	ENSP00000375069	ENSP00000303153	0.000	0.000	0.000	0.642	0.000	0.000	0.900	0.214	0.906
PAK2	DOCK2	1849679	1844476	ENSP00000314067	ENSP00000256935	0.000	0.000	0.000	0.000	0.000	0.576	0.000	0.392	0.731
HCLS1	ACTR3	1850213	1845311	ENSP00000320176	ENSP00000263238	0.000	0.000	0.000	0.000	0.079	0.576	0.000	0.766	0.901
CD163	CSF1	1853796	1850929	ENSP00000352071	ENSP00000327513	0.000	0.000	0.000	0.000	0.000	0.000	0.000	0.896	0.896
MUTYH	NTHL1	1855617	1842717	ENSP00000361170	ENSP00000219066	0.078	0.000	0.000	0.000	0.000	0.000	0.000	0.806	0.813
ALDH9A1	ABAT	1853096	1846008	ENSP00000346827	ENSP00000268251	0.224	0.000	0.000	0.000	0.109	0.108	0.900	0.304	0.949
C19orf10	APOB	1845249	1843345	ENSP00000262947	ENSP00000233242	0.000	0.000	0.000	0.000	0.000	0.000	0.000	0.700	0.700
HNRNPM	RNPS1	1850730	1848328	ENSP00000325376	ENSP00000301730	0.000	0.000	0.000	0.000	0.082	0.608	0.900	0.090	0.962
TIAM2	RHOT2	1850911	1850404	ENSP00000327315	ENSP00000321971	0.000	0.000	0.000	0.000	0.000	0.000	0.900	0.000	0.900
PRKACB	ATP1A3	1855328	1848401	ENSP00000359719	ENSP00000302397	0.000	0.000	0.000	0.000	0.074	0.089	0.800	0.086	0.825
WNK1	SLC12A7	1849596	1845645	ENSP00000313059	ENSP00000264930	0.000	0.000	0.000	0.000	0.000	0.000	0.000	0.846	0.846
CCNF	FBXO31	1858453	1849355	ENSP00000380256	ENSP00000310841	0.000	0.000	0.000	0.000	0.000	0.000	0.900	0.000	0.900
OR10H2	OR6F1	1848805	1848751	ENSP00000306095	ENSP00000305640	0.000	0.000	0.000	0.885	0.000	0.000	0.900	0.000	0.900
HNRNPA2B1	PRPF6	1853084	1845854	ENSP00000346694	ENSP00000266079	0.000	0.000	0.000	0.000	0.000	0.189	0.900	0.143	0.924
ITGA6	PLEC	1859218	1850586	ENSP00000386896	ENSP00000323856	0.000	0.000	0.000	0.000	0.000	0.576	0.900	0.635	0.983
ARF6	KALRN	1847953	1843581	ENSP00000298316	ENSP00000240874	0.000	0.000	0.000	0.000	0.000	0.000	0.900	0.200	0.916
CDH4	CDH6	1854013	1845681	ENSP00000353656	ENSP00000265071	0.000	0.000	0.000	0.843	0.000	0.000	0.900	0.593	0.909
LRRC16A	KALRN	1851419	1843581	ENSP00000331983	ENSP00000240874	0.000	0.000	0.000	0.000	0.000	0.000	0.000	0.707	0.707
NRXN1	NLGN4Y	1859018	1852604	ENSP00000385142	ENSP00000342535	0.000	0.000	0.000	0.000	0.000	0.000	0.800	0.713	0.940
ITGA6	ERBB2	1859218	1846101	ENSP00000386896	ENSP00000269571	0.000	0.000	0.000	0.000	0.000	0.000	0.000	0.859	0.859
PRKACB	PRKAG2	1855328	1847092	ENSP00000359719	ENSP00000287878	0.000	0.000	0.000	0.000	0.097	0.164	0.720	0.146	0.795
TRIO	ARHGAP20	1852198	1844774	ENSP00000339299	ENSP00000260283	0.000	0.000	0.000	0.000	0.000	0.000	0.900	0.000	0.900
HRG	TGFB1	1843307	1842869	ENSP00000232003	ENSP00000221930	0.000	0.000	0.000	0.000	0.000	0.000	0.900	0.134	0.909
CCNF	NOTCH4	1858453	1856221	ENSP00000380256	ENSP00000364163	0.000	0.000	0.000	0.000	0.000	0.129	0.000	0.700	0.727
EPHB2	CDC42	1856154	1849707	ENSP00000363763	ENSP00000314458	0.000	0.000	0.000	0.000	0.000	0.113	0.900	0.444	0.946
OBSCN	ABR	1862970	1848581	ENSP00000455507	ENSP00000303909	0.000	0.000	0.000	0.000	0.000	0.000	0.900	0.000	0.900
FBXO31	FBXO9	1849355	1843715	ENSP00000310841	ENSP00000244426	0.000	0.000	0.000	0.000	0.000	0.000	0.900	0.000	0.900
POLR3E	GTF3C3	1848107	1845443	ENSP00000299853	ENSP00000263956	0.000	0.000	0.000	0.000	0.000	0.000	0.900	0.123	0.908
FOXA1	ESR1	1844009	1842435	ENSP00000250448	ENSP00000206249	0.000	0.000	0.000	0.000	0.000	0.000	0.900	0.929	0.992
YBX1	RNPS1	1855704	1848328	ENSP00000361626	ENSP00000301730	0.000	0.000	0.000	0.000	0.000	0.080	0.900	0.092	0.909
LPAR1	KALRN	1853763	1843581	ENSP00000351755	ENSP00000240874	0.000	0.000	0.000	0.000	0.000	0.000	0.900	0.000	0.900
PPP2R2B	CACNA1C	1851897	1845866	ENSP00000336591	ENSP00000266376	0.000	0.000	0.000	0.000	0.000	0.000	0.800	0.048	0.801
SMAD6	TGFB1	1847140	1842869	ENSP00000288840	ENSP00000221930	0.000	0.000	0.000	0.000	0.000	0.119	0.900	0.713	0.972
HTR2A	GPR132	1856916	1851080	ENSP00000367959	ENSP00000328818	0.000	0.000	0.000	0.624	0.000	0.000	0.900	0.000	0.900
OR5P2	OR6F1	1851396	1848751	ENSP00000331823	ENSP00000305640	0.000	0.000	0.000	0.903	0.000	0.000	0.900	0.000	0.900
ABCA2	ATP1A3	1852776	1848401	ENSP00000344155	ENSP00000302397	0.000	0.000	0.000	0.000	0.000	0.080	0.900	0.066	0.906
WNT4	WNT3	1847209	1843027	ENSP00000290167	ENSP00000225512	0.000	0.000	0.000	0.946	0.000	0.000	0.900	0.756	0.904
ACTR3	PFN1	1845311	1843040	ENSP00000263238	ENSP00000225655	0.000	0.000	0.000	0.000	0.091	0.462	0.000	0.743	0.863
DERL1	APOB	1844703	1843345	ENSP00000259512	ENSP00000233242	0.000	0.000	0.000	0.000	0.000	0.805	0.000	0.824	0.964
ITPR3	PRKACB	1856094	1855328	ENSP00000363435	ENSP00000359719	0.000	0.000	0.000	0.000	0.000	0.000	0.800	0.243	0.842
COL9A3	COL22A1	1852483	1848499	ENSP00000341640	ENSP00000303153	0.000	0.000	0.000	0.639	0.000	0.000	0.900	0.252	0.907
PDE7A	GNAS	1859054	1855402	ENSP00000385632	ENSP00000360141	0.000	0.000	0.000	0.000	0.000	0.000	0.900	0.118	0.908
ARSI	ARSJ	1851583	1850220	ENSP00000333395	ENSP00000320219	0.000	0.000	0.527	0.970	0.000	0.000	0.900	0.933	0.904
PRKACB	PRKAG1	1855328	1850588	ENSP00000359719	ENSP00000323867	0.000	0.000	0.000	0.000	0.097	0.164	0.900	0.065	0.919
PCNT	PCM1	1853867	1850891	ENSP00000352572	ENSP00000327077	0.000	0.000	0.000	0.000	0.065	0.576	0.900	0.484	0.976
GRM8	NPY2R	1852779	1851488	ENSP00000344173	ENSP00000332591	0.000	0.000	0.000	0.000	0.000	0.000	0.900	0.135	0.909
SMAD6	BMPR1A	1847140	1843002	ENSP00000288840	ENSP00000224764	0.000	0.000	0.000	0.000	0.000	0.698	0.900	0.797	0.993
ARHGAP20	KALRN	1844774	1843581	ENSP00000260283	ENSP00000240874	0.000	0.000	0.000	0.000	0.000	0.000	0.900	0.057	0.901
PDS5A	NSMCE2	1848529	1847067	ENSP00000303427	ENSP00000287437	0.000	0.000	0.000	0.000	0.000	0.674	0.000	0.350	0.779
ACTC1	PFN1	1847228	1843040	ENSP00000290378	ENSP00000225655	0.000	0.000	0.000	0.000	0.000	0.301	0.000	0.816	0.866
MCF2L	RHOT2	1862148	1850404	ENSP00000440374	ENSP00000321971	0.000	0.000	0.000	0.000	0.000	0.000	0.900	0.000	0.900
GNAS	LPAR1	1855402	1853763	ENSP00000360141	ENSP00000351755	0.000	0.000	0.000	0.000	0.000	0.000	0.800	0.000	0.800
DCC	CDC42	1859404	1849707	ENSP00000389140	ENSP00000314458	0.000	0.000	0.000	0.000	0.000	0.000	0.900	0.218	0.918
PRKACB	ATP1B1	1855328	1854664	ENSP00000359719	ENSP00000356789	0.000	0.000	0.000	0.000	0.000	0.000	0.800	0.070	0.806
MYO9B	RHOT2	1858475	1850404	ENSP00000380444	ENSP00000321971	0.000	0.000	0.000	0.000	0.000	0.000	0.900	0.000	0.900
EZR	ARF6	1852156	1847953	ENSP00000338934	ENSP00000298316	0.000	0.000	0.000	0.000	0.000	0.566	0.000	0.350	0.705
OAS2	IFITM1	1852576	1851288	ENSP00000342278	ENSP00000330825	0.000	0.000	0.000	0.000	0.000	0.000	0.900	0.328	0.929
SVIP	DERL1	1853018	1844703	ENSP00000346130	ENSP00000259512	0.000	0.000	0.000	0.000	0.000	0.857	0.000	0.863	0.979
PDS5A	SGOL1	1848529	1845407	ENSP00000303427	ENSP00000263753	0.000	0.000	0.000	0.000	0.000	0.567	0.900	0.347	0.969
NHEJ1	ERCC8	1853423	1845673	ENSP00000349313	ENSP00000265038	0.000	0.000	0.000	0.000	0.000	0.000	0.900	0.000	0.900
GLI3	WNT3	1858347	1843027	ENSP00000379258	ENSP00000225512	0.000	0.000	0.000	0.000	0.000	0.284	0.000	0.745	0.809
ERBB2	PTPN12	1846101	1843919	ENSP00000269571	ENSP00000248594	0.000	0.000	0.000	0.000	0.000	0.714	0.000	0.481	0.846
P2RY1	GPR17	1848668	1846273	ENSP00000304767	ENSP00000272644	0.000	0.000	0.000	0.802	0.000	0.000	0.900	0.376	0.906
PCNT	DYNC1H1	1853867	1853378	ENSP00000352572	ENSP00000348965	0.000	0.000	0.000	0.000	0.000	0.000	0.900	0.041	0.900
TRIO	P2RY1	1852198	1848668	ENSP00000339299	ENSP00000304767	0.000	0.000	0.000	0.000	0.000	0.000	0.900	0.000	0.900
CYR61	TGFB1	1860109	1842869	ENSP00000398736	ENSP00000221930	0.000	0.000	0.000	0.000	0.000	0.000	0.000	0.889	0.889
PDGFB	TGFB1	1851250	1842869	ENSP00000330382	ENSP00000221930	0.000	0.000	0.000	0.000	0.000	0.000	0.000	0.921	0.921
NDE1	PDS5A	1852988	1848529	ENSP00000345892	ENSP00000303427	0.000	0.000	0.000	0.000	0.000	0.000	0.900	0.000	0.900
PPP2R2B	RAF1	1851897	1844086	ENSP00000336591	ENSP00000251849	0.000	0.000	0.000	0.000	0.000	0.573	0.900	0.299	0.967
YBX1	CTCF	1855704	1845456	ENSP00000361626	ENSP00000264010	0.000	0.000	0.000	0.000	0.000	0.812	0.000	0.925	0.985
PRMT2	ESR1	1853230	1842435	ENSP00000347906	ENSP00000206249	0.000	0.000	0.000	0.000	0.000	0.805	0.000	0.203	0.838
CNR2	NPY2R	1856124	1851488	ENSP00000363596	ENSP00000332591	0.000	0.000	0.000	0.000	0.000	0.000	0.900	0.000	0.900
NOTCH4	ERBB2	1856221	1846101	ENSP00000364163	ENSP00000269571	0.000	0.000	0.000	0.000	0.000	0.361	0.000	0.813	0.875
TIAM2	ARHGAP22	1850911	1843969	ENSP00000327315	ENSP00000249601	0.000	0.000	0.000	0.000	0.000	0.000	0.900	0.091	0.905
TRIO	ARHGAP15	1852198	1847533	ENSP00000339299	ENSP00000295095	0.000	0.000	0.000	0.000	0.000	0.000	0.900	0.000	0.900
EIF2C3	CDKN2C	1855848	1845196	ENSP00000362287	ENSP00000262662	0.000	0.000	0.000	0.000	0.000	0.095	0.900	0.103	0.911
RHOT2	ARAP3	1850404	1843522	ENSP00000321971	ENSP00000239440	0.000	0.000	0.000	0.000	0.000	0.000	0.900	0.000	0.900
CDC42	KALRN	1849707	1843581	ENSP00000314458	ENSP00000240874	0.000	0.000	0.000	0.000	0.000	0.449	0.900	0.538	0.972
NPY1R	GPR17	1854180	1846273	ENSP00000354652	ENSP00000272644	0.000	0.000	0.000	0.643	0.000	0.000	0.900	0.000	0.900
OR5P2	OR10H2	1851396	1848805	ENSP00000331823	ENSP00000306095	0.000	0.000	0.000	0.865	0.000	0.000	0.900	0.000	0.900
CDC42	ARHGAP22	1849707	1843969	ENSP00000314458	ENSP00000249601	0.000	0.000	0.000	0.000	0.000	0.000	0.900	0.266	0.923
YBX1	PRPF6	1855704	1845854	ENSP00000361626	ENSP00000266079	0.000	0.000	0.000	0.000	0.000	0.000	0.900	0.000	0.900
KLHL2	ACTC1	1861621	1847228	ENSP00000424198	ENSP00000290378	0.000	0.000	0.000	0.000	0.000	0.576	0.000	0.488	0.773
COL18A1	FOXA1	1853197	1844009	ENSP00000347665	ENSP00000250448	0.000	0.000	0.000	0.000	0.000	0.000	0.900	0.060	0.901
HNRNPM	PRPF6	1850730	1845854	ENSP00000325376	ENSP00000266079	0.000	0.000	0.000	0.000	0.000	0.652	0.900	0.127	0.966
RHOT2	ABR	1850404	1848581	ENSP00000321971	ENSP00000303909	0.000	0.000	0.000	0.000	0.000	0.000	0.900	0.000	0.900
NUDT1	NTHL1	1852224	1842717	ENSP00000339503	ENSP00000219066	0.088	0.000	0.000	0.000	0.000	0.615	0.000	0.587	0.842
HDAC4	CHD5	1845573	1845148	ENSP00000264606	ENSP00000262450	0.000	0.000	0.000	0.000	0.000	0.251	0.720	0.140	0.803
KCNAB1	KCNQ4	1861449	1845243	ENSP00000419952	ENSP00000262916	0.000	0.000	0.000	0.000	0.000	0.000	0.900	0.224	0.919
HDAC4	SIRT2	1845573	1843962	ENSP00000264606	ENSP00000249396	0.000	0.000	0.000	0.000	0.000	0.276	0.000	0.649	0.735
NDE1	SGOL1	1852988	1845407	ENSP00000345892	ENSP00000263753	0.000	0.000	0.000	0.000	0.000	0.000	0.900	0.000	0.900
COL23A1	COL9A3	1857880	1852483	ENSP00000375069	ENSP00000341640	0.000	0.000	0.000	0.641	0.000	0.000	0.900	0.135	0.903
ERBB2	ESR1	1846101	1842435	ENSP00000269571	ENSP00000206249	0.000	0.000	0.000	0.000	0.000	0.613	0.000	0.981	0.992
PSMB11	PAK2	1859133	1849679	ENSP00000386212	ENSP00000314067	0.000	0.000	0.000	0.000	0.000	0.000	0.900	0.000	0.900
NFATC2	CDC42	1858353	1849707	ENSP00000379330	ENSP00000314458	0.000	0.000	0.000	0.000	0.000	0.000	0.900	0.232	0.919
INO80C	KAT5	1859565	1852315	ENSP00000391457	ENSP00000340330	0.000	0.000	0.000	0.000	0.000	0.000	0.900	0.301	0.927
ITPR3	PRKCG	1856094	1845356	ENSP00000363435	ENSP00000263431	0.000	0.000	0.000	0.000	0.000	0.000	0.800	0.102	0.812
KARS	HARS2	1850738	1843265	ENSP00000325448	ENSP00000230771	0.000	0.000	0.000	0.000	0.624	0.149	0.000	0.529	0.836
HTR2A	LPAR1	1856916	1853763	ENSP00000367959	ENSP00000351755	0.000	0.000	0.000	0.632	0.000	0.000	0.900	0.144	0.903
PDCD6IP	NEDD4	1860937	1852948	ENSP00000411825	ENSP00000345530	0.000	0.000	0.000	0.000	0.000	0.694	0.000	0.514	0.845
RHEB	RAF1	1845084	1844086	ENSP00000262187	ENSP00000251849	0.000	0.000	0.000	0.000	0.000	0.983	0.000	0.883	0.998
DMTF1	ERBB2	1851441	1846101	ENSP00000332171	ENSP00000269571	0.000	0.000	0.000	0.000	0.000	0.000	0.000	0.806	0.806
SMAD6	CTCF	1847140	1845456	ENSP00000288840	ENSP00000264010	0.000	0.000	0.000	0.000	0.000	0.000	0.900	0.091	0.905
CYR61	LPAR1	1860109	1853763	ENSP00000398736	ENSP00000351755	0.000	0.000	0.000	0.000	0.000	0.000	0.000	0.823	0.823
LPAR1	OPRL1	1853763	1851923	ENSP00000351755	ENSP00000336764	0.000	0.000	0.000	0.636	0.000	0.000	0.900	0.000	0.900
AKR1A1	GUSB	1849549	1848445	ENSP00000312606	ENSP00000302728	0.000	0.000	0.000	0.000	0.000	0.000	0.900	0.101	0.906
CUL2	DCUN1D2	1862282	1861320	ENSP00000444856	ENSP00000417706	0.000	0.000	0.000	0.000	0.096	0.777	0.000	0.133	0.810
SETDB1	DNMT3A	1846207	1845601	ENSP00000271640	ENSP00000264709	0.000	0.000	0.000	0.000	0.000	0.576	0.000	0.911	0.960
TRIO	RHOT2	1852198	1850404	ENSP00000339299	ENSP00000321971	0.000	0.000	0.000	0.000	0.000	0.000	0.900	0.000	0.900
DGKD	CHPT1	1845472	1843189	ENSP00000264057	ENSP00000229266	0.000	0.000	0.000	0.000	0.000	0.000	0.900	0.000	0.900
DDX17	YBX1	1858423	1855704	ENSP00000380033	ENSP00000361626	0.114	0.000	0.000	0.000	0.068	0.387	0.000	0.502	0.714
TNS3	ERBB2	1849500	1846101	ENSP00000312143	ENSP00000269571	0.000	0.000	0.000	0.000	0.000	0.238	0.000	0.631	0.707
GLI3	CSNK1G1	1858347	1848771	ENSP00000379258	ENSP00000305777	0.000	0.000	0.000	0.000	0.000	0.000	0.800	0.090	0.810
PLD3	DGKI	1853368	1847128	ENSP00000348901	ENSP00000288490	0.000	0.000	0.000	0.000	0.000	0.000	0.900	0.000	0.900
FKBP1A	RYR2	1857423	1854400	ENSP00000371138	ENSP00000355533	0.000	0.000	0.000	0.000	0.000	0.000	0.000	0.865	0.865
RAF1	NFKB1	1844086	1843094	ENSP00000251849	ENSP00000226574	0.000	0.000	0.000	0.000	0.000	0.000	0.800	0.507	0.897
HLA-DRB1	PDPK1	1853944	1852785	ENSP00000353099	ENSP00000344220	0.000	0.000	0.000	0.000	0.000	0.000	0.900	0.000	0.900
NFATC1	PPARG	1850967	1847090	ENSP00000327850	ENSP00000287820	0.000	0.000	0.000	0.000	0.000	0.000	0.900	0.809	0.980
UBE2D3	NEDD4	1853486	1852948	ENSP00000349722	ENSP00000345530	0.000	0.000	0.000	0.000	0.000	0.998	0.000	0.487	0.999
YBX1	FUS	1855704	1844273	ENSP00000361626	ENSP00000254108	0.000	0.000	0.000	0.000	0.000	0.740	0.900	0.243	0.978
ABR	ARAP3	1848581	1843522	ENSP00000303909	ENSP00000239440	0.000	0.000	0.000	0.614	0.000	0.000	0.900	0.000	0.900
YBX1	HNRNPM	1855704	1850730	ENSP00000361626	ENSP00000325376	0.000	0.000	0.000	0.000	0.000	0.000	0.900	0.233	0.920
SCD	PPARG	1855232	1847090	ENSP00000359380	ENSP00000287820	0.000	0.000	0.000	0.000	0.000	0.000	0.000	0.931	0.931
MUC4	B3GNT7	1861298	1847074	ENSP00000417498	ENSP00000287590	0.000	0.000	0.000	0.000	0.000	0.000	0.900	0.000	0.900
PLEC	ACTC1	1850586	1847228	ENSP00000323856	ENSP00000290378	0.000	0.000	0.000	0.000	0.000	0.655	0.000	0.212	0.716
KCNQ2	KCNQ4	1853793	1845243	ENSP00000352035	ENSP00000262916	0.000	0.000	0.000	0.953	0.000	0.000	0.900	0.903	0.904
EIF3B	PABPC1	1854079	1849591	ENSP00000354125	ENSP00000313007	0.000	0.000	0.000	0.000	0.287	0.224	0.900	0.697	0.981
LPAR6	KALRN	1852804	1843581	ENSP00000344353	ENSP00000240874	0.000	0.000	0.000	0.000	0.000	0.000	0.900	0.000	0.900
KDM2A	KDM4D	1861921	1851688	ENSP00000432786	ENSP00000334181	0.000	0.000	0.000	0.000	0.000	0.000	0.000	0.718	0.718
DIEXF	MAK16	1861391	1853960	ENSP00000419005	ENSP00000353246	0.000	0.000	0.000	0.000	0.736	0.000	0.000	0.000	0.736
POLE4	POLD3	1861462	1845392	ENSP00000420176	ENSP00000263681	0.000	0.000	0.000	0.000	0.000	0.000	0.900	0.000	0.900
HTR2A	CACNA1C	1856916	1845866	ENSP00000367959	ENSP00000266376	0.000	0.000	0.000	0.000	0.000	0.000	0.800	0.125	0.817
YBX1	NTHL1	1855704	1842717	ENSP00000361626	ENSP00000219066	0.000	0.000	0.000	0.000	0.000	0.000	0.000	0.850	0.850
JMJD1C	KDM4A	1858707	1855672	ENSP00000382204	ENSP00000361473	0.000	0.000	0.000	0.000	0.000	0.000	0.000	0.823	0.823
INPP5B	TRIO	1855808	1852198	ENSP00000362115	ENSP00000339299	0.000	0.000	0.000	0.000	0.000	0.000	0.900	0.000	0.900
KALRN	ARAP3	1843581	1843522	ENSP00000240874	ENSP00000239440	0.000	0.000	0.000	0.000	0.000	0.000	0.900	0.000	0.900
MYO9B	ABR	1858475	1848581	ENSP00000380444	ENSP00000303909	0.000	0.000	0.000	0.619	0.000	0.000	0.900	0.154	0.904
FOXK1	DNMT3A	1851069	1845601	ENSP00000328720	ENSP00000264709	0.000	0.000	0.000	0.000	0.000	0.000	0.000	0.800	0.800
FBLN2	FBLN1	1858906	1851357	ENSP00000384169	ENSP00000331544	0.000	0.000	0.000	0.892	0.000	0.000	0.900	0.812	0.908
RPS6KA2	PDPK1	1861695	1852785	ENSP00000427015	ENSP00000344220	0.000	0.000	0.000	0.730	0.000	0.537	0.900	0.972	0.964
