#node1	node2	node1_string_id	node2_string_id	node1_external_id	node2_external_id	neighborhood	fusion	cooccurence	homology	coexpression	experimental	knowledge	textmining	combined_score
OBSCN	ACTR3	1862970	1845311	ENSP00000455507	ENSP00000263238	0.000	0.000	0.000	0.000	0.000	0.082	0.000	0.377	0.403
HIPK2	MYO9B	1859047	1858475	ENSP00000385571	ENSP00000380444	0.000	0.000	0.000	0.000	0.079	0.232	0.000	0.373	0.517
GPR132	P2RY1	1851080	1848668	ENSP00000328818	ENSP00000304767	0.000	0.000	0.000	0.699	0.000	0.000	0.900	0.000	0.900
YBX1	FUS	1855704	1844273	ENSP00000361626	ENSP00000254108	0.000	0.000	0.000	0.000	0.000	0.740	0.900	0.243	0.978
MCF2L	INPP5B	1862148	1855808	ENSP00000440374	ENSP00000362115	0.000	0.000	0.000	0.000	0.000	0.000	0.900	0.199	0.916
PPARG	HDAC4	1847090	1845573	ENSP00000287820	ENSP00000264606	0.000	0.000	0.000	0.000	0.000	0.575	0.000	0.179	0.636
TBCD	TUBA1A	1853205	1848244	ENSP00000347719	ENSP00000301071	0.000	0.000	0.000	0.000	0.000	0.381	0.900	0.201	0.946
ITPA	DTYMK	1857158	1848672	ENSP00000369456	ENSP00000304802	0.000	0.000	0.000	0.000	0.072	0.000	0.900	0.214	0.920
LPCAT1	CHPT1	1846853	1843189	ENSP00000283415	ENSP00000229266	0.000	0.000	0.000	0.000	0.000	0.000	0.900	0.350	0.932
RPL34	PABPC1	1858216	1849591	ENSP00000378160	ENSP00000313007	0.000	0.000	0.000	0.000	0.000	0.000	0.900	0.084	0.904
GLI3	WNT3	1858347	1843027	ENSP00000379258	ENSP00000225512	0.000	0.000	0.000	0.000	0.000	0.284	0.000	0.745	0.809
CDC42	ARHGAP15	1849707	1847533	ENSP00000314458	ENSP00000295095	0.000	0.000	0.000	0.000	0.000	0.230	0.900	0.482	0.956
PRKACB	ATP1A3	1855328	1848401	ENSP00000359719	ENSP00000302397	0.000	0.000	0.000	0.000	0.074	0.089	0.800	0.086	0.825
MCF2L	CDC42	1862148	1849707	ENSP00000440374	ENSP00000314458	0.000	0.000	0.000	0.000	0.000	0.915	0.900	0.226	0.992
P2RY1	GPR17	1848668	1846273	ENSP00000304767	ENSP00000272644	0.000	0.000	0.000	0.802	0.000	0.000	0.900	0.376	0.906
KCNQ2	CALM1	1853793	1853445	ENSP00000352035	ENSP00000349467	0.000	0.000	0.000	0.000	0.000	0.570	0.000	0.117	0.604
PCNT	TUBA1A	1853867	1848244	ENSP00000352572	ENSP00000301071	0.000	0.000	0.000	0.000	0.000	0.000	0.900	0.694	0.968
KCNQ2	CACNA1C	1853793	1845866	ENSP00000352035	ENSP00000266376	0.000	0.000	0.000	0.000	0.000	0.091	0.000	0.444	0.473
CDC42	EXOC4	1849707	1844259	ENSP00000314458	ENSP00000253861	0.000	0.000	0.000	0.000	0.000	0.619	0.000	0.677	0.871
LPAR6	GPR132	1852804	1851080	ENSP00000344353	ENSP00000328818	0.000	0.000	0.000	0.733	0.000	0.000	0.900	0.000	0.900
CD40	NFKB1	1855654	1843094	ENSP00000361359	ENSP00000226574	0.000	0.000	0.000	0.000	0.000	0.000	0.900	0.942	0.994
MCF2L	MYO9B	1862148	1858475	ENSP00000440374	ENSP00000380444	0.000	0.000	0.000	0.000	0.000	0.000	0.900	0.159	0.912
LPAR6	P2RY1	1852804	1848668	ENSP00000344353	ENSP00000304767	0.000	0.000	0.000	0.799	0.000	0.000	0.900	0.529	0.910
RPS6KA2	ESR1	1861695	1842435	ENSP00000427015	ENSP00000206249	0.000	0.000	0.000	0.000	0.000	0.000	0.000	0.400	0.400
OR10H2	OR6F1	1848805	1848751	ENSP00000306095	ENSP00000305640	0.000	0.000	0.000	0.885	0.000	0.000	0.900	0.000	0.900
WIPF2	CDC42	1850295	1849707	ENSP00000320924	ENSP00000314458	0.000	0.000	0.000	0.000	0.000	0.107	0.900	0.330	0.935
HLA-DRB1	DYNC1H1	1853944	1853378	ENSP00000353099	ENSP00000348965	0.000	0.000	0.000	0.000	0.000	0.000	0.900	0.000	0.900
COL23A1	COL18A1	1857880	1853197	ENSP00000375069	ENSP00000347665	0.000	0.000	0.000	0.621	0.000	0.000	0.900	0.228	0.907
PAK2	RAF1	1849679	1844086	ENSP00000314067	ENSP00000251849	0.000	0.000	0.000	0.652	0.000	0.576	0.900	0.750	0.967
RPS6KA2	CDC42	1861695	1849707	ENSP00000427015	ENSP00000314458	0.000	0.000	0.000	0.000	0.000	0.157	0.000	0.410	0.481
HTR2A	P2RY1	1856916	1848668	ENSP00000367959	ENSP00000304767	0.000	0.000	0.000	0.000	0.000	0.000	0.900	0.262	0.923
ITGA6	PLEC	1859218	1850586	ENSP00000386896	ENSP00000323856	0.000	0.000	0.000	0.000	0.000	0.576	0.900	0.635	0.983
HTR2A	LPAR6	1856916	1852804	ENSP00000367959	ENSP00000344353	0.000	0.000	0.000	0.637	0.000	0.000	0.900	0.119	0.902
ERBB2	RAF1	1846101	1844086	ENSP00000269571	ENSP00000251849	0.000	0.000	0.000	0.632	0.000	0.363	0.000	0.809	0.550
INO80C	TAF4	1859565	1844180	ENSP00000391457	ENSP00000252996	0.000	0.000	0.000	0.000	0.000	0.000	0.900	0.000	0.900
PSMB11	ORC1	1859133	1855507	ENSP00000386212	ENSP00000360621	0.000	0.000	0.000	0.000	0.000	0.000	0.900	0.000	0.900
TAF11	CNOT1	1854176	1850299	ENSP00000354633	ENSP00000320949	0.000	0.000	0.000	0.000	0.000	0.303	0.000	0.217	0.431
MUC4	TGFB1	1861298	1842869	ENSP00000417498	ENSP00000221930	0.000	0.000	0.000	0.000	0.000	0.000	0.000	0.837	0.837
PRKAG1	RHEB	1850588	1845084	ENSP00000323867	ENSP00000262187	0.000	0.000	0.000	0.000	0.000	0.101	0.900	0.162	0.918
RNPS1	FUS	1848328	1844273	ENSP00000301730	ENSP00000254108	0.000	0.000	0.000	0.000	0.000	0.000	0.900	0.071	0.903
DGKI	CHPT1	1847128	1843189	ENSP00000288490	ENSP00000229266	0.000	0.000	0.000	0.000	0.000	0.000	0.900	0.000	0.900
RPS6KA2	DOCK2	1861695	1844476	ENSP00000427015	ENSP00000256935	0.000	0.000	0.000	0.000	0.070	0.000	0.000	0.490	0.505
PPARG	ERBB2	1847090	1846101	ENSP00000287820	ENSP00000269571	0.000	0.000	0.000	0.000	0.000	0.149	0.000	0.407	0.473
SCD	HCLS1	1855232	1850213	ENSP00000359380	ENSP00000320176	0.000	0.000	0.000	0.000	0.000	0.000	0.000	0.800	0.800
OBSCN	CDC42	1862970	1849707	ENSP00000455507	ENSP00000314458	0.000	0.000	0.000	0.000	0.000	0.000	0.900	0.456	0.943
MYO10	EZR	1861521	1852156	ENSP00000421280	ENSP00000338934	0.000	0.000	0.000	0.000	0.000	0.076	0.000	0.476	0.495
GRM8	OPRL1	1852779	1851923	ENSP00000344173	ENSP00000336764	0.000	0.000	0.000	0.000	0.000	0.000	0.900	0.130	0.909
CDC42	ERBB2	1849707	1846101	ENSP00000314458	ENSP00000269571	0.000	0.000	0.000	0.000	0.000	0.125	0.000	0.452	0.500
OBSCN	RHOT2	1862970	1850404	ENSP00000455507	ENSP00000321971	0.000	0.000	0.000	0.000	0.000	0.000	0.900	0.000	0.900
MCL1	HDAC4	1854935	1845573	ENSP00000358022	ENSP00000264606	0.000	0.000	0.000	0.000	0.000	0.000	0.000	0.512	0.512
PDE7A	AK4	1859054	1850420	ENSP00000385632	ENSP00000322175	0.000	0.000	0.000	0.000	0.000	0.000	0.900	0.052	0.901
HCLS1	CDC42	1850213	1849707	ENSP00000320176	ENSP00000314458	0.000	0.000	0.000	0.000	0.000	0.000	0.000	0.401	0.401
GLI3	FOXA1	1858347	1844009	ENSP00000379258	ENSP00000250448	0.000	0.000	0.000	0.000	0.000	0.102	0.000	0.591	0.618
CDC42	TUBA1A	1849707	1848244	ENSP00000314458	ENSP00000301071	0.000	0.000	0.000	0.000	0.000	0.102	0.000	0.370	0.410
ABR	ARHGAP15	1848581	1847533	ENSP00000303909	ENSP00000295095	0.000	0.000	0.000	0.693	0.000	0.000	0.900	0.202	0.905
COL23A1	COL9A3	1857880	1852483	ENSP00000375069	ENSP00000341640	0.000	0.000	0.000	0.641	0.000	0.000	0.900	0.135	0.903
OAS2	PSMD7	1852576	1842741	ENSP00000342278	ENSP00000219313	0.000	0.000	0.000	0.000	0.000	0.361	0.000	0.145	0.430
HTR2A	TGFB1	1856916	1842869	ENSP00000367959	ENSP00000221930	0.000	0.000	0.000	0.000	0.000	0.000	0.000	0.812	0.812
CDC42	DOCK2	1849707	1844476	ENSP00000314458	ENSP00000256935	0.000	0.000	0.000	0.000	0.000	0.106	0.000	0.485	0.520
HLA-DRB1	DYNC1I1	1853944	1850210	ENSP00000353099	ENSP00000320130	0.000	0.000	0.000	0.000	0.000	0.000	0.900	0.000	0.900
CNR2	OPRL1	1856124	1851923	ENSP00000363596	ENSP00000336764	0.000	0.000	0.000	0.000	0.000	0.000	0.900	0.000	0.900
PPAP2C	AGPAT4	1851176	1849676	ENSP00000329697	ENSP00000314036	0.000	0.000	0.000	0.000	0.000	0.000	0.900	0.504	0.948
RYR2	PPP2R2B	1854400	1851897	ENSP00000355533	ENSP00000336591	0.000	0.000	0.000	0.000	0.000	0.000	0.800	0.000	0.800
HNRNPUL1	HNRNPM	1857971	1850730	ENSP00000375863	ENSP00000325376	0.000	0.000	0.000	0.000	0.113	0.000	0.900	0.161	0.919
OBSCN	ABR	1862970	1848581	ENSP00000455507	ENSP00000303909	0.000	0.000	0.000	0.000	0.000	0.000	0.900	0.000	0.900
COL18A1	FOXA1	1853197	1844009	ENSP00000347665	ENSP00000250448	0.000	0.000	0.000	0.000	0.000	0.000	0.900	0.060	0.901
CNR2	GPR17	1856124	1846273	ENSP00000363596	ENSP00000272644	0.000	0.000	0.000	0.000	0.000	0.000	0.900	0.000	0.900
CCNE1	ESR1	1845190	1842435	ENSP00000262643	ENSP00000206249	0.000	0.000	0.000	0.000	0.000	0.000	0.000	0.415	0.414
LPAR1	OPRL1	1853763	1851923	ENSP00000351755	ENSP00000336764	0.000	0.000	0.000	0.636	0.000	0.000	0.900	0.000	0.900
GRM8	NPY2R	1852779	1851488	ENSP00000344173	ENSP00000332591	0.000	0.000	0.000	0.000	0.000	0.000	0.900	0.135	0.909
RPS6KA2	NFKB1	1861695	1843094	ENSP00000427015	ENSP00000226574	0.000	0.000	0.000	0.000	0.000	0.104	0.000	0.357	0.400
RPS6KA2	ITPR3	1861695	1856094	ENSP00000427015	ENSP00000363435	0.000	0.000	0.000	0.000	0.000	0.000	0.000	0.538	0.539
CDC42	CDON	1849707	1845370	ENSP00000314458	ENSP00000263577	0.000	0.000	0.000	0.000	0.000	0.000	0.900	0.110	0.907
PRKACB	ATP1B1	1855328	1854664	ENSP00000359719	ENSP00000356789	0.000	0.000	0.000	0.000	0.000	0.000	0.800	0.070	0.806
NPY1R	OPRL1	1854180	1851923	ENSP00000354652	ENSP00000336764	0.000	0.000	0.000	0.702	0.000	0.000	0.900	0.063	0.900
LPAR1	NFKB1	1853763	1843094	ENSP00000351755	ENSP00000226574	0.000	0.000	0.000	0.000	0.000	0.000	0.900	0.160	0.912
TRIO	P2RY1	1852198	1848668	ENSP00000339299	ENSP00000304767	0.000	0.000	0.000	0.000	0.000	0.000	0.900	0.000	0.900
TRIO	ABR	1852198	1848581	ENSP00000339299	ENSP00000303909	0.000	0.000	0.000	0.000	0.000	0.000	0.900	0.000	0.900
HIPK2	PRKACB	1859047	1855328	ENSP00000385571	ENSP00000359719	0.000	0.000	0.000	0.645	0.164	0.298	0.000	0.390	0.467
PDE7A	RHEB	1859054	1845084	ENSP00000385632	ENSP00000262187	0.000	0.000	0.000	0.000	0.000	0.194	0.000	0.360	0.462
CDC42	RAF1	1849707	1844086	ENSP00000314458	ENSP00000251849	0.000	0.000	0.000	0.000	0.000	0.224	0.000	0.672	0.735
DYNC1H1	PCM1	1853378	1850891	ENSP00000348965	ENSP00000327077	0.000	0.000	0.000	0.000	0.000	0.000	0.900	0.000	0.900
HNRNPM	PRPF6	1850730	1845854	ENSP00000325376	ENSP00000266079	0.000	0.000	0.000	0.000	0.000	0.652	0.900	0.127	0.966
RHEB	RAF1	1845084	1844086	ENSP00000262187	ENSP00000251849	0.000	0.000	0.000	0.000	0.000	0.983	0.000	0.883	0.998
KAT5	SETDB1	1852315	1846207	ENSP00000340330	ENSP00000271640	0.000	0.000	0.000	0.000	0.063	0.101	0.000	0.363	0.417
UBE2D3	OAS2	1853486	1852576	ENSP00000349722	ENSP00000342278	0.000	0.000	0.000	0.000	0.000	0.301	0.000	0.471	0.614
OR5P2	OR5A2	1851396	1848575	ENSP00000331823	ENSP00000303834	0.000	0.000	0.000	0.930	0.000	0.000	0.900	0.000	0.900
MYO10	TUBA1A	1861521	1848244	ENSP00000421280	ENSP00000301071	0.000	0.000	0.000	0.000	0.000	0.566	0.000	0.173	0.625
DYNC1I1	TUBA1A	1850210	1848244	ENSP00000320130	ENSP00000301071	0.000	0.000	0.000	0.000	0.000	0.000	0.800	0.148	0.822
KAT5	HDAC4	1852315	1845573	ENSP00000340330	ENSP00000264606	0.000	0.000	0.000	0.000	0.000	0.308	0.000	0.560	0.683
TEK	PDGFB	1857139	1851250	ENSP00000369375	ENSP00000330382	0.000	0.000	0.000	0.000	0.000	0.000	0.800	0.726	0.942
RASGRF1	PRKACB	1860566	1855328	ENSP00000405963	ENSP00000359719	0.000	0.000	0.000	0.000	0.000	0.000	0.800	0.114	0.815
HLA-DRB1	PDPK1	1853944	1852785	ENSP00000353099	ENSP00000344220	0.000	0.000	0.000	0.000	0.000	0.000	0.900	0.000	0.900
P2RY1	KALRN	1848668	1843581	ENSP00000304767	ENSP00000240874	0.000	0.000	0.000	0.000	0.000	0.000	0.900	0.000	0.900
COL23A1	COL5A2	1857880	1856195	ENSP00000375069	ENSP00000364000	0.000	0.000	0.000	0.651	0.000	0.000	0.900	0.000	0.900
ELMO1	DOCK2	1849503	1844476	ENSP00000312185	ENSP00000256935	0.000	0.000	0.000	0.000	0.000	0.970	0.900	0.976	0.999
NEDD4	PPARG	1852948	1847090	ENSP00000345530	ENSP00000287820	0.000	0.000	0.000	0.000	0.000	0.592	0.000	0.240	0.677
HNRNPUL1	RNPS1	1857971	1848328	ENSP00000375863	ENSP00000301730	0.000	0.000	0.000	0.000	0.000	0.000	0.900	0.000	0.900
CD40	DYNC1H1	1855654	1853378	ENSP00000361359	ENSP00000348965	0.000	0.000	0.000	0.000	0.000	0.000	0.000	0.720	0.720
MYO9B	CALM1	1858475	1853445	ENSP00000380444	ENSP00000349467	0.000	0.000	0.000	0.000	0.000	0.699	0.000	0.447	0.826
CDH7	CDH6	1850119	1845681	ENSP00000319166	ENSP00000265071	0.000	0.000	0.000	0.971	0.000	0.574	0.900	0.514	0.956
TIAM2	RHOT2	1850911	1850404	ENSP00000327315	ENSP00000321971	0.000	0.000	0.000	0.000	0.000	0.000	0.900	0.000	0.900
NTPCR	POLR3E	1854414	1848107	ENSP00000355587	ENSP00000299853	0.000	0.000	0.000	0.000	0.000	0.000	0.900	0.000	0.900
YBX1	RNPS1	1855704	1848328	ENSP00000361626	ENSP00000301730	0.000	0.000	0.000	0.000	0.000	0.080	0.900	0.092	0.909
NOTCH4	SMAD6	1856221	1847140	ENSP00000364163	ENSP00000288840	0.000	0.000	0.000	0.000	0.000	0.000	0.000	0.496	0.496
ERBB2	RHEB	1846101	1845084	ENSP00000269571	ENSP00000262187	0.000	0.000	0.000	0.000	0.000	0.232	0.000	0.395	0.515
NPY1R	NPY2R	1854180	1851488	ENSP00000354652	ENSP00000332591	0.000	0.000	0.000	0.773	0.000	0.000	0.900	0.885	0.919
TRIO	CDC42	1852198	1849707	ENSP00000339299	ENSP00000314458	0.000	0.000	0.000	0.000	0.000	0.449	0.900	0.462	0.967
EZR	CDC42	1852156	1849707	ENSP00000338934	ENSP00000314458	0.000	0.000	0.000	0.000	0.000	0.094	0.000	0.689	0.706
NPY1R	LPAR1	1854180	1853763	ENSP00000354652	ENSP00000351755	0.000	0.000	0.000	0.000	0.000	0.000	0.900	0.000	0.900
PPARG	NFKB1	1847090	1843094	ENSP00000287820	ENSP00000226574	0.000	0.000	0.000	0.000	0.000	0.000	0.900	0.751	0.974
ABCA2	ATP1A3	1852776	1848401	ENSP00000344155	ENSP00000302397	0.000	0.000	0.000	0.000	0.000	0.080	0.900	0.066	0.906
CDC42	ACTR3	1849707	1845311	ENSP00000314458	ENSP00000263238	0.000	0.000	0.000	0.000	0.088	0.576	0.900	0.588	0.981
OBSCN	MYO9B	1862970	1858475	ENSP00000455507	ENSP00000380444	0.000	0.000	0.000	0.000	0.069	0.000	0.900	0.078	0.906
TIAM2	KALRN	1850911	1843581	ENSP00000327315	ENSP00000240874	0.000	0.000	0.000	0.609	0.000	0.000	0.900	0.353	0.912
DCC	EPHB2	1859404	1856154	ENSP00000389140	ENSP00000363763	0.000	0.000	0.000	0.000	0.112	0.000	0.000	0.503	0.539
PDGFB	KALRN	1851250	1843581	ENSP00000330382	ENSP00000240874	0.000	0.000	0.000	0.000	0.000	0.000	0.000	0.406	0.406
OPRL1	GPR17	1851923	1846273	ENSP00000336764	ENSP00000272644	0.000	0.000	0.000	0.722	0.000	0.000	0.900	0.000	0.900
PPARG	SETDB1	1847090	1846207	ENSP00000287820	ENSP00000271640	0.000	0.000	0.000	0.000	0.000	0.566	0.900	0.181	0.961
DEPTOR	RHEB	1847000	1845084	ENSP00000286234	ENSP00000262187	0.000	0.000	0.000	0.000	0.000	0.000	0.900	0.583	0.956
PPAP2C	CHPT1	1851176	1843189	ENSP00000329697	ENSP00000229266	0.000	0.000	0.000	0.000	0.000	0.000	0.900	0.356	0.932
RPS6KA2	YBX1	1861695	1855704	ENSP00000427015	ENSP00000361626	0.000	0.000	0.000	0.000	0.000	0.000	0.000	0.847	0.847
CDC42	ARF6	1849707	1847953	ENSP00000314458	ENSP00000298316	0.000	0.000	0.000	0.000	0.073	0.097	0.000	0.778	0.798
ABR	KALRN	1848581	1843581	ENSP00000303909	ENSP00000240874	0.000	0.000	0.000	0.000	0.000	0.000	0.900	0.235	0.920
ATP1B1	PPAP2C	1854664	1851176	ENSP00000356789	ENSP00000329697	0.000	0.000	0.000	0.000	0.000	0.000	0.000	0.464	0.464
RPS6KA2	PDPK1	1861695	1852785	ENSP00000427015	ENSP00000344220	0.000	0.000	0.000	0.730	0.000	0.537	0.900	0.972	0.964
HTR2A	CACNA1C	1856916	1845866	ENSP00000367959	ENSP00000266376	0.000	0.000	0.000	0.000	0.000	0.000	0.800	0.125	0.817
RAF1	NFKB1	1844086	1843094	ENSP00000251849	ENSP00000226574	0.000	0.000	0.000	0.000	0.000	0.000	0.800	0.507	0.897
PLEC	FUS	1850586	1844273	ENSP00000323856	ENSP00000254108	0.000	0.000	0.000	0.000	0.000	0.576	0.000	0.074	0.590
KAT5	ESR1	1852315	1842435	ENSP00000340330	ENSP00000206249	0.000	0.000	0.000	0.000	0.000	0.955	0.000	0.358	0.970
AK4	DTYMK	1850420	1848672	ENSP00000322175	ENSP00000304802	0.000	0.000	0.000	0.000	0.000	0.147	0.000	0.558	0.606
YBX1	PRPF6	1855704	1845854	ENSP00000361626	ENSP00000266079	0.000	0.000	0.000	0.000	0.000	0.000	0.900	0.000	0.900
ERBB2	FOXA1	1846101	1844009	ENSP00000269571	ENSP00000250448	0.000	0.000	0.000	0.000	0.000	0.000	0.000	0.463	0.463
CD40	TGFB1	1855654	1842869	ENSP00000361359	ENSP00000221930	0.000	0.000	0.000	0.000	0.000	0.000	0.000	0.562	0.562
MYO9B	CDC42	1858475	1849707	ENSP00000380444	ENSP00000314458	0.000	0.000	0.000	0.000	0.000	0.364	0.900	0.640	0.975
PDCD5	KAT5	1863943	1852315	ENSP00000466214	ENSP00000340330	0.000	0.000	0.000	0.000	0.000	0.588	0.000	0.919	0.965
OAS2	CACNA1C	1852576	1845866	ENSP00000342278	ENSP00000266376	0.000	0.000	0.000	0.000	0.000	0.290	0.000	0.197	0.405
DYNC1H1	FUS	1853378	1844273	ENSP00000348965	ENSP00000254108	0.000	0.000	0.000	0.000	0.000	0.644	0.000	0.066	0.653
OAS2	NUP93	1852576	1849329	ENSP00000342278	ENSP00000310668	0.000	0.000	0.000	0.000	0.000	0.407	0.000	0.000	0.407
PDGFB	TGFB1	1851250	1842869	ENSP00000330382	ENSP00000221930	0.000	0.000	0.000	0.000	0.000	0.000	0.000	0.921	0.921
ITPR3	CACNA1C	1856094	1845866	ENSP00000363435	ENSP00000266376	0.000	0.000	0.000	0.000	0.000	0.000	0.000	0.541	0.541
RNPS1	SMG6	1848328	1845276	ENSP00000301730	ENSP00000263073	0.000	0.000	0.000	0.000	0.000	0.000	0.900	0.266	0.923
PRPF6	ESR1	1845854	1842435	ENSP00000266079	ENSP00000206249	0.000	0.000	0.000	0.000	0.000	0.566	0.000	0.159	0.619
YBX1	HNRNPM	1855704	1850730	ENSP00000361626	ENSP00000325376	0.000	0.000	0.000	0.000	0.000	0.000	0.900	0.233	0.920
OBSCN	CALM1	1862970	1853445	ENSP00000455507	ENSP00000349467	0.000	0.000	0.000	0.000	0.000	0.691	0.000	0.724	0.911
NDE1	PCM1	1852988	1850891	ENSP00000345892	ENSP00000327077	0.000	0.000	0.000	0.000	0.000	0.000	0.900	0.165	0.912
MYO9B	KALRN	1858475	1843581	ENSP00000380444	ENSP00000240874	0.000	0.000	0.000	0.000	0.000	0.000	0.900	0.000	0.900
DDX17	YBX1	1858423	1855704	ENSP00000380033	ENSP00000361626	0.114	0.000	0.000	0.000	0.068	0.387	0.000	0.502	0.714
MLL	INO80C	1862045	1859565	ENSP00000436786	ENSP00000391457	0.000	0.000	0.000	0.000	0.000	0.000	0.900	0.000	0.900
COL18A1	ERBB2	1853197	1846101	ENSP00000347665	ENSP00000269571	0.000	0.000	0.000	0.000	0.000	0.000	0.000	0.407	0.407
ERBB2	TGFB1	1846101	1842869	ENSP00000269571	ENSP00000221930	0.000	0.000	0.000	0.000	0.000	0.151	0.000	0.548	0.600
CCNF	ORC1	1858453	1855507	ENSP00000380256	ENSP00000360621	0.000	0.000	0.000	0.000	0.153	0.305	0.000	0.231	0.508
TUBA1A	HDAC4	1848244	1845573	ENSP00000301071	ENSP00000264606	0.000	0.000	0.000	0.000	0.000	0.165	0.000	0.617	0.666
INPP5B	CDC42	1855808	1849707	ENSP00000362115	ENSP00000314458	0.000	0.000	0.000	0.000	0.000	0.000	0.900	0.211	0.917
HIPK2	NPY2R	1859047	1851488	ENSP00000385571	ENSP00000332591	0.000	0.000	0.000	0.000	0.000	0.000	0.000	0.464	0.464
DDX17	HNRNPM	1858423	1850730	ENSP00000380033	ENSP00000325376	0.000	0.000	0.000	0.000	0.000	0.180	0.000	0.364	0.456
ABR	ARHGAP22	1848581	1843969	ENSP00000303909	ENSP00000249601	0.000	0.000	0.000	0.628	0.000	0.000	0.900	0.065	0.900
RHOT2	KALRN	1850404	1843581	ENSP00000321971	ENSP00000240874	0.000	0.000	0.000	0.000	0.000	0.000	0.900	0.000	0.900
NFATC1	PPARG	1850967	1847090	ENSP00000327850	ENSP00000287820	0.000	0.000	0.000	0.000	0.000	0.000	0.900	0.809	0.980
ALDH9A1	AKR1A1	1853096	1849549	ENSP00000346827	ENSP00000312606	0.000	0.000	0.000	0.000	0.073	0.000	0.900	0.217	0.921
LPAR6	GPR17	1852804	1846273	ENSP00000344353	ENSP00000272644	0.000	0.000	0.000	0.816	0.000	0.000	0.900	0.742	0.913
NFATC2	NFKB1	1858353	1843094	ENSP00000379330	ENSP00000226574	0.000	0.000	0.000	0.000	0.000	0.000	0.000	0.507	0.507
INPP5B	KALRN	1855808	1843581	ENSP00000362115	ENSP00000240874	0.000	0.000	0.000	0.000	0.000	0.000	0.900	0.000	0.900
RASGRF1	CDC42	1860566	1849707	ENSP00000405963	ENSP00000314458	0.000	0.000	0.000	0.000	0.000	0.000	0.900	0.421	0.939
CDC42	PAK2	1849707	1849679	ENSP00000314458	ENSP00000314067	0.000	0.000	0.000	0.000	0.000	0.996	0.900	0.889	0.999
OAS2	IFITM1	1852576	1851288	ENSP00000342278	ENSP00000330825	0.000	0.000	0.000	0.000	0.000	0.000	0.900	0.328	0.929
OBSCN	ARHGAP22	1862970	1843969	ENSP00000455507	ENSP00000249601	0.000	0.000	0.000	0.000	0.000	0.000	0.900	0.000	0.900
GLI3	KPNA1	1858347	1852732	ENSP00000379258	ENSP00000343701	0.000	0.000	0.000	0.000	0.000	0.107	0.000	0.499	0.534
CD40	MCL1	1855654	1854935	ENSP00000361359	ENSP00000358022	0.000	0.000	0.000	0.000	0.000	0.000	0.000	0.488	0.489
ORC1	KAT5	1855507	1852315	ENSP00000360621	ENSP00000340330	0.000	0.000	0.000	0.000	0.070	0.297	0.000	0.463	0.618
PRKACB	PRKAG1	1855328	1850588	ENSP00000359719	ENSP00000323867	0.000	0.000	0.000	0.000	0.097	0.164	0.900	0.065	0.919
DCC	TRIO	1859404	1852198	ENSP00000389140	ENSP00000339299	0.000	0.000	0.000	0.609	0.000	0.323	0.900	0.547	0.943
RHOT2	ARHGAP20	1850404	1844774	ENSP00000321971	ENSP00000260283	0.000	0.000	0.000	0.000	0.000	0.000	0.900	0.000	0.900
LPAR1	GPR17	1853763	1846273	ENSP00000351755	ENSP00000272644	0.000	0.000	0.000	0.000	0.000	0.000	0.900	0.101	0.906
TIAM2	ARHGAP20	1850911	1844774	ENSP00000327315	ENSP00000260283	0.000	0.000	0.000	0.000	0.000	0.000	0.900	0.221	0.918
NLK	PPARG	1858963	1847090	ENSP00000384625	ENSP00000287820	0.000	0.000	0.000	0.000	0.000	0.566	0.900	0.178	0.961
CNOT1	PABPC1	1850299	1849591	ENSP00000320949	ENSP00000313007	0.000	0.000	0.000	0.000	0.091	0.000	0.900	0.436	0.944
TRIO	GPR17	1852198	1846273	ENSP00000339299	ENSP00000272644	0.000	0.000	0.000	0.000	0.000	0.000	0.900	0.000	0.900
PRKACB	EZR	1855328	1852156	ENSP00000359719	ENSP00000338934	0.000	0.000	0.000	0.000	0.000	0.000	0.900	0.000	0.900
PCNT	NDE1	1853867	1852988	ENSP00000352572	ENSP00000345892	0.000	0.000	0.000	0.000	0.000	0.110	0.900	0.235	0.925
GLI3	TGFB1	1858347	1842869	ENSP00000379258	ENSP00000221930	0.000	0.000	0.000	0.000	0.000	0.000	0.000	0.711	0.711
HNRNPUL1	PCM1	1857971	1850891	ENSP00000375863	ENSP00000327077	0.000	0.000	0.000	0.000	0.000	0.570	0.000	0.000	0.570
PAK2	DOCK2	1849679	1844476	ENSP00000314067	ENSP00000256935	0.000	0.000	0.000	0.000	0.000	0.576	0.000	0.392	0.731
PCNT	CALM1	1853867	1853445	ENSP00000352572	ENSP00000349467	0.000	0.000	0.000	0.000	0.000	0.576	0.000	0.130	0.615
MYO10	CDC42	1861521	1849707	ENSP00000421280	ENSP00000314458	0.000	0.000	0.000	0.000	0.000	0.149	0.000	0.425	0.490
ERCC8	CRBN	1845673	1843306	ENSP00000265038	ENSP00000231948	0.000	0.000	0.000	0.000	0.000	0.000	0.900	0.000	0.900
HTR2A	KALRN	1856916	1843581	ENSP00000367959	ENSP00000240874	0.000	0.000	0.000	0.000	0.000	0.000	0.900	0.150	0.911
ERBB2	ESR1	1846101	1842435	ENSP00000269571	ENSP00000206249	0.000	0.000	0.000	0.000	0.000	0.613	0.000	0.981	0.992
RPS6KA2	FOXA1	1861695	1844009	ENSP00000427015	ENSP00000250448	0.000	0.000	0.000	0.000	0.000	0.186	0.000	0.586	0.648
RHOT2	ARHGAP22	1850404	1843969	ENSP00000321971	ENSP00000249601	0.000	0.000	0.000	0.000	0.000	0.000	0.900	0.089	0.905
ARF6	KALRN	1847953	1843581	ENSP00000298316	ENSP00000240874	0.000	0.000	0.000	0.000	0.000	0.000	0.900	0.200	0.916
CCNF	FBXO31	1858453	1849355	ENSP00000380256	ENSP00000310841	0.000	0.000	0.000	0.000	0.000	0.000	0.900	0.000	0.900
TGFB1	ESR1	1842869	1842435	ENSP00000221930	ENSP00000206249	0.000	0.000	0.000	0.000	0.000	0.000	0.000	0.563	0.563
PAK2	RHEB	1849679	1845084	ENSP00000314067	ENSP00000262187	0.000	0.000	0.000	0.000	0.000	0.301	0.000	0.381	0.548
TBCD	ARF6	1853205	1847953	ENSP00000347719	ENSP00000298316	0.000	0.000	0.000	0.000	0.000	0.000	0.000	0.420	0.420
YBX1	PCNT	1855704	1853867	ENSP00000361626	ENSP00000352572	0.000	0.000	0.000	0.000	0.000	0.576	0.000	0.066	0.587
PPP2R2B	CACNA1C	1851897	1845866	ENSP00000336591	ENSP00000266376	0.000	0.000	0.000	0.000	0.000	0.000	0.800	0.048	0.801
PRKAG2	RHEB	1847092	1845084	ENSP00000287878	ENSP00000262187	0.000	0.000	0.000	0.000	0.000	0.101	0.900	0.187	0.920
RASGRF1	CACNA1C	1860566	1845866	ENSP00000405963	ENSP00000266376	0.000	0.000	0.000	0.000	0.000	0.000	0.800	0.000	0.800
CALM1	CCNE1	1853445	1845190	ENSP00000349467	ENSP00000262643	0.000	0.000	0.000	0.000	0.000	0.812	0.000	0.114	0.826
RNPS1	PRPF6	1848328	1845854	ENSP00000301730	ENSP00000266079	0.000	0.000	0.000	0.000	0.090	0.098	0.900	0.060	0.912
NFATC2	CDC42	1858353	1849707	ENSP00000379330	ENSP00000314458	0.000	0.000	0.000	0.000	0.000	0.000	0.900	0.232	0.919
TEK	TGFB1	1857139	1842869	ENSP00000369375	ENSP00000221930	0.000	0.000	0.000	0.000	0.000	0.089	0.000	0.476	0.502
POLE4	ERCC8	1861462	1845673	ENSP00000420176	ENSP00000265038	0.000	0.000	0.000	0.000	0.000	0.000	0.900	0.000	0.900
NFATC2	CSE1L	1858353	1845260	ENSP00000379330	ENSP00000262982	0.000	0.000	0.000	0.000	0.000	0.573	0.000	0.064	0.583
CDC42	ARHGAP20	1849707	1844774	ENSP00000314458	ENSP00000260283	0.000	0.000	0.000	0.000	0.000	0.000	0.900	0.234	0.920
PRKAG1	PRKAG2	1850588	1847092	ENSP00000323867	ENSP00000287878	0.000	0.000	0.000	0.978	0.000	0.941	0.900	0.136	0.993
ORC1	PSMD7	1855507	1842741	ENSP00000360621	ENSP00000219313	0.000	0.000	0.000	0.000	0.000	0.000	0.900	0.000	0.900
TRIO	GPR132	1852198	1851080	ENSP00000339299	ENSP00000328818	0.000	0.000	0.000	0.000	0.000	0.000	0.900	0.000	0.900
MCL1	ERBB2	1854935	1846101	ENSP00000358022	ENSP00000269571	0.000	0.000	0.000	0.000	0.000	0.000	0.000	0.905	0.905
DYNC1H1	NDE1	1853378	1852988	ENSP00000348965	ENSP00000345892	0.000	0.000	0.000	0.000	0.000	0.000	0.900	0.390	0.936
NOTCH4	WNT3	1856221	1843027	ENSP00000364163	ENSP00000225512	0.000	0.000	0.000	0.000	0.000	0.188	0.000	0.483	0.562
WIPF2	ACTR3	1850295	1845311	ENSP00000320924	ENSP00000263238	0.000	0.000	0.000	0.000	0.000	0.199	0.900	0.127	0.923
NFATC2	PPARG	1858353	1847090	ENSP00000379330	ENSP00000287820	0.000	0.000	0.000	0.000	0.000	0.000	0.900	0.210	0.917
NFATC2	CD40	1858353	1855654	ENSP00000379330	ENSP00000361359	0.000	0.000	0.000	0.000	0.000	0.000	0.000	0.459	0.459
CCNF	CCNE1	1858453	1845190	ENSP00000380256	ENSP00000262643	0.000	0.000	0.000	0.000	0.282	0.296	0.000	0.581	0.769
ATP6V0E1	ATP6V0A2	1861726	1851449	ENSP00000427941	ENSP00000332247	0.000	0.000	0.000	0.000	0.000	0.227	0.900	0.892	0.991
PEX5	PEX12	1860660	1843058	ENSP00000407401	ENSP00000225873	0.000	0.000	0.000	0.000	0.180	0.996	0.000	0.880	0.999
HNRNPA2B1	PABPC1	1853084	1849591	ENSP00000346694	ENSP00000313007	0.000	0.000	0.000	0.635	0.090	0.197	0.000	0.626	0.407
PABPC1	RNPS1	1849591	1848328	ENSP00000313007	ENSP00000301730	0.000	0.000	0.000	0.000	0.071	0.283	0.900	0.757	0.981
TRIO	ARHGAP15	1852198	1847533	ENSP00000339299	ENSP00000295095	0.000	0.000	0.000	0.000	0.000	0.000	0.900	0.000	0.900
SMAD6	TGFB1	1847140	1842869	ENSP00000288840	ENSP00000221930	0.000	0.000	0.000	0.000	0.000	0.119	0.900	0.713	0.972
NDE1	TUBA1A	1852988	1848244	ENSP00000345892	ENSP00000301071	0.000	0.000	0.000	0.000	0.000	0.000	0.900	0.303	0.927
PSMB11	PSMD7	1859133	1842741	ENSP00000386212	ENSP00000219313	0.000	0.000	0.000	0.000	0.161	0.590	0.900	0.266	0.971
NFKB1	ESR1	1843094	1842435	ENSP00000226574	ENSP00000206249	0.000	0.000	0.000	0.000	0.000	0.812	0.000	0.625	0.926
IFITM3	OAS2	1858761	1852576	ENSP00000382707	ENSP00000342278	0.000	0.000	0.000	0.000	0.000	0.000	0.900	0.184	0.914
NEDD4	OAS2	1852948	1852576	ENSP00000345530	ENSP00000342278	0.000	0.000	0.000	0.000	0.000	0.272	0.000	0.309	0.475
DYNC1H1	TUBA1A	1853378	1848244	ENSP00000348965	ENSP00000301071	0.000	0.000	0.000	0.000	0.000	0.304	0.900	0.713	0.978
NOTCH4	WNT4	1856221	1847209	ENSP00000364163	ENSP00000290167	0.000	0.000	0.000	0.000	0.000	0.188	0.000	0.516	0.590
CD40	PPARG	1855654	1847090	ENSP00000361359	ENSP00000287820	0.000	0.000	0.000	0.000	0.000	0.000	0.000	0.872	0.872
NHEJ1	ERCC8	1853423	1845673	ENSP00000349313	ENSP00000265038	0.000	0.000	0.000	0.000	0.000	0.000	0.900	0.000	0.900
HNRNPM	RNPS1	1850730	1848328	ENSP00000325376	ENSP00000301730	0.000	0.000	0.000	0.000	0.082	0.608	0.900	0.090	0.962
MYO9B	TRIO	1858475	1852198	ENSP00000380444	ENSP00000339299	0.000	0.000	0.000	0.000	0.069	0.000	0.900	0.000	0.902
OPRL1	NPY2R	1851923	1851488	ENSP00000336764	ENSP00000332591	0.000	0.000	0.000	0.692	0.000	0.000	0.900	0.104	0.902
ARF6	EXOC4	1847953	1844259	ENSP00000298316	ENSP00000253861	0.000	0.000	0.000	0.000	0.000	0.000	0.900	0.388	0.936
CDC42	KALRN	1849707	1843581	ENSP00000314458	ENSP00000240874	0.000	0.000	0.000	0.000	0.000	0.449	0.900	0.538	0.972
PCM1	FUS	1850891	1844273	ENSP00000327077	ENSP00000254108	0.000	0.000	0.000	0.000	0.000	0.570	0.000	0.000	0.570
ITPR3	EXOC4	1856094	1844259	ENSP00000363435	ENSP00000253861	0.000	0.000	0.000	0.000	0.000	0.000	0.000	0.817	0.817
CCNF	TUBA1A	1858453	1848244	ENSP00000380256	ENSP00000301071	0.000	0.000	0.000	0.000	0.000	0.088	0.000	0.499	0.524
PLD3	DGKD	1853368	1845472	ENSP00000348901	ENSP00000264057	0.000	0.000	0.000	0.000	0.000	0.000	0.900	0.098	0.905
DUT	ITPA	1857313	1857158	ENSP00000370376	ENSP00000369456	0.000	0.000	0.000	0.000	0.181	0.000	0.800	0.290	0.873
WNT3	TGFB1	1843027	1842869	ENSP00000225512	ENSP00000221930	0.000	0.000	0.000	0.000	0.000	0.158	0.000	0.724	0.758
CDH4	SMAD6	1854013	1847140	ENSP00000353656	ENSP00000288840	0.000	0.000	0.000	0.000	0.000	0.000	0.000	0.438	0.438
GPR17	KALRN	1846273	1843581	ENSP00000272644	ENSP00000240874	0.000	0.000	0.000	0.000	0.000	0.000	0.900	0.000	0.900
FKBP1A	SMAD6	1857423	1847140	ENSP00000371138	ENSP00000288840	0.000	0.000	0.000	0.000	0.000	0.567	0.000	0.394	0.726
DGKD	CHPT1	1845472	1843189	ENSP00000264057	ENSP00000229266	0.000	0.000	0.000	0.000	0.000	0.000	0.900	0.000	0.900
TEK	NOTCH4	1857139	1856221	ENSP00000369375	ENSP00000364163	0.000	0.000	0.000	0.000	0.000	0.110	0.000	0.534	0.567
OR5P2	OR6F1	1851396	1848751	ENSP00000331823	ENSP00000305640	0.000	0.000	0.000	0.903	0.000	0.000	0.900	0.000	0.900
IFITM3	IFITM1	1858761	1851288	ENSP00000382707	ENSP00000330825	0.000	0.000	0.000	0.972	0.000	0.000	0.900	0.811	0.902
CNOT1	PPARG	1850299	1847090	ENSP00000320949	ENSP00000287820	0.000	0.000	0.000	0.000	0.000	0.575	0.000	0.070	0.587
CUX1	BANP	1853975	1846995	ENSP00000353401	ENSP00000286122	0.000	0.000	0.000	0.000	0.000	0.000	0.000	0.947	0.947
FKBP1A	PDPK1	1857423	1852785	ENSP00000371138	ENSP00000344220	0.000	0.000	0.000	0.000	0.000	0.110	0.000	0.385	0.430
NFATC1	HDAC4	1850967	1845573	ENSP00000327850	ENSP00000264606	0.000	0.000	0.000	0.000	0.000	0.567	0.000	0.103	0.594
CDC42	ABR	1849707	1848581	ENSP00000314458	ENSP00000303909	0.000	0.000	0.000	0.000	0.000	0.000	0.900	0.326	0.929
AK4	PDE4A	1850420	1846154	ENSP00000322175	ENSP00000270474	0.000	0.000	0.000	0.000	0.000	0.000	0.900	0.000	0.900
OBSCN	KALRN	1862970	1843581	ENSP00000455507	ENSP00000240874	0.000	0.000	0.000	0.613	0.000	0.000	0.900	0.389	0.914
COL5A2	COL9A3	1856195	1852483	ENSP00000364000	ENSP00000341640	0.000	0.000	0.000	0.633	0.000	0.000	0.900	0.302	0.910
YBX1	HNRNPA2B1	1855704	1853084	ENSP00000361626	ENSP00000346694	0.000	0.000	0.000	0.000	0.105	0.843	0.900	0.391	0.990
HNRNPM	ARHGAP20	1850730	1844774	ENSP00000325376	ENSP00000260283	0.000	0.000	0.000	0.000	0.000	0.000	0.000	0.555	0.555
HCLS1	ACTR3	1850213	1845311	ENSP00000320176	ENSP00000263238	0.000	0.000	0.000	0.000	0.079	0.576	0.000	0.766	0.901
HTR2A	TRIO	1856916	1852198	ENSP00000367959	ENSP00000339299	0.000	0.000	0.000	0.000	0.000	0.000	0.900	0.064	0.902
CCNF	FBXO9	1858453	1843715	ENSP00000380256	ENSP00000244426	0.000	0.000	0.000	0.000	0.000	0.000	0.900	0.000	0.900
HNRNPA2B1	RAF1	1853084	1844086	ENSP00000346694	ENSP00000251849	0.000	0.000	0.000	0.000	0.000	0.000	0.000	0.808	0.808
INO80C	KAT5	1859565	1852315	ENSP00000391457	ENSP00000340330	0.000	0.000	0.000	0.000	0.000	0.000	0.900	0.301	0.927
LPAR1	P2RY1	1853763	1848668	ENSP00000351755	ENSP00000304767	0.000	0.000	0.000	0.000	0.000	0.000	0.900	0.054	0.901
RPS6KA2	FKBP1A	1861695	1857423	ENSP00000427015	ENSP00000371138	0.000	0.000	0.000	0.000	0.000	0.000	0.000	0.500	0.500
WNT4	ESR1	1847209	1842435	ENSP00000290167	ENSP00000206249	0.000	0.000	0.000	0.000	0.000	0.000	0.000	0.470	0.470
LPAR1	LPAR6	1853763	1852804	ENSP00000351755	ENSP00000344353	0.000	0.000	0.000	0.000	0.000	0.000	0.900	0.677	0.966
PDE7A	PRKACB	1859054	1855328	ENSP00000385632	ENSP00000359719	0.000	0.000	0.000	0.000	0.207	0.149	0.000	0.526	0.652
FKBP1A	TGFB1	1857423	1842869	ENSP00000371138	ENSP00000221930	0.000	0.000	0.000	0.000	0.000	0.802	0.900	0.345	0.985
FBXO31	FBXO9	1849355	1843715	ENSP00000310841	ENSP00000244426	0.000	0.000	0.000	0.000	0.000	0.000	0.900	0.000	0.900
EZR	ERBB2	1852156	1846101	ENSP00000338934	ENSP00000269571	0.000	0.000	0.000	0.000	0.000	0.425	0.000	0.745	0.847
KPNA1	NUP93	1852732	1849329	ENSP00000343701	ENSP00000310668	0.000	0.000	0.000	0.000	0.071	0.000	0.000	0.402	0.421
MYO10	CALM1	1861521	1853445	ENSP00000421280	ENSP00000349467	0.000	0.000	0.000	0.000	0.000	0.834	0.000	0.350	0.888
DDX17	ESR1	1858423	1842435	ENSP00000380033	ENSP00000206249	0.000	0.000	0.000	0.000	0.000	0.902	0.900	0.358	0.993
MCF2L	ARHGAP15	1862148	1847533	ENSP00000440374	ENSP00000295095	0.000	0.000	0.000	0.000	0.000	0.000	0.900	0.078	0.903
HLA-DRB1	OAS2	1853944	1852576	ENSP00000353099	ENSP00000342278	0.000	0.000	0.000	0.000	0.000	0.000	0.900	0.000	0.900
CACNA1C	HDAC4	1845866	1845573	ENSP00000266376	ENSP00000264606	0.000	0.000	0.000	0.000	0.000	0.564	0.000	0.177	0.626
ARHGAP15	KALRN	1847533	1843581	ENSP00000295095	ENSP00000240874	0.000	0.000	0.000	0.000	0.000	0.000	0.900	0.054	0.901
NFATC2	NFATC1	1858353	1850967	ENSP00000379330	ENSP00000327850	0.000	0.000	0.000	0.872	0.000	0.000	0.900	0.841	0.910
CDC42	ARHGAP22	1849707	1843969	ENSP00000314458	ENSP00000249601	0.000	0.000	0.000	0.000	0.000	0.000	0.900	0.266	0.923
HNRNPA2B1	PRPF6	1853084	1845854	ENSP00000346694	ENSP00000266079	0.000	0.000	0.000	0.000	0.000	0.189	0.900	0.143	0.924
OAS2	PLEC	1852576	1850586	ENSP00000342278	ENSP00000323856	0.000	0.000	0.000	0.000	0.113	0.605	0.000	0.000	0.634
PDE7A	GNAS	1859054	1855402	ENSP00000385632	ENSP00000360141	0.000	0.000	0.000	0.000	0.000	0.000	0.900	0.118	0.908
PRKACB	CACNA1C	1855328	1845866	ENSP00000359719	ENSP00000266376	0.000	0.000	0.000	0.000	0.000	0.000	0.800	0.116	0.815
DUT	DTYMK	1857313	1848672	ENSP00000370376	ENSP00000304802	0.066	0.000	0.000	0.000	0.432	0.000	0.900	0.662	0.979
OAS2	EXOC4	1852576	1844259	ENSP00000342278	ENSP00000253861	0.000	0.000	0.000	0.000	0.000	0.355	0.000	0.172	0.443
ATP1B1	ABCA2	1854664	1852776	ENSP00000356789	ENSP00000344155	0.000	0.000	0.000	0.000	0.000	0.000	0.720	0.047	0.721
NPY1R	GRM8	1854180	1852779	ENSP00000354652	ENSP00000344173	0.000	0.000	0.000	0.000	0.000	0.000	0.900	0.063	0.902
CDC42	ELMO1	1849707	1849503	ENSP00000314458	ENSP00000312185	0.000	0.000	0.000	0.000	0.000	0.165	0.000	0.367	0.449
HTR2A	LPAR1	1856916	1853763	ENSP00000367959	ENSP00000351755	0.000	0.000	0.000	0.632	0.000	0.000	0.900	0.144	0.903
HNRNPUL1	FUS	1857971	1844273	ENSP00000375863	ENSP00000254108	0.000	0.000	0.000	0.000	0.112	0.000	0.900	0.055	0.908
PPP2R2B	RAF1	1851897	1844086	ENSP00000336591	ENSP00000251849	0.000	0.000	0.000	0.000	0.000	0.573	0.900	0.299	0.967
FKBP1A	RHEB	1857423	1845084	ENSP00000371138	ENSP00000262187	0.000	0.000	0.000	0.000	0.000	0.000	0.000	0.696	0.696
EPHB2	CDC42	1856154	1849707	ENSP00000363763	ENSP00000314458	0.000	0.000	0.000	0.000	0.000	0.113	0.900	0.444	0.946
ABR	ARHGAP20	1848581	1844774	ENSP00000303909	ENSP00000260283	0.000	0.000	0.000	0.611	0.000	0.000	0.900	0.545	0.920
INPP5B	TRIO	1855808	1852198	ENSP00000362115	ENSP00000339299	0.000	0.000	0.000	0.000	0.000	0.000	0.900	0.000	0.900
CNR2	GRM8	1856124	1852779	ENSP00000363596	ENSP00000344173	0.000	0.000	0.000	0.000	0.000	0.000	0.900	0.140	0.910
NFATC2	FKBP1A	1858353	1857423	ENSP00000379330	ENSP00000371138	0.000	0.000	0.000	0.000	0.000	0.000	0.900	0.391	0.936
TIAM2	ARHGAP15	1850911	1847533	ENSP00000327315	ENSP00000295095	0.000	0.000	0.000	0.000	0.000	0.000	0.900	0.000	0.900
CDH4	CDH7	1854013	1850119	ENSP00000353656	ENSP00000319166	0.000	0.000	0.000	0.836	0.000	0.000	0.900	0.703	0.911
CD40	ERBB2	1855654	1846101	ENSP00000361359	ENSP00000269571	0.000	0.000	0.000	0.000	0.000	0.000	0.000	0.459	0.459
DCC	ELMO1	1859404	1849503	ENSP00000389140	ENSP00000312185	0.000	0.000	0.000	0.000	0.000	0.000	0.900	0.042	0.900
RHOT2	CDC42	1850404	1849707	ENSP00000321971	ENSP00000314458	0.000	0.000	0.000	0.707	0.000	0.089	0.900	0.193	0.909
HNRNPM	KALRN	1850730	1843581	ENSP00000325376	ENSP00000240874	0.000	0.000	0.000	0.000	0.000	0.000	0.000	0.450	0.450
PPP2R2B	NFKB1	1851897	1843094	ENSP00000336591	ENSP00000226574	0.000	0.000	0.000	0.000	0.000	0.000	0.800	0.064	0.804
RPS6KA2	NOTCH4	1861695	1856221	ENSP00000427015	ENSP00000364163	0.000	0.000	0.000	0.000	0.000	0.104	0.000	0.423	0.462
CALM1	TRIO	1853445	1852198	ENSP00000349467	ENSP00000339299	0.000	0.000	0.000	0.000	0.000	0.111	0.000	0.389	0.433
GLI3	NFKB1	1858347	1843094	ENSP00000379258	ENSP00000226574	0.000	0.000	0.000	0.000	0.000	0.091	0.000	0.379	0.411
MCF2L	KALRN	1862148	1843581	ENSP00000440374	ENSP00000240874	0.000	0.000	0.000	0.652	0.000	0.000	0.900	0.000	0.900
TAF11	TAF4	1854176	1844180	ENSP00000354633	ENSP00000252996	0.000	0.000	0.000	0.000	0.000	0.999	0.900	0.859	0.999
EPHB2	KALRN	1856154	1843581	ENSP00000363763	ENSP00000240874	0.000	0.000	0.000	0.000	0.000	0.576	0.900	0.384	0.971
ITPA	POLR3E	1857158	1848107	ENSP00000369456	ENSP00000299853	0.000	0.000	0.000	0.000	0.000	0.000	0.900	0.000	0.900
PRKACB	RHEB	1855328	1845084	ENSP00000359719	ENSP00000262187	0.000	0.000	0.000	0.000	0.000	0.149	0.000	0.394	0.462
MYO10	ACTR3	1861521	1845311	ENSP00000421280	ENSP00000263238	0.000	0.000	0.000	0.000	0.000	0.190	0.900	0.207	0.930
INPP5B	TIAM2	1855808	1850911	ENSP00000362115	ENSP00000327315	0.000	0.000	0.000	0.000	0.000	0.000	0.900	0.107	0.906
EZR	ARF6	1852156	1847953	ENSP00000338934	ENSP00000298316	0.000	0.000	0.000	0.000	0.000	0.566	0.000	0.350	0.705
PLD3	DGKI	1853368	1847128	ENSP00000348901	ENSP00000288490	0.000	0.000	0.000	0.000	0.000	0.000	0.900	0.000	0.900
AGPAT4	DGKD	1849676	1845472	ENSP00000314036	ENSP00000264057	0.000	0.000	0.000	0.000	0.000	0.000	0.900	0.106	0.906
PDGFB	ERBB2	1851250	1846101	ENSP00000330382	ENSP00000269571	0.000	0.000	0.000	0.000	0.000	0.000	0.800	0.397	0.874
PRKACB	RAF1	1855328	1844086	ENSP00000359719	ENSP00000251849	0.000	0.000	0.000	0.633	0.000	0.000	0.800	0.672	0.848
MYO9B	PAK2	1858475	1849679	ENSP00000380444	ENSP00000314067	0.000	0.000	0.000	0.000	0.000	0.384	0.000	0.390	0.608
TRIO	ARHGAP20	1852198	1844774	ENSP00000339299	ENSP00000260283	0.000	0.000	0.000	0.000	0.000	0.000	0.900	0.000	0.900
MYO9B	TIAM2	1858475	1850911	ENSP00000380444	ENSP00000327315	0.000	0.000	0.000	0.000	0.000	0.000	0.900	0.089	0.905
PDGFB	ACTR3	1851250	1845311	ENSP00000330382	ENSP00000263238	0.000	0.000	0.000	0.000	0.000	0.000	0.900	0.000	0.900
RAF1	ESR1	1844086	1842435	ENSP00000251849	ENSP00000206249	0.000	0.000	0.000	0.000	0.000	0.109	0.000	0.509	0.543
BANP	NFKB1	1846995	1843094	ENSP00000286122	ENSP00000226574	0.000	0.000	0.000	0.000	0.000	0.576	0.000	0.081	0.593
LPAR6	KALRN	1852804	1843581	ENSP00000344353	ENSP00000240874	0.000	0.000	0.000	0.000	0.000	0.000	0.900	0.000	0.900
RPL34	OAS2	1858216	1852576	ENSP00000378160	ENSP00000342278	0.000	0.000	0.000	0.000	0.184	0.361	0.000	0.000	0.456
NLK	SETDB1	1858963	1846207	ENSP00000384625	ENSP00000271640	0.000	0.000	0.000	0.000	0.000	0.566	0.900	0.268	0.965
HNRNPUL1	YBX1	1857971	1855704	ENSP00000375863	ENSP00000361626	0.000	0.000	0.000	0.000	0.000	0.297	0.900	0.114	0.932
UBE2D3	NEDD4	1853486	1852948	ENSP00000349722	ENSP00000345530	0.000	0.000	0.000	0.000	0.000	0.998	0.000	0.487	0.999
PCNT	PCM1	1853867	1850891	ENSP00000352572	ENSP00000327077	0.000	0.000	0.000	0.000	0.065	0.576	0.900	0.484	0.976
HNRNPA2B1	HNRNPM	1853084	1850730	ENSP00000346694	ENSP00000325376	0.000	0.000	0.000	0.000	0.090	0.000	0.900	0.432	0.943
PCGF6	CBX2	1855118	1849106	ENSP00000358862	ENSP00000308750	0.000	0.000	0.000	0.000	0.000	0.000	0.900	0.470	0.944
KAT5	PPARG	1852315	1847090	ENSP00000340330	ENSP00000287820	0.000	0.000	0.000	0.000	0.000	0.576	0.000	0.179	0.637
GLI3	WNT4	1858347	1847209	ENSP00000379258	ENSP00000290167	0.000	0.000	0.000	0.000	0.000	0.284	0.000	0.764	0.824
POLE4	ITPA	1861462	1857158	ENSP00000420176	ENSP00000369456	0.000	0.000	0.000	0.000	0.000	0.000	0.900	0.000	0.900
PRKACB	NFKB1	1855328	1843094	ENSP00000359719	ENSP00000226574	0.000	0.000	0.000	0.000	0.071	0.082	0.900	0.222	0.924
OBSCN	INPP5B	1862970	1855808	ENSP00000455507	ENSP00000362115	0.000	0.000	0.000	0.000	0.000	0.000	0.900	0.000	0.900
CALM1	RAF1	1853445	1844086	ENSP00000349467	ENSP00000251849	0.000	0.000	0.000	0.000	0.000	0.576	0.000	0.259	0.672
RHOT2	ABR	1850404	1848581	ENSP00000321971	ENSP00000303909	0.000	0.000	0.000	0.000	0.000	0.000	0.900	0.000	0.900
RHOT2	ARHGAP15	1850404	1847533	ENSP00000321971	ENSP00000295095	0.000	0.000	0.000	0.000	0.000	0.000	0.900	0.000	0.900
GNAS	P2RY1	1855402	1848668	ENSP00000360141	ENSP00000304767	0.000	0.000	0.000	0.000	0.000	0.000	0.800	0.000	0.800
TRIO	KALRN	1852198	1843581	ENSP00000339299	ENSP00000240874	0.000	0.000	0.000	0.984	0.000	0.000	0.900	0.495	0.900
NOTCH4	TRIO	1856221	1852198	ENSP00000364163	ENSP00000339299	0.000	0.000	0.000	0.000	0.000	0.190	0.000	0.581	0.646
PDPK1	NFKB1	1852785	1843094	ENSP00000344220	ENSP00000226574	0.000	0.000	0.000	0.000	0.000	0.000	0.900	0.383	0.935
RPL34	SMG6	1858216	1845276	ENSP00000378160	ENSP00000263073	0.000	0.000	0.000	0.000	0.000	0.000	0.900	0.000	0.900
PSMB11	PABPC1	1859133	1849591	ENSP00000386212	ENSP00000313007	0.000	0.000	0.000	0.000	0.000	0.000	0.900	0.000	0.900
MUC4	ERBB2	1861298	1846101	ENSP00000417498	ENSP00000269571	0.000	0.000	0.000	0.000	0.000	0.576	0.000	0.886	0.950
MYO9B	INPP5B	1858475	1855808	ENSP00000380444	ENSP00000362115	0.000	0.000	0.000	0.000	0.000	0.000	0.000	0.420	0.420
ITGA6	COL5A2	1859218	1856195	ENSP00000386896	ENSP00000364000	0.000	0.000	0.000	0.000	0.000	0.000	0.800	0.230	0.839
CDC42	NFKB1	1849707	1843094	ENSP00000314458	ENSP00000226574	0.000	0.000	0.000	0.000	0.000	0.086	0.000	0.484	0.508
HIPK2	SMAD6	1859047	1847140	ENSP00000385571	ENSP00000288840	0.000	0.000	0.000	0.000	0.000	0.000	0.000	0.529	0.530
HNRNPA2B1	RNPS1	1853084	1848328	ENSP00000346694	ENSP00000301730	0.000	0.000	0.000	0.000	0.135	0.103	0.900	0.207	0.930
YBX1	DYNC1H1	1855704	1853378	ENSP00000361626	ENSP00000348965	0.000	0.000	0.000	0.000	0.000	0.427	0.000	0.108	0.467
TEK	NFKB1	1857139	1843094	ENSP00000369375	ENSP00000226574	0.000	0.000	0.000	0.000	0.000	0.110	0.900	0.392	0.941
MCF2L	RHOT2	1862148	1850404	ENSP00000440374	ENSP00000321971	0.000	0.000	0.000	0.000	0.000	0.000	0.900	0.000	0.900
GLI3	ESR1	1858347	1842435	ENSP00000379258	ENSP00000206249	0.000	0.000	0.000	0.000	0.000	0.074	0.000	0.416	0.436
RPL34	EIF3B	1858216	1854079	ENSP00000378160	ENSP00000354125	0.000	0.000	0.000	0.000	0.172	0.000	0.900	0.000	0.913
RASGRF1	CALM1	1860566	1853445	ENSP00000405963	ENSP00000349467	0.000	0.000	0.000	0.000	0.000	0.000	0.800	0.000	0.800
GPR132	KALRN	1851080	1843581	ENSP00000328818	ENSP00000240874	0.000	0.000	0.000	0.000	0.000	0.000	0.900	0.000	0.900
ITGA6	ERBB2	1859218	1846101	ENSP00000386896	ENSP00000269571	0.000	0.000	0.000	0.000	0.000	0.000	0.000	0.859	0.859
ERBB2	WNT3	1846101	1843027	ENSP00000269571	ENSP00000225512	0.000	0.000	0.000	0.000	0.000	0.000	0.000	0.420	0.420
FOXA1	ESR1	1844009	1842435	ENSP00000250448	ENSP00000206249	0.000	0.000	0.000	0.000	0.000	0.000	0.900	0.929	0.992
NFKB1	TGFB1	1843094	1842869	ENSP00000226574	ENSP00000221930	0.000	0.000	0.000	0.000	0.000	0.000	0.000	0.942	0.942
SCD	PPARG	1855232	1847090	ENSP00000359380	ENSP00000287820	0.000	0.000	0.000	0.000	0.000	0.000	0.000	0.931	0.931
DCC	EZR	1859404	1852156	ENSP00000389140	ENSP00000338934	0.000	0.000	0.000	0.000	0.000	0.136	0.900	0.046	0.910
ARHGAP20	KALRN	1844774	1843581	ENSP00000260283	ENSP00000240874	0.000	0.000	0.000	0.000	0.000	0.000	0.900	0.057	0.901
TEK	COL18A1	1857139	1853197	ENSP00000369375	ENSP00000347665	0.000	0.000	0.000	0.000	0.000	0.000	0.000	0.581	0.581
MYO9B	ABR	1858475	1848581	ENSP00000380444	ENSP00000303909	0.000	0.000	0.000	0.619	0.000	0.000	0.900	0.154	0.904
NOTCH4	ERBB2	1856221	1846101	ENSP00000364163	ENSP00000269571	0.000	0.000	0.000	0.000	0.000	0.361	0.000	0.813	0.875
HIPK2	NLK	1859047	1858963	ENSP00000385571	ENSP00000384625	0.000	0.000	0.000	0.628	0.000	0.566	0.900	0.877	0.969
FKBP1A	ITPR3	1857423	1856094	ENSP00000371138	ENSP00000363435	0.000	0.000	0.000	0.000	0.000	0.000	0.000	0.896	0.897
NTPCR	AK4	1854414	1850420	ENSP00000355587	ENSP00000322175	0.000	0.000	0.000	0.000	0.000	0.000	0.900	0.000	0.900
TUBA1A	ESR1	1848244	1842435	ENSP00000301071	ENSP00000206249	0.000	0.000	0.000	0.000	0.000	0.567	0.900	0.062	0.955
HNRNPUL1	PRPF6	1857971	1845854	ENSP00000375863	ENSP00000266079	0.000	0.000	0.000	0.000	0.000	0.000	0.900	0.000	0.900
PRKACB	RYR2	1855328	1854400	ENSP00000359719	ENSP00000355533	0.000	0.000	0.000	0.000	0.000	0.571	0.800	0.100	0.916
EIF3B	PSMD7	1854079	1842741	ENSP00000354125	ENSP00000219313	0.000	0.000	0.000	0.000	0.094	0.316	0.000	0.196	0.458
TRIO	RHOT2	1852198	1850404	ENSP00000339299	ENSP00000321971	0.000	0.000	0.000	0.000	0.000	0.000	0.900	0.000	0.900
NEDD4	SMAD6	1852948	1847140	ENSP00000345530	ENSP00000288840	0.000	0.000	0.000	0.000	0.000	0.599	0.000	0.238	0.681
MLL	TAF4	1862045	1844180	ENSP00000436786	ENSP00000252996	0.000	0.000	0.000	0.000	0.000	0.000	0.900	0.000	0.900
MCF2L	ARHGAP20	1862148	1844774	ENSP00000440374	ENSP00000260283	0.000	0.000	0.000	0.000	0.000	0.000	0.900	0.240	0.920
HRG	TGFB1	1843307	1842869	ENSP00000232003	ENSP00000221930	0.000	0.000	0.000	0.000	0.000	0.000	0.900	0.134	0.909
CCNF	NOTCH4	1858453	1856221	ENSP00000380256	ENSP00000364163	0.000	0.000	0.000	0.000	0.000	0.129	0.000	0.700	0.727
INPP5B	RHOT2	1855808	1850404	ENSP00000362115	ENSP00000321971	0.000	0.000	0.000	0.000	0.000	0.000	0.900	0.089	0.905
TIAM2	ARHGAP22	1850911	1843969	ENSP00000327315	ENSP00000249601	0.000	0.000	0.000	0.000	0.000	0.000	0.900	0.091	0.905
CNR2	NPY2R	1856124	1851488	ENSP00000363596	ENSP00000332591	0.000	0.000	0.000	0.000	0.000	0.000	0.900	0.000	0.900
GPR132	GPR17	1851080	1846273	ENSP00000328818	ENSP00000272644	0.000	0.000	0.000	0.724	0.000	0.000	0.900	0.000	0.900
NOTCH4	TGFB1	1856221	1842869	ENSP00000364163	ENSP00000221930	0.000	0.000	0.000	0.000	0.000	0.000	0.000	0.420	0.420
GNAS	PRKACB	1855402	1855328	ENSP00000360141	ENSP00000359719	0.000	0.000	0.000	0.000	0.000	0.000	0.900	0.201	0.916
CNR2	LPAR1	1856124	1853763	ENSP00000363596	ENSP00000351755	0.000	0.000	0.000	0.685	0.000	0.000	0.900	0.000	0.900
TRIO	ARHGAP22	1852198	1843969	ENSP00000339299	ENSP00000249601	0.000	0.000	0.000	0.000	0.000	0.000	0.900	0.000	0.900
PSMB11	OAS2	1859133	1852576	ENSP00000386212	ENSP00000342278	0.000	0.000	0.000	0.000	0.077	0.300	0.000	0.146	0.400
OR6F1	OR5A2	1848751	1848575	ENSP00000305640	ENSP00000303834	0.000	0.000	0.000	0.918	0.000	0.000	0.900	0.000	0.900
COL18A1	COL9A3	1853197	1852483	ENSP00000347665	ENSP00000341640	0.000	0.000	0.000	0.624	0.000	0.000	0.900	0.177	0.905
ORC1	CCNE1	1855507	1845190	ENSP00000360621	ENSP00000262643	0.000	0.000	0.000	0.000	0.223	0.000	0.900	0.283	0.939
WIPF2	ARHGAP15	1850295	1847533	ENSP00000320924	ENSP00000295095	0.000	0.000	0.000	0.000	0.000	0.445	0.000	0.201	0.537
PLD3	AGPAT4	1853368	1849676	ENSP00000348901	ENSP00000314036	0.000	0.000	0.000	0.000	0.000	0.000	0.900	0.000	0.900
YBX1	TGFB1	1855704	1842869	ENSP00000361626	ENSP00000221930	0.000	0.000	0.000	0.000	0.000	0.000	0.000	0.836	0.836
NUP93	RNPS1	1849329	1848328	ENSP00000310668	ENSP00000301730	0.000	0.000	0.000	0.000	0.000	0.000	0.900	0.000	0.900
ITPR3	PRKACB	1856094	1855328	ENSP00000363435	ENSP00000359719	0.000	0.000	0.000	0.000	0.000	0.000	0.800	0.243	0.842
MYO9B	RHOT2	1858475	1850404	ENSP00000380444	ENSP00000321971	0.000	0.000	0.000	0.000	0.000	0.000	0.900	0.000	0.900
RASGRF1	GNAS	1860566	1855402	ENSP00000405963	ENSP00000360141	0.000	0.000	0.000	0.000	0.000	0.000	0.000	0.434	0.435
CNR2	NPY1R	1856124	1854180	ENSP00000363596	ENSP00000354652	0.000	0.000	0.000	0.000	0.000	0.000	0.900	0.000	0.900
RPL34	RNPS1	1858216	1848328	ENSP00000378160	ENSP00000301730	0.000	0.000	0.000	0.000	0.000	0.000	0.900	0.000	0.900
PRKACB	PDE4A	1855328	1846154	ENSP00000359719	ENSP00000270474	0.000	0.000	0.000	0.000	0.207	0.151	0.900	0.526	0.963
PCNT	DYNC1H1	1853867	1853378	ENSP00000352572	ENSP00000348965	0.000	0.000	0.000	0.000	0.000	0.000	0.900	0.041	0.900
NFATC1	TUBA1A	1850967	1848244	ENSP00000327850	ENSP00000301071	0.000	0.000	0.000	0.000	0.000	0.566	0.000	0.000	0.566
GNAS	PDE4A	1855402	1846154	ENSP00000360141	ENSP00000270474	0.000	0.000	0.000	0.000	0.000	0.000	0.900	0.231	0.919
KPNA1	CSE1L	1852732	1845260	ENSP00000343701	ENSP00000262982	0.000	0.000	0.000	0.000	0.112	0.839	0.000	0.846	0.976
PSMB11	PAK2	1859133	1849679	ENSP00000386212	ENSP00000314067	0.000	0.000	0.000	0.000	0.000	0.000	0.900	0.000	0.900
GLI3	YBX1	1858347	1855704	ENSP00000379258	ENSP00000361626	0.000	0.000	0.000	0.000	0.000	0.000	0.000	0.459	0.459
ERBB2	HRG	1846101	1843307	ENSP00000269571	ENSP00000232003	0.000	0.000	0.000	0.000	0.000	0.566	0.000	0.094	0.590
PCM1	TUBA1A	1850891	1848244	ENSP00000327077	ENSP00000301071	0.000	0.000	0.000	0.000	0.000	0.000	0.900	0.116	0.907
PABPC1	PSMD7	1849591	1842741	ENSP00000313007	ENSP00000219313	0.000	0.000	0.000	0.000	0.000	0.000	0.900	0.063	0.902
LPAR1	KALRN	1853763	1843581	ENSP00000351755	ENSP00000240874	0.000	0.000	0.000	0.000	0.000	0.000	0.900	0.000	0.900
HTR2A	GPR17	1856916	1846273	ENSP00000367959	ENSP00000272644	0.000	0.000	0.000	0.638	0.000	0.000	0.900	0.000	0.900
OR10H2	OR5A2	1848805	1848575	ENSP00000306095	ENSP00000303834	0.000	0.000	0.000	0.900	0.000	0.000	0.900	0.000	0.900
PLD3	PPAP2C	1853368	1851176	ENSP00000348901	ENSP00000329697	0.000	0.000	0.000	0.000	0.000	0.000	0.900	0.000	0.900
MCF2L	ABR	1862148	1848581	ENSP00000440374	ENSP00000303909	0.000	0.000	0.000	0.000	0.000	0.000	0.900	0.116	0.907
CDH4	CDH6	1854013	1845681	ENSP00000353656	ENSP00000265071	0.000	0.000	0.000	0.843	0.000	0.000	0.900	0.593	0.909
YBX1	PABPC1	1855704	1849591	ENSP00000361626	ENSP00000313007	0.000	0.000	0.000	0.000	0.099	0.340	0.000	0.511	0.684
WNT4	TGFB1	1847209	1842869	ENSP00000290167	ENSP00000221930	0.000	0.000	0.000	0.000	0.000	0.158	0.000	0.402	0.475
COL18A1	ESR1	1853197	1842435	ENSP00000347665	ENSP00000206249	0.000	0.000	0.000	0.000	0.000	0.000	0.900	0.308	0.927
OR5P2	OR10H2	1851396	1848805	ENSP00000331823	ENSP00000306095	0.000	0.000	0.000	0.865	0.000	0.000	0.900	0.000	0.900
DYNC1H1	DYNC1I1	1853378	1850210	ENSP00000348965	ENSP00000320130	0.000	0.000	0.000	0.000	0.094	0.575	0.900	0.789	0.990
NPY1R	GPR17	1854180	1846273	ENSP00000354652	ENSP00000272644	0.000	0.000	0.000	0.643	0.000	0.000	0.900	0.000	0.900
PLD3	CHPT1	1853368	1843189	ENSP00000348901	ENSP00000229266	0.000	0.000	0.000	0.000	0.000	0.000	0.900	0.113	0.907
HNRNPA2B1	FUS	1853084	1844273	ENSP00000346694	ENSP00000254108	0.000	0.000	0.000	0.000	0.077	0.000	0.900	0.396	0.939
WNT4	ERBB2	1847209	1846101	ENSP00000290167	ENSP00000269571	0.000	0.000	0.000	0.000	0.000	0.000	0.000	0.427	0.427
HCLS1	PAK2	1850213	1849679	ENSP00000320176	ENSP00000314067	0.000	0.000	0.000	0.000	0.000	0.000	0.000	0.654	0.654
PDE4A	RHEB	1846154	1845084	ENSP00000270474	ENSP00000262187	0.000	0.000	0.000	0.000	0.000	0.194	0.000	0.371	0.471
HDAC4	ESR1	1845573	1842435	ENSP00000264606	ENSP00000206249	0.000	0.000	0.000	0.000	0.000	0.812	0.900	0.281	0.985
OBSCN	ARHGAP20	1862970	1844774	ENSP00000455507	ENSP00000260283	0.000	0.000	0.000	0.000	0.000	0.000	0.900	0.041	0.900
RYR2	PDE4A	1854400	1846154	ENSP00000355533	ENSP00000270474	0.000	0.000	0.000	0.000	0.000	0.000	0.000	0.415	0.414
PRPF6	RAF1	1845854	1844086	ENSP00000266079	ENSP00000251849	0.000	0.000	0.000	0.000	0.000	0.570	0.000	0.113	0.602
COL5A2	COL18A1	1856195	1853197	ENSP00000364000	ENSP00000347665	0.000	0.000	0.000	0.609	0.000	0.000	0.900	0.400	0.914
PDPK1	RHOT2	1852785	1850404	ENSP00000344220	ENSP00000321971	0.000	0.000	0.000	0.000	0.000	0.000	0.000	0.555	0.555
NOTCH4	CD40	1856221	1855654	ENSP00000364163	ENSP00000361359	0.000	0.000	0.000	0.000	0.000	0.000	0.000	0.473	0.473
PRKACB	ACTR3	1855328	1845311	ENSP00000359719	ENSP00000263238	0.000	0.000	0.000	0.000	0.094	0.502	0.000	0.081	0.549
AGPAT4	DGKI	1849676	1847128	ENSP00000314036	ENSP00000288490	0.000	0.000	0.000	0.000	0.000	0.000	0.900	0.274	0.924
LPAR1	NPY2R	1853763	1851488	ENSP00000351755	ENSP00000332591	0.000	0.000	0.000	0.000	0.000	0.000	0.900	0.000	0.900
EZR	TUBA1A	1852156	1848244	ENSP00000338934	ENSP00000301071	0.000	0.000	0.000	0.000	0.000	0.000	0.000	0.603	0.604
POLE4	NHEJ1	1861462	1853423	ENSP00000420176	ENSP00000349313	0.000	0.000	0.000	0.000	0.000	0.000	0.900	0.000	0.900
TIAM2	CDC42	1850911	1849707	ENSP00000327315	ENSP00000314458	0.000	0.000	0.000	0.000	0.000	0.000	0.900	0.737	0.972
TOLLIP	PELI2	1849729	1845946	ENSP00000314733	ENSP00000267460	0.000	0.000	0.000	0.000	0.000	0.000	0.900	0.081	0.904
PPARG	TGFB1	1847090	1842869	ENSP00000287820	ENSP00000221930	0.000	0.000	0.000	0.000	0.000	0.000	0.900	0.923	0.991
DCC	CDC42	1859404	1849707	ENSP00000389140	ENSP00000314458	0.000	0.000	0.000	0.000	0.000	0.000	0.900	0.218	0.918
KAT5	FUS	1852315	1844273	ENSP00000340330	ENSP00000254108	0.000	0.000	0.000	0.000	0.000	0.567	0.000	0.043	0.567
EZR	ELMO1	1852156	1849503	ENSP00000338934	ENSP00000312185	0.000	0.000	0.000	0.000	0.000	0.000	0.000	0.820	0.820
MCL1	RAF1	1854935	1844086	ENSP00000358022	ENSP00000251849	0.000	0.000	0.000	0.000	0.000	0.000	0.000	0.490	0.490
GRM8	GPR17	1852779	1846273	ENSP00000344173	ENSP00000272644	0.000	0.000	0.000	0.000	0.000	0.000	0.900	0.071	0.903
RPL34	PLEC	1858216	1850586	ENSP00000378160	ENSP00000323856	0.000	0.000	0.000	0.000	0.736	0.000	0.000	0.091	0.749
ARHGAP22	KALRN	1843969	1843581	ENSP00000249601	ENSP00000240874	0.000	0.000	0.000	0.000	0.000	0.000	0.900	0.074	0.903
CACNA1C	DERL1	1845866	1844703	ENSP00000266376	ENSP00000259512	0.000	0.000	0.000	0.000	0.000	0.566	0.000	0.118	0.601
NOTCH4	KALRN	1856221	1843581	ENSP00000364163	ENSP00000240874	0.000	0.000	0.000	0.000	0.000	0.108	0.000	0.509	0.544
GNAS	LPAR1	1855402	1853763	ENSP00000360141	ENSP00000351755	0.000	0.000	0.000	0.000	0.000	0.000	0.800	0.000	0.800
NDE1	PDS5A	1852988	1848529	ENSP00000345892	ENSP00000303427	0.000	0.000	0.000	0.000	0.000	0.000	0.900	0.000	0.900
FKBP1A	NFATC1	1857423	1850967	ENSP00000371138	ENSP00000327850	0.000	0.000	0.000	0.000	0.000	0.000	0.900	0.354	0.932
RYR2	CALM1	1854400	1853445	ENSP00000355533	ENSP00000349467	0.000	0.000	0.000	0.000	0.000	0.576	0.800	0.213	0.927
HTR2A	GPR132	1856916	1851080	ENSP00000367959	ENSP00000328818	0.000	0.000	0.000	0.624	0.000	0.000	0.900	0.000	0.900
PDPK1	PPP2R2B	1852785	1851897	ENSP00000344220	ENSP00000336591	0.000	0.000	0.000	0.000	0.000	0.576	0.000	0.193	0.643
PCM1	SETDB1	1850891	1846207	ENSP00000327077	ENSP00000271640	0.000	0.000	0.000	0.000	0.000	0.573	0.000	0.000	0.573
ITPR3	INPP5B	1856094	1855808	ENSP00000363435	ENSP00000362115	0.000	0.000	0.000	0.000	0.000	0.000	0.000	0.622	0.622
DDX17	HNRNPA2B1	1858423	1853084	ENSP00000380033	ENSP00000346694	0.000	0.000	0.000	0.000	0.112	0.253	0.000	0.328	0.515
ERBB2	NFKB1	1846101	1843094	ENSP00000269571	ENSP00000226574	0.000	0.000	0.000	0.000	0.000	0.099	0.000	0.560	0.587
PRPF6	FUS	1845854	1844273	ENSP00000266079	ENSP00000254108	0.000	0.000	0.000	0.000	0.000	0.000	0.900	0.160	0.912
COL18A1	TGFB1	1853197	1842869	ENSP00000347665	ENSP00000221930	0.000	0.000	0.000	0.000	0.000	0.000	0.000	0.415	0.414
RPS6KA2	RHEB	1861695	1845084	ENSP00000427015	ENSP00000262187	0.000	0.000	0.000	0.000	0.000	0.157	0.000	0.791	0.817
HDAC4	NFKB1	1845573	1843094	ENSP00000264606	ENSP00000226574	0.000	0.000	0.000	0.000	0.000	0.597	0.000	0.353	0.728
CDC42	ESR1	1849707	1842435	ENSP00000314458	ENSP00000206249	0.000	0.000	0.000	0.000	0.000	0.086	0.000	0.407	0.434
DCC	KALRN	1859404	1843581	ENSP00000389140	ENSP00000240874	0.000	0.000	0.000	0.000	0.000	0.323	0.000	0.591	0.711
MYO10	DCC	1861521	1859404	ENSP00000421280	ENSP00000389140	0.000	0.000	0.000	0.000	0.000	0.954	0.900	0.100	0.995
TUBA1A	ACTR3	1848244	1845311	ENSP00000301071	ENSP00000263238	0.000	0.000	0.000	0.000	0.000	0.149	0.000	0.379	0.449
CALM1	CACNA1C	1853445	1845866	ENSP00000349467	ENSP00000266376	0.000	0.000	0.000	0.000	0.000	0.823	0.800	0.281	0.972
KCNAB1	KCNQ2	1861449	1853793	ENSP00000419952	ENSP00000352035	0.000	0.000	0.000	0.000	0.000	0.000	0.900	0.427	0.940
HNRNPM	FUS	1850730	1844273	ENSP00000325376	ENSP00000254108	0.000	0.000	0.000	0.000	0.096	0.000	0.900	0.255	0.926
GLI3	NOTCH4	1858347	1856221	ENSP00000379258	ENSP00000364163	0.000	0.000	0.000	0.000	0.000	0.091	0.000	0.391	0.423
FKBP1A	RYR2	1857423	1854400	ENSP00000371138	ENSP00000355533	0.000	0.000	0.000	0.000	0.000	0.000	0.000	0.865	0.865
NOTCH4	DLL4	1856221	1843973	ENSP00000364163	ENSP00000249749	0.000	0.000	0.000	0.686	0.000	0.624	0.900	0.882	0.971
LPAR1	GPR132	1853763	1851080	ENSP00000351755	ENSP00000328818	0.000	0.000	0.000	0.000	0.000	0.000	0.900	0.097	0.905
LPAR1	GRM8	1853763	1852779	ENSP00000351755	ENSP00000344173	0.000	0.000	0.000	0.000	0.000	0.000	0.900	0.091	0.905
HNRNPUL1	HNRNPA2B1	1857971	1853084	ENSP00000375863	ENSP00000346694	0.000	0.000	0.000	0.000	0.078	0.000	0.900	0.132	0.913
PDPK1	RHEB	1852785	1845084	ENSP00000344220	ENSP00000262187	0.000	0.000	0.000	0.000	0.000	0.000	0.000	0.553	0.553
EIF3B	PABPC1	1854079	1849591	ENSP00000354125	ENSP00000313007	0.000	0.000	0.000	0.000	0.287	0.224	0.900	0.697	0.981
INPP5B	ABR	1855808	1848581	ENSP00000362115	ENSP00000303909	0.000	0.000	0.000	0.000	0.000	0.000	0.900	0.072	0.903
DDX17	PABPC1	1858423	1849591	ENSP00000380033	ENSP00000313007	0.000	0.000	0.000	0.000	0.162	0.086	0.000	0.339	0.449
SVIP	DERL1	1853018	1844703	ENSP00000346130	ENSP00000259512	0.000	0.000	0.000	0.000	0.000	0.857	0.000	0.863	0.979
TIAM2	ABR	1850911	1848581	ENSP00000327315	ENSP00000303909	0.000	0.000	0.000	0.000	0.000	0.000	0.900	0.093	0.905
NFATC2	TUBA1A	1858353	1848244	ENSP00000379330	ENSP00000301071	0.000	0.000	0.000	0.000	0.000	0.566	0.000	0.000	0.566
PIWIL2	MOV10L1	1853409	1845215	ENSP00000349208	ENSP00000262794	0.000	0.000	0.000	0.000	0.000	0.343	0.000	0.884	0.920
PRKACB	PRKAG2	1855328	1847092	ENSP00000359719	ENSP00000287878	0.000	0.000	0.000	0.000	0.097	0.164	0.720	0.146	0.795
RYR2	CACNA1C	1854400	1845866	ENSP00000355533	ENSP00000266376	0.000	0.000	0.000	0.000	0.093	0.576	0.000	0.977	0.990
YBX1	ERBB2	1855704	1846101	ENSP00000361626	ENSP00000269571	0.000	0.000	0.000	0.000	0.000	0.000	0.000	0.456	0.456
PABPC1	SMG6	1849591	1845276	ENSP00000313007	ENSP00000263073	0.000	0.000	0.000	0.000	0.000	0.000	0.900	0.187	0.915
CALM1	ESR1	1853445	1842435	ENSP00000349467	ENSP00000206249	0.000	0.000	0.000	0.000	0.000	0.567	0.000	0.200	0.638
PRPF6	PNPLA8	1845854	1844528	ENSP00000266079	ENSP00000257694	0.000	0.000	0.000	0.000	0.000	0.000	0.000	0.571	0.571
UBE2D3	NFKB1	1853486	1843094	ENSP00000349722	ENSP00000226574	0.000	0.000	0.000	0.000	0.000	0.600	0.000	0.258	0.691
GNAS	ESR1	1855402	1842435	ENSP00000360141	ENSP00000206249	0.000	0.000	0.000	0.000	0.000	0.000	0.900	0.304	0.927
MCF2L	ARHGAP22	1862148	1843969	ENSP00000440374	ENSP00000249601	0.000	0.000	0.000	0.000	0.000	0.000	0.900	0.199	0.916
KAT5	NFKB1	1852315	1843094	ENSP00000340330	ENSP00000226574	0.000	0.000	0.000	0.000	0.000	0.573	0.000	0.344	0.707
RPS6KA2	TUBA1A	1861695	1848244	ENSP00000427015	ENSP00000301071	0.000	0.000	0.000	0.000	0.000	0.000	0.000	0.503	0.503
ATP1B1	ATP1A3	1854664	1848401	ENSP00000356789	ENSP00000302397	0.000	0.000	0.000	0.000	0.071	0.665	0.900	0.645	0.987
UBE2D3	PEX12	1853486	1843058	ENSP00000349722	ENSP00000225873	0.000	0.000	0.000	0.000	0.000	0.329	0.000	0.229	0.460
PPARG	ESR1	1847090	1842435	ENSP00000287820	ENSP00000206249	0.000	0.000	0.000	0.651	0.000	0.915	0.900	0.639	0.993
ITPR3	CALM1	1856094	1853445	ENSP00000363435	ENSP00000349467	0.000	0.000	0.000	0.000	0.000	0.000	0.900	0.224	0.919
GLI3	PRKACB	1858347	1855328	ENSP00000379258	ENSP00000359719	0.000	0.000	0.000	0.000	0.113	0.213	0.800	0.686	0.950
MCL1	NFKB1	1854935	1843094	ENSP00000358022	ENSP00000226574	0.000	0.000	0.000	0.000	0.000	0.000	0.000	0.593	0.593
WNT4	WNT3	1847209	1843027	ENSP00000290167	ENSP00000225512	0.000	0.000	0.000	0.946	0.000	0.000	0.900	0.756	0.904
PLD3	LPCAT1	1853368	1846853	ENSP00000348901	ENSP00000283415	0.000	0.000	0.000	0.000	0.000	0.000	0.900	0.085	0.904
LPCAT1	PNPLA8	1846853	1844528	ENSP00000283415	ENSP00000257694	0.000	0.000	0.000	0.000	0.000	0.000	0.900	0.134	0.909
CUX1	DYNC1I1	1853975	1850210	ENSP00000353401	ENSP00000320130	0.000	0.000	0.000	0.000	0.000	0.000	0.000	0.606	0.606
PPARG	FOXA1	1847090	1844009	ENSP00000287820	ENSP00000250448	0.000	0.000	0.000	0.000	0.000	0.000	0.000	0.854	0.854
LPAR6	TRIO	1852804	1852198	ENSP00000344353	ENSP00000339299	0.000	0.000	0.000	0.000	0.000	0.000	0.900	0.000	0.900
ERBB2	CCNE1	1846101	1845190	ENSP00000269571	ENSP00000262643	0.000	0.000	0.000	0.000	0.000	0.000	0.000	0.460	0.461
NPY2R	GPR17	1851488	1846273	ENSP00000332591	ENSP00000272644	0.000	0.000	0.000	0.636	0.000	0.000	0.900	0.000	0.900
NFATC1	NFKB1	1850967	1843094	ENSP00000327850	ENSP00000226574	0.000	0.000	0.000	0.000	0.000	0.000	0.000	0.471	0.471
OBSCN	ARHGAP15	1862970	1847533	ENSP00000455507	ENSP00000295095	0.000	0.000	0.000	0.000	0.000	0.000	0.900	0.000	0.900
PAK2	PSMD7	1849679	1842741	ENSP00000314067	ENSP00000219313	0.000	0.000	0.000	0.000	0.000	0.000	0.900	0.000	0.900
LPAR1	TRIO	1853763	1852198	ENSP00000351755	ENSP00000339299	0.000	0.000	0.000	0.000	0.000	0.000	0.900	0.064	0.902
