	MFO.0	MFC.1	SD0.0	SD1.1	logOR.ADCY2	Pval.ADCY2	CI_upper.ADCY2	CI_lower.ADCY2	Sen	Spec	AUC
ADCY2	0.0952940019858153	0.272849200686413	0.086729304162195	0.180028181640339	4.56236333704904	4.38158395677574e-10	6.12200153590613	3.24378745946418	0.875	0.844660194174757	0.853808812546677
AHRR	0.0489478265844996	0.0935766183834546	0.0160086992241317	0.0894197597773642	13.7903687751869	1.44357129450164e-06	19.920630701171	8.67621571900801	0.557692307692308	0.902912621359223	0.705657206870799
ARRB2	0.167023495415876	0.294379876087419	0.0823374613269819	0.127551812162156	4.88141935210798	1.91871599230704e-10	6.48982691074869	3.4722468918214	0.769230769230769	0.815533980582524	0.81235997012696
BCAN	0.282368166834085	0.649217587293355	0.0732070602532807	0.16949504424674	7.26791731729577	3.00581157443882e-12	9.60239615927174	5.47449709864284	0.826923076923077	0.980582524271845	0.968353248693055
DLX5	0.163781835069507	0.35068425048332	0.0333541711059079	0.147013360520708	15.1987373255225	3.6803585906415e-10	20.4308217142267	10.8934093276237	0.826923076923077	0.932038834951456	0.934372666168783
DMRTA2	0.159020510923353	0.464569502172144	0.0540927317255734	0.20298793064552	9.64896935017985	1.6412944190912e-11	12.7538758837964	7.10864588380454	0.865384615384615	0.951456310679612	0.950149365197909
FGF8	0.305584436858079	0.479894741961068	0.0425860859483467	0.155801026461236	7.81396587915131	3.60447235440197e-10	10.5297022454473	5.62052263752423	0.769230769230769	0.912621359223301	0.846433905899925
GSC	0.1367990835761	0.283240938156559	0.0453593982467512	0.191807906685957	5.79812580555676	2.88133733433194e-07	8.28060545937667	3.82573238669934	0.634615384615385	0.951456310679612	0.733289768483943
HIST1H3G	0.099558650693964	0.326646397292787	0.0532470136008877	0.23794416620813	4.47055068188931	1.9469159391043e-09	6.0792787133187	3.14870682892088	0.650485436893204	0.96039603960396	0.777756416418341
HOXA1	0.174753938646663	0.442462124975362	0.0678178774951535	0.186313553859222	6.792725445407	3.57842816673313e-12	8.93650390523234	5.07350442173814	0.826923076923077	0.912621359223301	0.916448842419716
HOXA9	0.145881723618993	0.49099691804978	0.0402063008041801	0.220297286583266	9.78202120965589	2.67518566285076e-08	13.6776555653962	6.78045762395982	0.913461538461538	0.922330097087379	0.934839432412248
HOXD12	0.129126692659778	0.367233307178848	0.041137782125879	0.177528259423798	11.2739043814548	1.07578670177195e-11	14.8648614717712	8.32577989576041	0.894230769230769	0.941747572815534	0.925597460791636
HOXD4	0.251806634384053	0.56436819794094	0.105255762006349	0.222756850074368	4.1709952762749	2.05127591643158e-13	5.38872439242836	3.14993650035313	0.759615384615385	0.912621359223301	0.884802091112771
IFFO1	0.0970415354034808	0.359085205066111	0.0996891387580474	0.228175414366344	3.72903887113144	4.8245883000095e-12	4.88050996251801	2.75318263346911	0.721153846153846	0.883495145631068	0.801064227035101
LHX1	0.174036435149313	0.4786449417718	0.0543927304424048	0.202653657885598	7.51726109833489	1.5753293544092e-11	9.96516950552432	5.56485603643755	0.846153846153846	0.961165048543689	0.919062733383122
LHX8	0.105975878962297	0.303683412355868	0.0319783619713558	0.163199695716808	10.9871654019447	2.11231701371659e-10	14.7433118863122	7.93284847083354	0.817307692307692	0.941747572815534	0.881814787154593
LINC00461	0.114456447048251	0.304243741263116	0.0554681708154776	0.186271587401555	8.57925978431526	1.8304871658435e-09	11.6656412632266	6.056433320414	0.807692307692308	0.922330097087379	0.885548917102315
LINE.1	0.602699000984681	0.555296608193673	0.0261211360826362	0.0915605053921947	-6.96041775950398	4.2434445915869e-05	-3.95623527653225	-10.6179188199992	0.432692307692308	0.922330097087379	0.63629574309186
MIR129.2	0.0937065470793137	0.349454619193282	0.0469045936500577	0.192971380998527	8.55854307575831	6.36073111872255e-11	11.4520626773243	6.27142044459202	0.894230769230769	0.922330097087379	0.904779686333084
MNX1	0.0969422688898549	0.287936068106799	0.152101218507943	0.208230703313557	2.61319434782082	3.83718191684394e-09	3.5414786767621	1.79523376778538	0.772277227722772	0.83495145631068	0.807074882245506
NR2E1	0.152859037579746	0.294103207851312	0.0852741060320368	0.157708569747829	4.58769023707416	1.60712405405857e-09	6.18813169301775	3.19972963444789	0.701923076923077	0.883495145631068	0.795649738610904
OTX1	0.335037873763741	0.649775568915822	0.0642039341150568	0.170236272882019	6.92170295759195	3.85625579646523e-13	9.00834004499783	5.2486265217856	0.884615384615385	0.932038834951456	0.929611650485437
PEG3	0.604410971430802	0.63463011891049	0.0621474161004681	0.0848029431780868	2.44312491224891	0.0051364123620784	4.2231734922719	0.785080790133392	0.384615384615385	0.883495145631068	0.634895444361464
PITX2	0.132736024491677	0.363350170261264	0.0420637272087595	0.183394624372658	9.28830022792349	1.41727528545802e-09	12.6795851745188	6.63173854646619	0.826923076923077	0.922330097087379	0.899551904406273
POU4F3	0.130636867425747	0.366728433013432	0.0393885955071565	0.175648339323041	9.78256571195877	7.46074622242458e-10	13.3120399444057	7.04667608256997	0.846153846153846	0.932038834951456	0.914581777445855
RBMY1F	0.816386067977801	0.823422907052811	0.0189663909920124	0.031815385186355	4.59319390051373	0.0591359909625133	9.56055556710354	-0.0404326965533859	0.528846153846154	0.728155339805825	0.615104555638536
SATB2.AS1	0.12622565646316	0.382837742798885	0.0421150296442363	0.178450356877858	11.9825240175413	8.50721345948971e-12	15.7863724799479	8.87970591445927	0.893203883495146	0.883495145631068	0.864077669902913
SHOX2	0.184558795079455	0.470439060490401	0.0447999622924435	0.176812566145996	10.465354902535	1.76214761864276e-11	13.8906380425727	7.74559659380075	0.894230769230769	0.941747572815534	0.950896191187453
SIM1	0.213002521243059	0.431256643360978	0.0508555074961415	0.166334466052166	8.90189492148238	1.82299769430737e-11	11.7708111200374	6.55354987174262	0.75	0.980582524271845	0.900205377147125
SLC2A14	0.110898686112433	0.290707892423546	0.0435806781461421	0.15198723609595	10.3723143760922	3.47671778689889e-10	13.9783357230249	7.47219550866415	0.807692307692308	0.912621359223301	0.899178491411501
SPEG	0.0953527009172504	0.257046617854472	0.0260060726537518	0.175398341173939	10.9778079827552	2.0317784257087e-08	15.2076751999637	7.52980739645226	0.769230769230769	0.922330097087379	0.831777445855116
TFAP2E	0.120200233126731	0.388257697008789	0.0854837772630617	0.186821644243776	5.64672147284997	7.75454039876642e-13	7.34261269283601	4.2398834742681	0.903846153846154	0.844660194174757	0.904312920089619
TRH	0.067768217755076	0.244070841345252	0.0322672131963102	0.155152509749873	14.418432872173	3.36199294709315e-10	19.4425641404825	10.3895881250859	0.846153846153846	0.941747572815534	0.918035847647498
TRIM58	0.101877159774002	0.42123443581935	0.043437341137511	0.212176076573143	8.10105199328937	8.94923734730323e-11	10.8613479091771	5.93005506699164	0.875	0.932038834951456	0.909073935772965
UMOD	0.201867464875396	0.406224776376623	0.0624370286808119	0.185757323415949	6.05586223991749	2.30718612115092e-11	7.99005576907243	4.4264297624854	0.788461538461538	0.922330097087379	0.847647498132935
ZNF518B	0.10537510970629	0.246361796515412	0.0444864627243941	0.191265361082001	4.31405326932926	1.46036465291971e-07	6.09661461530041	2.86151528243647	0.586538461538462	0.941747572815534	0.680731889469753
cg01185433	0.0824658894706564	0.244446196740432	0.0427681437224896	0.194436848340873	4.93826783929621	3.66269675868219e-08	6.88751246333633	3.35461013379014	0.5625	0.96039603960396	0.726588283828383
cg01541645	0.180334282314896	0.410014635496588	0.035455511117008	0.168129667165255	12.1160224887412	9.61897981370474e-10	16.4518932474257	8.65849554476435	0.826923076923077	0.932038834951456	0.91962285287528
cg02164574	0.0912906574732269	0.246207952319411	0.0386250490096271	0.17697711518632	7.97215243777799	4.28153571939253e-09	10.8764153370776	5.54574016171474	0.730769230769231	0.87378640776699	0.811053024645258
cg06422883	0.12025839299416	0.341610709695761	0.0543159693267959	0.185817431225209	7.95416947110377	9.1113226260378e-12	10.4583793312224	5.86438368602699	0.855769230769231	0.902912621359223	0.881534727408514
cg06962177	0.163765315984912	0.435855609274059	0.0398347711019859	0.194916720341914	10.0928591338664	5.04183962610768e-10	13.6656734120884	7.27492272185243	0.817307692307692	0.970873786407767	0.913088125466766
cg07152216	0.135856885615924	0.363972801044685	0.0397953409517291	0.177445220837688	8.64099256281229	1.20090602851324e-10	11.5835295839448	6.2935049192577	0.855769230769231	0.922330097087379	0.881908140403286
cg07870999	0.10836425813845	0.271163508431268	0.0239455184597633	0.142805745485084	15.5328118199112	6.92115747787229e-10	21.041514252824	11.1199991691648	0.865384615384615	0.922330097087379	0.898805078416729
cg08855395	0.212899732357895	0.478095269598207	0.0572164360709377	0.21631995995453	5.67645004585015	1.15234343737889e-10	7.59657795609798	4.12729163900447	0.769230769230769	0.941747572815534	0.857356235997013
cg09765089	0.131072523666003	0.405567078572958	0.0346552840725286	0.18540168999619	12.1733858885781	1.6380672634065e-09	16.6363151413565	8.68058355548933	0.875	0.961165048543689	0.933812546676624
cg11502555	0.154444668018523	0.384339740653771	0.0360947938260991	0.166521384238567	12.0413802884068	5.40893734744475e-10	16.3435050564553	8.68656956557676	0.894230769230769	0.932038834951456	0.928024645257655
cg12071888	0.113635708382665	0.297557040603205	0.0239117678290271	0.168644049724538	11.3489892344637	1.07938810644002e-08	15.7451552613311	7.92281158180119	0.788461538461538	0.951456310679612	0.849514563106796
